1.2.840.113619.2.370.4.279707905.1594688210.782936.png,0.9521177,0.00021213,0.24193382,0.99220663,4.69e-05,0.00046839,0.00707129,0.00012958,0.09103362,0.00035712,0.00027652,4.729e-05,2.242e-05,0.00060108,0.00030744,0.6601327,0.0001555,7.94e-06,2.612e-05
1.2.840.113619.2.203.4.279707905.1576005990.956479.1.png,0.0043025,0.01502174,0.9753323,1.9e-07,0.0143371,0.94967014,0.00078248,2.192e-05,5.02e-06,0.5406009,0.00234628,0.18320268,0.87133527,0.01663344,0.00011664,7e-08,2.939e-05,9e-07,0.00019018
1.2.840.113619.2.370.4.279707905.1576542707.850103.png,0.002825,0.59437406,0.00185334,2.232e-05,0.00067905,2.945e-05,0.0196037,1e-08,9.86e-06,0.05105804,0.7564058,0.00254816,0.00010295,0.25276816,0.00300573,6.192e-05,5.16e-06,6.24e-06,1.261e-05
1.2.840.113619.2.370.4.279707905.1602292519.41478.png,0.04201004,0.00321839,0.04153388,0.70661974,0.00165884,0.02870893,0.04706019,0.44680673,0.47081876,0.17292388,4.772e-05,3.773e-05,1.285e-05,0.00018677,0.00775481,0.00227641,0.00027061,5.51e-06,0.00037359
1.2.840.113619.2.370.4.279707905.1591148130.549643.png,0.00144636,0.07089352,4.4e-06,1.195e-05,0.00075162,8.6e-07,0.00053632,0.00033595,0.00012464,0.26071808,0.00014666,1.2e-07,3.69e-05,0.99817145,0.00405707,2.1e-07,4.1e-07,0.00304174,5.822e-05
1.2.840.113619.2.370.4.279707905.1605401633.465382.png,0.40649283,0.2845881,0.0051243,0.30614755,6.51e-06,0.00020874,0.04313472,0.67737395,0.38877928,0.00935254,9.039e-05,3.423e-05,7e-07,2.464e-05,0.02522254,0.00210975,0.00285878,1.373e-05,0.00017091
1.2.840.113619.2.370.4.279707905.1591752598.916516.png,0.2931701,0.21719529,0.00337271,0.2570914,0.00035679,0.00066222,0.00251174,2.7e-07,0.00045151,0.22842382,0.00277648,2.576e-05,0.00013586,0.9997408,0.00021703,3.565e-05,4.6e-07,0.01206104,0.00753064
1.2.840.113619.2.370.4.279707905.1605504392.980986.png,0.35409057,0.79418814,0.00360401,1.842e-05,2.473e-05,2e-07,0.12155313,0.00085981,0.00058374,0.0021765,0.00135443,0.02660712,4.55e-06,0.01681361,0.629839,0.0003709,0.00032594,1.274e-05,0.00765531
1.2.840.113619.2.203.4.279707905.1578425458.681848.1.png,0.03907848,0.8087145,0.00018511,0.0003596,0.06544549,0.00034349,0.03775248,0.00066463,0.01470091,0.00021166,0.9355371,0.2116282,0.00310666,0.32277483,0.00094481,0.00020022,5.28e-06,9.649e-05,6.85e-06
1.2.840.113619.2.370.4.279707905.1596676657.636264.png,0.00178039,0.01513,0.03289332,4e-08,0.00183474,6.7e-07,0.24725875,0.0055018,0.00745236,0.00017248,0.00184571,5.05e-06,5.16e-05,0.00092461,0.00606574,8.44e-06,2.567e-05,0.00880911,0.00037625
1.2.840.113619.2.370.4.279707905.1579676514.489763.png,0.02367858,0.14630741,0.8016747,0.00035154,0.0044281,0.03373088,0.01589372,0.000562,3.57e-05,0.15614645,0.06052806,0.02286114,0.11209978,0.20572992,0.01241653,5.411e-05,0.00265191,4.268e-05,0.01333826
1.2.840.113619.2.203.4.279707905.1575319668.20631.1.png,0.9813989,0.00011022,0.00162682,0.3342845,0.00046851,0.5937089,0.13538846,0.8431196,0.9985087,0.01452552,0.00037715,0.00067404,0.00014563,0.26026335,7.55e-05,0.00019475,7.542e-05,0.00011232,7.11e-06
1.2.840.113619.2.203.4.279707905.1586442906.875810.1.png,3.22e-05,0.8853744,0.0006876,0.00026877,0.00534135,0.00387572,0.41749173,0.00514608,0.0036214,0.03227267,0.49468565,3.982e-05,0.0004857,0.00018047,0.00010579,1.32e-06,6.21e-06,0.00047528,2.3e-06
1.2.840.113619.2.370.4.279707905.1576671241.184478.png,0.09634067,0.00029006,0.97761905,0.523435,0.408642,0.00494263,0.00274815,0.01257427,0.00317354,1.568e-05,0.00156652,0.6583856,0.00905699,0.00271563,0.00015704,0.04188631,0.0016479,0.00056802,0.27984247
1.2.840.113619.2.370.4.279707905.1601081631.972065.png,0.01063319,0.83699864,0.09743974,1.43e-05,0.0059899,0.05733074,0.03806042,0.00229129,0.00172892,0.3745112,0.00165549,0.02371445,0.00375216,0.00091823,0.5981682,0.00026836,0.00019301,0.00060329,0.00184221
1.2.840.113619.2.203.4.279707905.1578346006.904382.1.png,0.1482471,0.9968623,0.08672649,1.2e-07,1.071e-05,0.00246454,0.0027483,0.00357635,3.12e-06,2.53e-06,0.0001215,0.00039252,0.92501915,0.01293816,0.00024245,4.07e-06,1.61e-06,0.04097081,0.00334765
1.2.840.113619.2.370.4.279707905.1577855744.566971.png,0.50093514,0.02678958,0.91112214,0.1663612,0.00051443,0.00010103,0.07768341,0.0488547,0.00054731,0.0010493,0.00029417,0.00036996,3.332e-05,0.00598513,0.00969488,0.00188985,0.00078502,3.79e-06,0.02339333
1.2.840.113619.2.203.4.279707905.1574717142.761460.1.png,0.9984181,6.508e-05,5.436e-05,0.57540065,2.07e-05,0.13581997,0.0008902,0.01310143,0.3989877,0.02669034,7e-07,2.31e-06,6.63e-05,0.00039937,0.00012741,0.00075134,9.2e-07,0.3866518,1.1e-06
1.2.840.113619.2.203.4.279707905.1586973946.143188.1.png,0.993802,0.00199904,0.82403994,0.4092518,0.00714456,0.15169163,0.00699901,0.41332364,0.08295609,0.08993172,3.384e-05,3.887e-05,2.565e-05,0.00032008,6.15e-05,0.00227727,0.0072121,0.00013219,0.00693567
1.2.840.113619.2.370.4.279707905.1597716441.594384.png,0.99695426,0.14781252,0.02514502,0.4132077,0.0486172,0.00179059,0.00226835,9.08e-06,0.0148998,0.00040881,0.00016108,2.072e-05,0.00093825,0.9933786,0.02636003,0.00048181,2.241e-05,0.00045643,0.01228201
1.2.840.113619.2.203.4.279707905.1589047564.196640.1.png,0.00744093,7.29e-06,1.51e-05,0.96923494,0.00015365,0.03466898,0.4105826,0.9776856,0.9990888,0.8061532,0.0005039,6.477e-05,7.156e-05,0.00156269,5.192e-05,6.264e-05,7.71e-06,0.00026909,9e-08
1.2.840.113619.2.370.4.279707905.1574751135.657040.png,0.0777333,0.02951993,0.04209791,8e-08,9.34e-06,6.935e-05,0.21637538,7.53e-06,2.02e-06,0.0003046,0.00887662,0.7367571,0.99600005,0.06432742,0.00061467,2.667e-05,9.816e-05,0.00016028,0.00016859
1.2.840.113619.2.370.4.279707905.1578242240.462885.png,0.13330743,0.01080891,0.01345619,3.2e-07,2.89e-06,0.00206726,0.6507133,0.00289632,7.817e-05,9.822e-05,0.0015588,0.71189874,0.9943172,0.03600638,0.00010844,0.00039531,1.71e-06,0.0040054,0.00089957
1.2.840.113619.2.370.4.279707905.1576716818.517090.png,0.22477973,0.00067305,0.3877661,7.86e-06,0.00081061,0.00039937,0.05630346,0.00022372,0.00024539,0.01877846,0.6697743,0.0697436,0.0036959,0.5716956,0.00017945,4.812e-05,0.00064607,0.00822185,0.02282108
1.2.840.113619.2.370.4.279707905.1595301839.989363.png,0.02016392,0.99586874,0.00021461,0.01034159,0.2334652,0.00448457,0.6501557,0.10666735,0.15119548,0.00327806,0.11221762,0.01666196,0.00010236,0.0003581,0.00447847,0.00016338,0.00371583,9.19e-06,5.382e-05
1.2.840.113619.2.370.4.279707905.1602743973.274388.png,0.80828714,0.4974847,0.06546728,0.04530424,0.10174187,0.03074209,0.00025032,0.0029047,7.532e-05,0.9604748,1.756e-05,2.449e-05,0.00015607,0.00204205,0.15264155,0.00105191,0.05162961,4.762e-05,0.0014333
1.2.840.113619.2.370.4.279707905.1606026968.994820.png,0.43583152,0.63008094,0.79407054,0.00285971,0.38174748,0.00071962,0.14477228,0.00068245,0.00209134,0.00027512,0.03145655,0.81852007,0.00187611,0.00293166,0.03306096,0.00065608,0.00537734,7.22e-06,0.00469097
1.2.840.113619.2.370.4.279707905.1575178859.4732.png,0.06677945,7.887e-05,0.6697289,0.9971966,0.8729725,0.97289586,0.09315223,0.0003927,0.74352306,0.00192502,0.00193155,0.00267755,4.077e-05,0.00104009,0.0001772,0.00680706,0.00014183,1.4e-06,9.993e-05
1.2.840.113619.2.370.4.279707905.1590473725.348137.png,0.4206092,0.00933885,0.02036311,2.29e-06,0.01784219,0.0006116,0.9355664,0.00028635,0.00423024,0.00094774,0.02658888,0.6282788,0.04195644,0.12270188,0.00235863,0.00035139,1.363e-05,0.00062558,0.00506563
1.2.840.113619.2.370.4.279707905.1575514898.756647.png,0.00359364,0.94688535,0.00079015,0.00258763,0.00086709,0.00596949,0.04022835,0.02284991,0.00156033,0.00050959,0.40129596,0.00448011,0.5958028,0.00907698,0.00127436,0.00029746,6.678e-05,0.00085828,9.157e-05
1.2.840.113619.2.370.4.279707905.1578639501.121647.png,0.9996249,1e-07,0.4120906,0.99996185,0.00094637,0.00018052,0.00014807,0.00024002,0.12315955,0.00010566,4.9e-07,1.37e-05,9.7e-06,0.00132576,0.00043733,0.6631945,3.01e-06,0.00011182,2.938e-05
1.3.46.670589.30.1.6.1.963334151171.1579103065828.2.png,0.15084152,2.277e-05,0.9859396,0.83946705,6.44e-05,0.00704022,0.2577873,0.00010559,0.00027365,1.701e-05,0.00039192,1.7e-06,2.206e-05,0.00013453,8.46e-06,0.0006198,0.02520299,2.67e-06,0.00415681
1.2.840.113619.2.370.4.279707905.1575081954.363733.png,0.02228966,0.9392918,0.10334058,6.98e-06,0.00068776,0.03461473,5.679e-05,3.966e-05,7.79e-06,0.830685,0.00018776,0.00025925,0.00052894,0.03251379,0.6336618,7.621e-05,0.00021376,0.00014857,0.21307407
1.2.840.113619.2.370.4.279707905.1590885609.635806.png,1.84e-06,0.94925267,1.9e-07,0.0,3e-08,0.0001826,0.06806712,0.00075843,0.05431758,0.00248311,0.00699244,0.00101887,0.08105184,1.24e-05,0.00569108,1e-07,8.59e-05,1.87e-06,2.88e-06
1.3.12.2.1107.5.3.33.2229.11.201911271100100718.png,0.01331288,0.0396518,0.00615941,7.756e-05,1.82e-05,2.956e-05,0.08067632,1.577e-05,9.509e-05,0.00037705,0.00032047,0.00070018,0.0004581,0.0001277,0.13943559,0.00314519,4.62e-06,0.00014667,1.981e-05
1.2.840.113619.2.203.4.279707905.1576706693.803886.1.png,0.8502763,1.071e-05,8.619e-05,0.00144448,0.02871561,0.00492963,0.20964518,0.97735184,0.999854,7.294e-05,0.00029446,0.00325689,0.00038444,0.03626089,8.553e-05,2.098e-05,4.351e-05,0.00011108,5.05e-06
1.2.840.113619.2.203.4.279707905.1575666088.693227.1.png,0.9809154,0.00018921,0.00438558,0.62029177,0.00014149,0.0146492,0.00019166,1.317e-05,0.00496094,0.0006314,0.00010285,0.00041013,0.00250527,0.99799746,1.584e-05,5.229e-05,4.8e-07,0.9731195,4.133e-05
1.2.840.113619.2.370.4.279707905.1577582080.143670.png,0.9861544,0.01784642,0.0037791,0.4272206,0.04547035,0.00075307,0.02587259,0.00130066,0.03446133,0.00565685,4.49e-05,9.999e-05,5.124e-05,0.2839808,0.1153351,0.00452582,0.00071489,0.01120483,0.00023533
1.2.840.113619.2.203.4.279707905.1586370209.445733.1.png,0.00558332,0.99997425,7.83e-06,0.00015135,8.52e-06,2.4e-07,0.01024424,2.221e-05,1.429e-05,1.1e-07,0.0005848,1.563e-05,0.9986971,0.00034909,0.49617872,2.491e-05,9.06e-06,0.00179586,5.685e-05
1.2.840.113619.2.370.4.279707905.1575783718.747115.png,0.43379456,6.55e-06,0.01522448,0.99898165,0.00017469,0.11315501,0.00082367,1.61e-05,0.2917389,0.01792487,0.00113136,3.083e-05,3.54e-06,0.60080814,0.00013903,0.000147,9.3e-07,0.0001085,7.67e-06
1.3.46.670589.30.1.6.1.963334151171.1592077965937.2.png,0.46428528,0.04450586,0.01477982,0.07679806,0.0580836,0.73262054,0.06423116,0.46204072,0.14355928,0.01433589,0.2931054,0.00908552,0.7084252,0.13427597,0.00247309,0.00399515,0.0001241,0.00021682,0.00138174
1.2.840.113619.2.370.4.279707905.1577127920.241222.png,0.01371593,0.04217696,0.02459871,0.00145083,0.01184437,0.47049412,0.06123404,0.14576295,0.01772343,0.6036527,0.00173052,0.00441741,0.00146358,0.00145783,0.00234992,0.00108394,0.00280288,0.0043031,0.00028053
1.2.840.113619.2.370.4.279707905.1605403224.873698.png,0.01562065,0.00656869,0.00028144,0.80184615,0.0002743,0.00156548,0.00038686,2.75e-06,0.99494463,0.03428868,0.00363967,0.00119724,1.47e-06,0.12166846,0.00188345,0.0024529,2.184e-05,2.84e-06,1.42e-06
1.2.840.113619.2.370.4.279707905.1603587732.379073.png,0.04738679,0.02918241,0.0005726,3.645e-05,2.289e-05,2.361e-05,0.17523776,0.00128557,0.10104225,0.20541435,0.06174736,0.01216777,7.141e-05,0.70491475,0.00528849,2.533e-05,1.39e-05,0.00138583,0.00026791
1.3.46.670589.30.1.6.1.963334151171.1576372821984.2.png,0.9687025,0.00973544,0.85675,0.67904925,0.00081566,0.01350392,0.00026228,0.00281219,0.00329614,0.00963884,0.00071163,1.526e-05,0.00014089,0.00297886,0.01469002,0.15613319,0.00066238,3.45e-05,0.0004181
1.2.840.113619.2.203.4.279707905.1575318986.951937.1.png,7.8e-07,0.00843017,2e-08,2.24e-06,0.00108071,1.3e-07,0.00293744,0.80313027,0.00165293,6.9e-06,0.01718108,2.432e-05,0.00053929,6.822e-05,0.00095325,1.15e-06,2.1e-07,0.08367068,7e-08
1.2.840.113619.2.370.4.279707905.1600158969.30845.png,0.00210189,0.9324829,0.00014224,0.00011641,0.00032307,1.29e-06,0.40579557,0.00753683,0.00478667,0.00011402,0.19067694,0.00022776,0.00014215,0.0040027,0.58559537,0.000354,0.0002598,8.445e-05,0.00305804
1.2.840.113619.2.203.4.279707905.1589306527.601902.1.png,0.837167,0.00027081,0.99314815,0.9949394,2.5e-06,0.73649746,8.313e-05,0.1192391,0.36610615,0.02292732,2.458e-05,2.19e-06,8e-08,0.0005069,3.634e-05,0.00291994,3.72e-06,1.059e-05,1.413e-05
1.2.840.113619.2.370.4.279707905.1580548481.914415.png,0.11961015,0.04124892,0.11192489,0.01578218,0.00465384,0.00011484,0.62708753,0.01034001,0.0051002,4.318e-05,0.00057643,0.00476841,0.04849176,0.00158795,0.02458803,0.0101472,0.00199067,0.00103444,0.00522564
1.2.840.113619.2.370.4.279707905.1578789736.267685.png,0.0850932,0.52101177,0.11818133,2.8e-06,0.00018088,0.00429405,0.00365507,3.322e-05,5.49e-06,0.16662249,0.00242839,0.02818254,0.6651487,0.05481208,0.00953768,1.515e-05,0.00046369,0.00034626,0.00112746
1.2.840.113619.2.370.4.279707905.1599524965.179945.png,0.01188375,0.96697634,0.03852962,0.00575622,0.00147398,9.786e-05,0.0041334,2.536e-05,8.74e-05,6.705e-05,0.03441458,0.9334844,0.9450879,0.00039294,0.3026112,0.00203189,0.00023854,1.334e-05,0.00027769
1.2.840.113619.2.370.4.279707905.1601255659.429416.png,0.8940079,2e-08,0.693474,0.9985513,1e-08,0.00208659,8.162e-05,0.00183316,0.9992288,0.00017907,5.39e-06,3.3e-07,0.0,1.25e-06,9.6e-07,6.342e-05,6e-08,1.08e-06,0.0
1.2.840.113619.2.370.4.279707905.1578790924.98920.png,0.99943334,0.00745577,0.00180289,0.10093889,7.128e-05,3.299e-05,0.00025326,0.00043806,0.00898256,0.00080556,2.57e-06,6.25e-06,4.84e-06,0.18653981,0.02783962,0.04067483,0.00544216,0.43812615,8.96e-06
1.2.840.113619.2.203.4.279707905.1578949543.975734.1.png,0.9999485,0.0095765,0.0083613,0.01058243,0.00098268,0.00086259,0.00214794,0.000241,0.00029398,0.00015186,0.00037276,0.00075162,0.00049806,0.99866223,0.00035304,0.00242847,0.00014285,0.98737967,0.00015452
1.2.840.113619.2.203.4.279707905.1579634493.962073.1.png,0.05848594,2.366e-05,0.00031985,0.99625474,5.082e-05,0.00947955,0.02582794,0.99235934,0.99791026,0.3032466,0.00029356,6.122e-05,1.545e-05,9.043e-05,0.00016458,0.00040292,1.034e-05,0.00019133,2.1e-07
1.3.12.2.1107.5.3.56.1642.11.202010211635250687.png,0.97826606,0.05266154,0.78871495,0.00422427,0.01249527,1.965e-05,0.03467324,0.00010037,4.368e-05,3.52e-06,0.01680721,0.12804614,0.10599676,0.00415908,0.0004267,0.00830616,0.00135915,0.00137441,0.00540034
1.2.840.113619.2.370.4.279707905.1575349449.50707.png,0.00028678,0.93320495,2.891e-05,2.14e-06,7.489e-05,5.133e-05,0.00860966,7e-08,1.357e-05,0.1093245,0.9560287,0.00233423,3.065e-05,0.03377026,0.01435602,1.73e-06,8.2e-06,2.36e-06,1.65e-06
1.2.840.113619.2.203.4.279707905.1581449913.321780.1.png,0.9914216,0.01994857,1.684e-05,8.39e-05,0.04207529,0.00045186,0.5786398,0.05223416,0.93762624,0.00012327,0.00227608,0.12922828,0.00247479,0.9687288,0.00094902,0.00011689,7.405e-05,2.883e-05,4.089e-05
1.2.840.113619.2.370.4.279707905.1578010490.175804.png,0.02825077,0.00287335,0.04633348,3e-07,0.00167687,0.00225674,0.72296864,0.00147977,0.0007753,0.00010622,0.05072713,0.11449043,0.00087275,0.07662592,0.00011517,0.00117999,6.4e-06,0.00412326,0.00167808
1.2.840.113619.2.370.4.279707905.1576716246.614565.png,3.058e-05,0.95727825,0.00810589,2.545e-05,0.23652962,0.38892925,0.00347724,0.04968226,0.00017545,0.07189596,0.997879,0.00026633,6.083e-05,0.00147255,1.001e-05,9.71e-06,1.788e-05,3.056e-05,1.126e-05
1.2.840.113619.2.370.4.279707905.1604718283.803735.png,0.04751768,3.265e-05,0.02515305,0.9787014,1.05e-05,0.03328307,0.00563035,0.66228974,0.99937606,0.02759392,0.00027647,8.201e-05,7.2e-07,6.153e-05,6.865e-05,0.00033428,0.00039808,4.29e-06,4.3e-07
1.2.840.113619.2.370.4.279707905.1605667590.659079.png,0.00086876,0.9108245,0.01517369,0.01519094,0.00591494,0.00819149,0.10346038,0.02630157,0.17746668,0.00741131,0.62115943,0.00143342,8.381e-05,0.00029,0.00094512,0.00200935,1.568e-05,1.211e-05,2.774e-05
1.3.12.2.1107.5.3.33.2229.11.202009221351200484.png,0.00022914,0.6821046,0.00038506,4.1e-07,0.00056574,0.00699173,0.02183272,5.95e-06,2.973e-05,0.29841805,0.0748329,0.05088616,0.00029925,0.00010531,0.08399606,3.441e-05,0.0013189,5.06e-06,6.44e-06
1.2.840.113619.2.370.4.279707905.1586746709.129457.png,0.13093016,0.01448419,0.00017129,0.00014814,6.268e-05,2.42e-06,0.00837375,4.3e-05,0.1407766,0.00644538,0.0086169,0.00010365,2.3e-06,0.64537585,0.10232372,0.00032905,2.578e-05,0.00010772,0.00026138
1.2.840.113619.2.370.4.279707905.1578799633.778796.png,0.00432038,0.02794544,0.00895913,3.083e-05,0.04860374,0.01850316,0.61690253,0.00018533,0.02746666,0.04367508,0.04236268,0.00579195,0.00029969,0.02872298,0.00530292,0.00121722,2.093e-05,0.11970367,0.0013318
1.2.840.113619.2.370.4.279707905.1579748004.12647.png,2.495e-05,0.8435613,7.8e-07,0.0,8e-08,2.55e-06,0.18267524,0.00117011,0.00010042,0.00016429,0.0995566,0.00299295,0.07116532,0.00071727,0.01437725,7.8e-07,1.91e-06,3.614e-05,0.00011293
1.3.12.2.1107.5.3.33.2229.11.202009081614180906.png,0.02733196,0.00598452,2.084e-05,0.00566842,0.0316474,0.00755978,0.14134148,0.00018341,0.00135274,0.03816008,0.00258471,0.02505035,0.02269724,0.00053984,0.0533446,8.65e-05,0.00025045,3.87e-06,8.35e-06
1.3.12.2.1107.5.3.56.1642.11.202001161457320250.png,0.85574573,0.00019531,0.97872055,0.99288416,0.00016013,0.00034527,0.00040237,0.88775694,0.14724441,0.00036525,0.01827404,1.883e-05,1.09e-06,0.00372635,5.289e-05,0.1817053,0.00528103,7.353e-05,0.00084712
1.2.840.113619.2.203.4.279707905.1578944286.80353.1.png,0.997485,0.00555681,0.01406824,0.0081472,0.15992917,0.46600565,0.17393374,0.22415137,0.5094748,0.00179848,0.00894045,0.00592939,0.00193854,0.89277506,0.00073423,0.00093587,2.688e-05,0.00286868,0.00178476
1.2.840.113619.2.370.4.279707905.1587695750.571339.png,0.00180024,0.18917853,1.62e-06,4.659e-05,0.00405897,2.9e-07,0.0539029,0.0107664,0.02940021,0.02756436,0.00035668,5.164e-05,0.00027274,0.7245442,0.0034603,2.75e-06,1.64e-06,0.00020803,0.00010697
1.2.840.113619.2.203.4.279707905.1586354744.382851.1.png,0.00069881,0.01470786,0.00513609,2.21e-06,5.988e-05,0.01924625,0.00217748,0.00055211,0.00533064,0.01416316,0.00144144,0.62052214,0.72790587,0.00204211,4.655e-05,5.815e-05,8.82e-06,0.09518938,1.34e-05
1.2.840.113619.2.370.4.279707905.1603502111.946650.png,0.00672141,0.00060856,0.00077942,0.00093347,2.183e-05,0.7873324,0.92313296,0.9768183,0.672271,0.9671506,0.00094913,0.0021353,0.00065307,0.00720358,0.00014247,3.418e-05,1.55e-05,0.00046745,0.0001858
1.2.840.113619.2.370.4.279707905.1576713970.907035.png,0.00116916,0.53964406,4.28e-05,0.00645677,6.749e-05,0.00013551,0.15440145,9.54e-06,0.14585029,0.47987068,0.00314373,1.97e-05,6.67e-06,0.00110032,0.5340896,0.00067092,0.00014455,0.00013566,0.00012257
1.2.840.113619.2.370.4.279707905.1600398359.102080.png,0.2702436,0.05781274,0.06726982,0.08637509,0.00096149,0.00137309,0.01066343,0.07716462,0.01693488,0.00374523,7.517e-05,0.01966292,0.00033843,8.334e-05,0.11509395,0.00090532,0.00043105,3.756e-05,0.00165407
1.2.840.113619.2.370.4.279707905.1601083177.657655.png,0.996102,0.00048066,0.10998496,0.4099064,0.00225401,0.02285407,0.0021754,0.00041971,0.00681078,0.01160257,0.00096031,0.00018448,0.00029346,0.21477547,0.00010121,0.00362217,0.00038787,0.214364,0.00010869
1.2.840.113619.2.370.4.279707905.1576892439.498744.png,2.558e-05,0.34969756,1.45e-06,2.17e-06,3e-07,1.031e-05,0.01738018,0.0003294,0.00073114,2.442e-05,0.14912885,0.00014388,0.11513489,0.00234517,0.00506608,1.128e-05,0.00017986,0.03368967,9.29e-06
1.2.840.113619.2.370.4.279707905.1590453312.395343.png,0.25828275,0.4636875,0.2314537,1.2e-06,0.20437416,0.03957616,0.01248022,8.686e-05,0.00014368,0.0427091,0.07770716,0.09333389,0.00025752,0.07808093,0.00913107,0.00034739,0.00011801,0.00362969,0.00287369
1.2.840.113619.2.370.4.279707905.1576544833.299015.png,5.01e-06,0.99487275,0.0002041,1.945e-05,3.94e-06,0.01577727,0.00089982,0.00171116,1.02e-06,0.00036715,0.994113,0.00598817,0.60388094,0.00018955,2.175e-05,1.103e-05,6.191e-05,2.54e-06,3.59e-06
1.2.840.113619.2.370.4.279707905.1588475544.236410.png,0.8902138,2.073e-05,0.35450825,0.03233764,0.00059472,0.00035178,0.00621029,8.21e-06,0.718278,0.02667588,0.00321496,0.43467465,2.102e-05,0.9279447,7.25e-06,6.118e-05,4.5e-07,1.98e-06,5.92e-06
1.2.840.113619.2.370.4.279707905.1575595096.364699.png,0.26098853,0.18777426,0.98450565,0.14890344,0.00217598,0.05469441,0.02696279,0.01451485,0.00045084,0.00595586,7.968e-05,0.00156952,0.00047696,0.00029784,0.01552887,0.00146645,0.00534141,8.25e-06,0.00089107
1.2.840.113619.2.370.4.279707905.1601948677.607837.png,0.30763918,0.9962804,0.00988198,0.00063855,0.00159669,0.00013358,0.7226713,0.00068109,0.00079881,0.0063101,0.04491196,0.21967047,0.02064774,0.00415269,0.8099759,0.00087163,0.00372766,6.49e-06,0.00179384
1.2.840.113619.2.370.4.279707905.1574812613.801110.png,0.39375716,0.00634633,0.0997014,0.00039643,0.00134237,0.00133247,0.07469462,0.00014481,0.00062976,0.02748771,0.7429363,0.2552172,0.00213379,0.923874,0.00060834,0.0001642,2.434e-05,0.01019202,0.00171289
1.2.840.113619.2.370.4.279707905.1579915232.684208.png,0.00037093,0.88813937,5.786e-05,2e-08,5.199e-05,1.69e-06,0.00884267,2.8e-07,4.09e-06,5.069e-05,0.8938708,0.00034874,0.00047056,0.00032843,0.00101819,1.898e-05,1.86e-06,0.00108845,4.07e-06
1.2.840.113619.2.203.4.279707905.1578597442.539092.1.png,0.02965758,0.00063385,0.00632222,0.00052217,0.07131962,0.77727085,0.12225433,0.2346581,0.30193114,0.35955387,7.655e-05,0.11980586,0.11380602,0.00059624,0.00066977,3.021e-05,0.00806166,0.00017267,0.00015578
1.3.12.2.1107.5.3.33.2229.11.202010081533390187.png,0.01999368,0.75694954,6.734e-05,7.403e-05,0.00399435,0.02783097,0.0539326,9.159e-05,8.29e-05,0.03095382,0.13213842,0.4952401,0.00049515,2.594e-05,0.33556595,0.00018295,0.00453222,9.26e-06,1.247e-05
1.3.12.2.1107.5.3.33.2229.11.202008161628400562.png,0.00207925,0.9976794,1.247e-05,1.39e-06,1.21e-06,0.07838898,0.00035735,0.00735377,0.00041445,0.90930027,0.01462765,0.00301855,0.0779409,0.00338944,0.00481075,2.47e-06,0.00031363,2.19e-06,0.00061282
1.2.840.113619.2.370.4.279707905.1600048276.583114.png,0.01028504,0.4309235,0.0074151,0.00791775,0.00407143,9.99e-06,0.8020987,0.00145431,0.01230835,8.327e-05,4.014e-05,0.64522344,0.46434304,3.333e-05,0.9403997,0.00355295,0.00334164,4.4e-07,0.00015234
1.2.840.113619.2.370.4.279707905.1596097022.389114.png,0.6268244,4.138e-05,0.0003746,0.05420824,0.00012779,9.145e-05,0.18476433,0.0393767,0.99000525,0.0012987,0.00330067,0.6976463,2.4e-06,0.00030918,0.00041365,8.774e-05,0.00011159,6.12e-06,5.6e-07
1.3.12.2.1107.5.3.56.1642.11.202007211534570156.png,0.05267397,0.08653744,7.821e-05,0.00444456,0.00022302,1.57e-06,0.4169615,0.00042878,6.401e-05,5.5e-07,0.6554482,0.03670774,0.16462493,5.15e-06,0.31773147,0.00075411,0.00095214,3.7e-07,4.56e-06
1.2.840.113619.2.370.4.279707905.1574666814.974479.png,0.5522842,5.624e-05,0.19485354,0.3964177,0.0024487,0.01554451,0.38850933,0.02632048,0.9528523,0.0009844,0.00088668,0.00020827,4.671e-05,0.00125093,0.0006306,0.00547202,0.00049671,0.00024211,0.00023513
1.2.840.113619.2.370.4.279707905.1605312951.498381.png,0.00427735,0.7083577,0.18959664,2.449e-05,0.02590098,0.00176932,0.13131052,2.92e-05,0.00035042,0.00072387,8.569e-05,0.3656168,0.09314281,0.00013749,0.00183011,4.93e-06,0.0575742,2.045e-05,1.976e-05
1.2.840.113619.2.370.4.279707905.1603766376.984327.png,0.15867186,0.53039587,0.6632334,0.02931496,0.00049472,0.00151287,0.00366946,0.02848473,5.345e-05,0.00574247,2.06e-06,2.7e-07,5.75e-06,0.00022849,0.4907457,0.00036391,0.00133043,1.393e-05,0.04928108
1.2.840.113619.2.370.4.279707905.1588914867.245546.png,0.37961432,0.20158358,0.10456185,1.16e-06,8.081e-05,0.00752952,0.03467117,0.00370043,2.452e-05,0.00115303,0.01638353,0.23752286,0.00539751,0.08219064,0.01668415,0.00010625,0.00022373,0.02386068,0.01743124
1.2.840.113619.2.370.4.279707905.1602377356.563260.png,0.00404035,0.99883,0.00010531,6.7e-07,0.00010564,2.02e-06,0.0478692,1.591e-05,6.215e-05,0.00045325,0.00042725,0.01305047,0.07120963,0.00029154,0.98393905,5.556e-05,0.0004277,2.71e-06,0.00015793
1.2.840.113619.2.370.4.279707905.1602213447.188927.png,0.01129365,0.0007584,0.00229848,0.6691436,5.274e-05,0.00015972,0.01091407,0.34697115,0.89804494,0.00412692,0.00099221,0.01222871,4.12e-06,5.129e-05,0.01466783,0.00061489,2.202e-05,1.21e-05,2.34e-06
1.2.840.113619.2.370.4.279707905.1603069194.778533.png,0.34195977,0.9147196,0.25217852,0.00585042,0.02057183,0.0003407,0.9991062,0.137466,0.02868051,0.00042923,0.0015564,0.00012373,0.00011222,0.00799509,0.01480294,0.00087244,0.00908126,6.2e-07,0.00102295
1.3.12.2.1107.5.3.56.1642.11.202001200859530718.png,0.9999671,4.2e-06,0.8208017,0.9217535,0.00152953,0.00023318,0.00020301,1.2e-07,0.00130763,1.646e-05,8.69e-06,4.613e-05,2.9e-06,0.3181015,2.667e-05,0.95429945,5.068e-05,0.00435807,0.00013534
1.2.840.113619.2.370.4.279707905.1605316750.892347.png,9.072e-05,0.9916722,2.676e-05,0.00030569,3.494e-05,1.542e-05,0.82963026,0.01054632,0.00160887,5.373e-05,0.03413324,0.02879774,0.90287125,2.288e-05,0.04283024,0.00074062,0.00012811,2.24e-06,4.9e-06
1.2.840.113619.2.203.4.279707905.1574786494.580712.1.png,2.178e-05,0.01305524,8.1e-07,6.4e-07,4.194e-05,0.00091277,0.00101863,0.00184631,0.00014869,0.00107182,3.286e-05,3.14e-06,0.00018905,0.00017095,9.999e-05,8.24e-06,1.13e-06,0.99448466,1.855e-05
1.2.840.113619.2.370.4.279707905.1579065325.14241.png,0.5312073,0.0389942,0.00289459,0.17761146,0.00015471,4.788e-05,0.00127641,1.725e-05,0.00206586,0.03814073,7.926e-05,1.069e-05,2.389e-05,0.01861939,0.31958675,0.00085123,0.00115262,0.00010995,0.00046715
1.2.840.113619.2.370.4.279707905.1576463152.696639.png,0.00054195,0.00032397,0.02059286,0.00890264,0.00058406,0.00245026,0.61997265,0.00591258,0.0448902,0.27615136,0.00058888,8.353e-05,1.073e-05,0.00036138,0.00011098,6.501e-05,0.00019249,2.441e-05,2.06e-06
1.2.156.112536.2.560.64226048152091077.133411507829.4.png,0.9999435,6.76e-06,0.9804459,0.98863274,0.7247833,0.03356595,0.00189271,0.00610101,0.00768409,4.85e-06,0.07714677,0.00474818,2.636e-05,4.295e-05,3.42e-06,0.4365691,0.00028965,1.322e-05,0.00012778
1.2.840.113619.2.370.4.279707905.1577039997.882259.png,0.00193457,0.9987779,0.00012076,0.00281468,0.00015218,5.302e-05,0.00027699,0.00024337,0.0003696,0.06153866,0.00201254,0.03870925,0.00635209,0.00023721,0.80846566,0.00032437,0.0234638,1.31e-06,0.00019565
1.2.840.113619.2.203.4.279707905.1578516444.666009.1.png,0.43352383,3.929e-05,0.1167909,0.559283,0.00501838,0.03116643,0.21693145,0.84248734,0.83018553,0.07371218,0.00075507,0.02357436,5.55e-05,0.0029112,0.00010362,0.00307305,2.317e-05,0.00159209,2.891e-05
1.2.840.113619.2.370.4.279707905.1605594222.626063.png,0.58734995,0.98887485,0.48323545,0.00172274,0.25298613,0.00074831,0.99806994,0.00532278,0.00051434,4.347e-05,0.00055406,0.03420282,0.0786898,0.00046944,0.5533746,3.192e-05,0.01870372,1.8e-07,0.00174027
1.2.840.113619.2.203.4.279707905.1575923567.824474.1.png,0.99896944,0.0321013,0.83505577,0.01346877,0.00097269,0.06135932,1.71e-06,2.549e-05,5.36e-06,0.8715172,5.2e-07,8.5e-07,5.92e-06,0.56798875,0.03449401,5.225e-05,8.904e-05,3e-08,0.00151541
1.2.840.113619.2.370.4.279707905.1592113487.155586.png,0.00533087,0.70007545,0.15476936,0.04972471,0.0180502,0.066355,0.00020948,0.00463007,0.00192783,0.00143159,0.99245834,0.00313392,5.351e-05,0.00065662,6.93e-05,2.061e-05,3.484e-05,9.42e-06,2.932e-05
1.2.840.113619.2.370.4.279707905.1592534857.898233.png,0.39475372,0.5549258,0.23566774,3.948e-05,2.817e-05,2.499e-05,0.11048859,0.04149852,0.00021572,0.0007426,0.00023478,0.00072693,0.0001843,0.0065049,0.06019928,0.00021637,0.00054746,7.301e-05,0.12636173
1.3.46.670589.30.1.6.1.963334151171.1576152212000.2.png,0.00010847,2e-06,0.00115184,0.87089854,2.92e-06,0.00512929,0.09522148,0.00213192,7.386e-05,7.96e-06,0.00210193,4.23e-06,5.956e-05,2.17e-06,2.86e-06,2.99e-06,0.99265975,1.035e-05,0.00035226
1.2.840.113619.2.370.4.279707905.1576220985.28568.png,0.02290219,0.02710636,0.00162255,1.18e-06,0.00492842,0.00183324,0.9159952,1.977e-05,0.00013535,0.00385766,0.00087308,0.09798488,0.01791009,0.00296846,0.00060019,4.499e-05,0.00133024,0.00027673,0.00065272
1.2.840.113619.2.370.4.279707905.1576205623.298715.png,0.03932366,0.60171396,0.0012607,0.00085375,0.00011286,0.00421022,0.11709774,0.00478449,1.881e-05,0.01678988,0.00174074,0.00041135,0.02707389,0.00552646,0.05037176,7.72e-05,0.00103484,0.00035423,0.0021853
1.2.840.113619.2.370.4.279707905.1600780456.583844.png,0.1471956,0.24824436,0.02768591,0.00013121,0.00278753,3.457e-05,0.03712865,0.00074812,0.00023705,0.00123607,0.00020625,0.6220879,0.40903273,0.01829949,0.08226252,0.00099047,0.03080967,3.29e-05,0.00124311
1.2.840.113619.2.370.4.279707905.1590565029.735654.png,0.84403354,2.6e-05,0.9011104,0.87772864,0.06438903,0.00860294,0.00623566,2.15e-06,0.00021963,0.0070674,0.00161139,0.00095721,0.00091683,0.0116306,0.00010473,2.559e-05,1.722e-05,4.65e-06,0.00033683
1.2.840.113619.2.203.4.279707905.1578429214.731368.1.png,0.00223903,0.00654186,1.95e-06,0.0057741,0.00466967,0.0052067,0.99863154,0.99890685,0.99993944,0.00032882,3.46e-05,1.533e-05,0.00920896,3.056e-05,0.00181254,1.18e-05,0.00063647,5.2e-07,2.169e-05
1.2.840.113619.2.370.4.279707905.1578982296.214191.png,0.01120068,0.10682899,0.0238235,0.04922382,0.00116679,0.01332381,0.00845903,0.00081505,0.00318875,0.75260633,0.08275676,0.00216998,0.00053447,0.93805504,0.00020854,0.00015183,1.77e-06,0.00021332,4.67e-05
1.2.840.113619.2.370.4.279707905.1581381706.293472.png,0.00988575,0.78809434,0.00013694,0.00054645,0.00014797,0.27483213,0.00051242,0.00328184,6.59e-06,0.954257,0.30084115,0.00554052,0.00550959,0.1306416,0.10113642,5.763e-05,3.778e-05,7.72e-06,0.00017696
1.3.12.2.1107.5.3.56.1642.11.202008061529190671.png,0.9998753,1.009e-05,0.99972695,0.99992955,0.00021208,0.01239322,1.86e-06,0.02274635,8.558e-05,0.20126893,3.803e-05,2.681e-05,2e-08,2.199e-05,1.1e-07,0.00039178,8.4e-07,4.7e-07,7.3e-07
1.2.840.113619.2.370.4.279707905.1579227089.366724.png,0.99638474,0.99322426,0.00016956,0.0111793,0.00078112,0.00063413,0.00087211,4.31e-06,0.00212933,0.00893219,0.00036307,7.38e-06,0.00033776,0.9989148,0.01336791,6.556e-05,6e-07,0.00033232,0.19015867
1.2.840.113619.2.370.4.279707905.1602727703.132878.png,0.001591,0.9968549,0.00186971,4.921e-05,0.00025764,3.87e-06,0.02734672,1.18e-06,2.323e-05,0.01029404,0.00108566,0.00117743,0.04219384,0.00140507,0.99960214,0.00134545,0.00029864,8.09e-05,0.00051394
1.2.840.113619.2.370.4.279707905.1576218747.54974.png,0.9999754,6.95e-06,0.981768,0.9758413,0.00565193,0.00012077,2.278e-05,2.31e-06,0.00300412,4.727e-05,5.63e-06,1.265e-05,3.42e-06,0.8071606,3.444e-05,0.11761189,1e-06,0.00012733,3.09e-05
1.3.12.2.1107.5.3.33.2229.11.202002051611110421.png,0.8872958,0.00014558,0.26803964,0.995699,0.09512898,0.63710517,0.07173776,0.00772572,0.07400529,0.00149515,0.15025945,0.02691135,0.00016751,0.0043192,6.663e-05,0.00075728,0.00092965,0.00023116,0.00076239
1.2.840.113619.2.370.4.279707905.1600648652.502850.png,0.564981,1.26e-06,0.00951563,0.923498,0.00425222,0.00129631,0.00327592,0.00037563,0.9949961,0.00753348,0.01345079,0.40421456,3.3e-07,0.01002953,1.587e-05,5.979e-05,3.69e-06,6.31e-06,1.6e-07
1.3.46.670589.30.1.6.1.963334151171.1575052075515.2.png,0.00155121,6.681e-05,0.02708279,0.9260935,2.613e-05,0.00110903,0.00221451,0.00032529,0.00068258,0.0002377,0.00060106,4.8e-06,0.00026872,2.42e-06,0.00018918,0.00017644,0.02364813,9.409e-05,0.00025427
1.2.840.113619.2.370.4.279707905.1579332890.404276.png,0.00238109,0.41219565,0.00141387,0.01715972,0.00192313,0.00091486,0.4396087,0.00901008,0.7719926,0.00117363,0.7579948,0.00027078,1.076e-05,0.00140791,0.00099987,0.00033277,8.25e-06,1.83e-06,1.487e-05
1.2.840.113619.2.370.4.279707905.1577493104.442070.png,0.3671698,0.01382758,0.06488777,5.32e-06,0.03471749,0.02094424,0.15152995,1.725e-05,0.00038928,0.11522623,0.50319993,0.93788224,0.00111365,0.25421083,0.00085277,4.819e-05,4.25e-06,0.00010717,9.404e-05
1.2.840.113619.2.370.4.279707905.1576549686.825250.png,0.00204879,0.5456161,0.00184157,4.24e-06,3.878e-05,0.01822331,0.18209133,0.09155271,0.00072806,0.00466338,0.19113985,0.00033945,0.00933869,0.01160178,6.244e-05,1.909e-05,1.536e-05,0.00121306,0.00083598
1.3.12.2.1107.5.3.33.2229.11.202001280841430093.png,0.0003528,5.182e-05,0.00147272,0.00053066,1.63e-06,3.95e-06,0.00045784,0.0,1e-08,0.2846434,0.00198394,0.0002591,5.08e-06,0.8961632,1.69e-05,1.769e-05,8.23e-06,9.45e-06,1.13e-06
1.2.840.113619.2.370.4.279707905.1577068282.759584.png,0.6729457,0.00652488,0.89752865,0.96700233,0.01186546,0.00114287,0.00133596,0.26514634,0.00723401,0.00011888,0.00026443,0.00557229,0.00053294,0.00183604,0.00041399,0.32213897,0.01078974,0.000321,0.06712708
1.2.840.113619.2.370.4.279707905.1603592286.225071.png,0.00241522,0.99316573,1.9e-05,0.00013408,0.00011186,0.11813969,8.64e-06,0.00138161,0.00029417,0.9976192,0.00051184,9.819e-05,0.00105188,0.00137571,0.87642664,1.565e-05,0.00777476,2.01e-06,3.557e-05
1.2.840.113619.2.370.4.279707905.1589165231.451476.png,0.00348684,5.989e-05,0.00040746,1.78e-06,0.00147975,0.00110907,0.08624842,0.00450844,0.08516434,0.00163187,0.02009603,0.00371591,0.00013732,0.01267736,0.00044636,0.00063064,1.501e-05,0.15550159,0.00196441
1.2.840.113619.2.370.4.279707905.1595748041.592656.png,0.39340016,2.12e-06,0.07184724,0.9999242,7.114e-05,0.04517561,0.00038758,0.00022523,0.9986527,0.03649937,1.347e-05,0.00097724,1e-08,7.43e-06,1.816e-05,0.00025886,2.9e-07,1.48e-06,2e-08
1.2.840.113619.2.370.4.279707905.1578985242.81417.png,0.02223348,0.0040543,3.876e-05,4.272e-05,0.005192,0.00038804,0.00159086,0.00236481,0.00110135,0.00919152,0.7890264,0.9894394,7.689e-05,0.02922316,0.04432554,0.00019877,7.499e-05,4.88e-06,3.81e-06
1.2.840.113619.2.370.4.279707905.1583732245.68860.png,0.00152572,0.1111777,0.0010806,0.00045023,0.00019674,0.00203141,0.26992476,3.86e-06,0.00418845,0.78557366,0.03682418,0.0007302,0.00053732,0.00894355,0.02178924,1.665e-05,0.00079229,0.01175442,6.048e-05
1.2.840.113619.2.370.4.279707905.1604191071.778515.png,0.99647766,0.02308797,0.7650074,0.00061941,8.413e-05,6.72e-06,0.03024416,0.0165299,0.03862462,0.00030877,0.000229,0.05034566,1.244e-05,0.0002376,0.00357265,4.369e-05,6.982e-05,5.98e-06,0.00375608
1.2.840.113619.2.370.4.279707905.1577034646.99086.png,0.08928769,0.9861476,0.03181522,0.00034078,0.06370704,0.00076336,0.6691537,0.01627535,0.00197154,0.00105643,0.02585225,0.06941692,0.00094777,0.00208159,0.0458657,0.00024047,0.08599837,6.6e-06,0.00327055
1.2.840.113619.2.370.4.279707905.1597623965.19762.png,0.24088068,0.24165484,0.83354867,0.00379671,0.5106823,0.06258885,0.28844815,0.00116383,0.00015145,0.00097579,0.00029063,0.03444478,0.00069747,0.00027095,0.02564394,0.00037515,0.00497728,0.00011113,0.00276047
1.2.840.113619.2.370.4.279707905.1577771242.593697.png,6.772e-05,0.15221617,2.18e-06,1.1e-05,0.00051739,0.00132897,0.00689242,0.29038176,0.03976513,0.0054731,0.00137154,8.025e-05,0.00110754,0.00069059,0.01732485,2.374e-05,7.443e-05,0.18378831,0.00022829
1.2.840.113619.2.370.4.279707905.1600088906.583388.png,0.4169733,0.00012111,0.9418763,0.9979577,0.00012572,0.00258766,7.243e-05,0.00010796,0.02403119,0.00254286,2.85e-05,2.18e-06,1.457e-05,0.00105386,0.00014085,0.04465594,0.00044474,2.77e-06,0.03873968
1.2.840.113619.2.370.4.279707905.1576350410.501481.png,0.00186519,0.33953744,0.00903587,2.45e-06,0.00095755,6.153e-05,0.00129389,9.77e-06,0.00066653,0.23668835,0.00368844,0.00013446,0.00106884,0.1795958,0.35237116,0.00012793,0.00151554,0.01454092,0.03204578
1.2.156.112536.2.560.64226048152091077.1334640185223.17.png,0.40523276,8.677e-05,0.2460699,0.96549225,0.00185633,0.04027269,0.03029823,0.08887634,0.02693316,0.00049218,0.00206735,0.00027117,0.00021246,0.00044963,0.0001493,0.30870613,0.00616796,0.00104746,0.00024324
1.2.840.113619.2.370.4.279707905.1576892103.456482.png,0.7145699,0.01020681,0.02394755,0.26313528,0.0174939,0.00392397,0.02482705,8.354e-05,0.09895106,0.02014431,0.01311256,0.00025261,0.0010932,0.95892614,0.00039582,2.772e-05,1.83e-06,0.00193683,0.00095843
1.2.840.113619.2.370.4.279707905.1576112459.92456.png,0.58149475,0.00042955,0.00189899,0.03173118,0.04954652,2.526e-05,7.183e-05,0.0,1.8e-07,0.32006618,0.04678244,0.00267057,0.00036129,0.04470529,0.00027713,0.00031847,6.29e-06,5e-07,3.28e-06
1.2.840.113619.2.370.4.279707905.1601436021.960580.png,0.00278461,0.06674596,0.00076134,0.05810923,9.831e-05,0.00013107,0.02171268,0.05779609,0.9657725,0.01884302,0.0075818,0.04205271,1.702e-05,0.00436047,0.00237572,1.659e-05,0.00062511,9.1e-07,3.52e-06
1.3.46.670589.30.1.6.1.963334151171.1578648414656.2.png,0.99985707,1.34e-06,0.6897666,0.9999777,0.13436307,0.00039702,0.06938877,0.00308204,0.00035473,2.67e-06,0.00011113,0.00027014,9.689e-05,3.06e-06,9.11e-06,0.00011995,0.01487075,8.593e-05,7.96e-05
1.2.840.113619.2.203.4.279707905.1577735049.975218.1.png,0.02519938,0.8520746,0.58401656,9e-07,9.143e-05,0.00193824,0.00464942,3.33e-05,4.63e-05,0.0021757,0.00055656,0.04033036,0.9538256,0.00844729,0.00971116,2.015e-05,0.00023077,0.00098527,0.00264353
1.3.12.2.1107.5.3.33.2229.11.202010170947230625.png,7.91e-06,0.5121093,6.61e-06,4.58e-06,2.089e-05,0.00074663,0.1995774,0.00036846,0.00198853,0.00261739,0.14591756,0.90045625,0.53636074,1.782e-05,0.00378362,4.664e-05,0.0304801,6.4e-07,1.17e-06
1.2.840.113619.2.203.4.279707905.1576527455.470896.1.png,1.806e-05,0.0035842,0.0,6.5e-07,2.46e-06,1.179e-05,0.13327526,0.2694565,0.7222593,0.03201617,0.00086623,5.14e-06,0.0026198,0.00051377,0.04588136,1.17e-06,5.4e-07,0.00073322,5.95e-06
1.2.840.113619.2.370.4.279707905.1605402503.45889.png,0.04153668,0.00120931,0.10403007,0.35566765,1.027e-05,0.00296504,0.00017714,0.10517277,0.10340934,0.0133415,0.01395673,0.07251078,3.5e-06,0.000268,0.00169564,0.0011386,2.613e-05,3.13e-06,1.63e-06
1.2.840.113619.2.203.4.279707905.1574720858.573158.1.png,0.00123847,0.00830434,0.00851379,2.4e-06,0.00305486,0.61223674,0.06939954,7.177e-05,0.00020382,0.02263098,0.00045484,7.322e-05,0.00014968,0.00026977,0.00016022,0.00024673,4.26e-06,0.9660094,5.239e-05
1.2.840.113619.2.370.4.279707905.1589852172.778077.png,3.023e-05,0.03426945,3.472e-05,0.0004905,3.64e-05,0.01436048,0.31546098,0.21923728,0.07789198,0.05860492,0.21217827,0.00224636,0.00204378,0.00162392,0.00069896,1.06e-05,0.00054316,1.555e-05,2.02e-06
1.2.840.113619.2.203.4.279707905.1577733422.818318.1.png,0.00244207,0.9365354,0.00313682,0.00011724,0.00425705,0.00502713,0.02273336,0.00036651,0.01286396,0.00692602,0.6078474,0.1356054,0.0225832,0.0035497,0.00503165,9.787e-05,0.00013254,0.00025131,3.18e-05
1.2.840.113619.2.370.4.279707905.1604370055.30145.png,0.06340772,9.1e-06,0.01420715,0.00325919,0.00022885,0.00054377,0.11427869,0.2838529,0.00539428,0.7412252,0.01186476,0.02255848,4.26e-06,0.28780705,4.141e-05,1.401e-05,6.7e-07,1.465e-05,2.29e-06
1.2.840.113619.2.203.4.279707905.1589307045.643978.1.png,0.3858716,0.78194994,0.01520357,0.00382824,0.00065075,0.27136263,0.00649454,0.0020336,0.00016467,0.00676624,9.393e-05,0.00218762,0.626836,0.00575341,0.00158372,6.631e-05,0.08912355,0.08308888,0.00034
1.2.840.113619.2.370.4.279707905.1576063675.196782.png,0.08698336,0.04293894,0.00682949,0.00109537,0.00023548,0.01266014,0.33246344,0.00024949,0.04359758,0.02513042,0.00148469,9.198e-05,7.238e-05,0.05574218,0.01454724,0.00027147,1.34e-05,0.00147306,0.00540501
1.2.840.113619.2.370.4.279707905.1579586591.241220.png,0.01425794,0.13706744,0.18594933,0.00052948,0.31922397,0.0327613,0.00286443,1.991e-05,0.00050497,0.59816384,0.00247216,0.00220496,8.47e-05,0.01177161,0.01766155,0.00022012,0.00014549,0.00149944,0.00550737
1.2.840.113619.2.370.4.279707905.1603766189.344849.png,0.14587459,0.02579585,0.00905903,0.90347755,3.974e-05,0.00126265,0.0764237,0.00022649,0.9977326,0.32175922,0.0020362,2.074e-05,6.2e-07,0.00146014,0.02037419,0.00080371,2.404e-05,2.85e-06,3.224e-05
1.2.840.113619.2.370.4.279707905.1576809288.774627.png,0.00053032,0.7759664,0.00409059,0.00544183,0.11521165,0.00201245,0.12696713,0.00908223,0.1303334,7.342e-05,0.9524829,0.00200935,0.00029213,0.00058179,0.00493804,0.00050763,0.00018157,1.947e-05,0.00100623
1.2.840.113619.2.370.4.279707905.1595394928.53688.png,0.00058238,0.95844984,0.00544003,5.16e-06,3.336e-05,3.956e-05,0.01395889,6e-08,0.00018119,0.00057537,0.31149983,4.528e-05,6.74e-06,0.00157312,0.00012617,8.63e-06,8.41e-06,0.00035949,2.32e-05
1.2.840.113619.2.370.4.279707905.1585184681.403334.png,0.47153825,0.00379596,0.9321,2.82e-06,0.00050738,0.05980256,0.03696216,9.157e-05,4.04e-06,0.05274944,0.10172958,0.9167452,0.0599465,0.04404262,0.00064298,3.159e-05,0.00043878,0.00015787,6.719e-05
1.2.840.113619.2.370.4.279707905.1576820183.508569.png,0.01975341,0.05104598,0.00054026,0.00280816,0.00316299,0.00064576,0.4632406,0.00280963,0.03192869,0.07867462,0.22034286,0.00079477,0.00650262,0.02516581,0.09969839,0.00047202,0.00305717,0.00320449,0.00341639
1.3.12.2.1107.5.3.56.1642.11.202005242026300937.png,2.178e-05,0.00584601,0.00035228,0.9991235,1.05e-06,0.00053493,0.00027405,0.00555988,0.10656037,0.02191296,0.0837402,2.91e-06,1.58e-06,0.00011716,2.447e-05,0.01437879,0.00205926,2.97e-06,9.5e-07
1.2.840.113619.2.370.4.279707905.1576113676.277689.png,0.86071914,0.01832407,0.02500069,0.00088587,0.0006501,0.00015269,0.03235019,1.951e-05,2.902e-05,0.0352607,0.97338176,0.6023666,0.00037489,0.8899991,0.00083427,0.00069781,0.00268724,0.00219964,0.00030478
1.3.12.2.1107.5.3.33.2229.11.202009051629500187.png,0.08203794,0.00752078,0.00419072,0.06329506,0.00088778,0.49211353,0.00102313,6.93e-05,0.01663095,0.8982258,6.29e-06,0.54944015,0.00012736,7.866e-05,0.00083453,8.503e-05,0.03913034,0.00011849,1.52e-06
1.3.12.2.1107.5.3.56.1642.11.202007231526550968.png,0.34272963,9.622e-05,0.03731554,0.9561696,0.00024325,0.15931486,0.00015972,0.46331263,0.01917999,0.00158948,0.07115168,6.745e-05,2.123e-05,0.0468254,3.816e-05,0.10575324,0.00132238,0.05395068,0.00067331
1.2.840.113619.2.370.4.279707905.1600320803.750312.png,0.9695611,5e-07,0.9970575,0.9999698,1.75e-06,0.00687578,7.108e-05,0.4171914,0.5341871,4.594e-05,5.467e-05,8.11e-06,2.2e-07,4.841e-05,1.05e-06,0.00017065,2.208e-05,1.67e-06,1.515e-05
1.2.840.113619.2.370.4.279707905.1576388428.584587.png,0.37088963,0.04410035,0.00858193,0.00131384,0.14207356,0.01904409,0.14472988,0.00724446,0.28021738,0.00170529,0.00147359,0.9882245,0.00064784,0.00182746,0.00307062,0.00011778,0.00514832,2.51e-06,1.319e-05
1.3.12.2.1107.5.3.56.1642.11.202002211455190375.png,0.30698934,0.7687451,0.12428489,0.97055554,0.00040384,0.01140274,0.00359589,0.01478334,0.03156636,0.03302551,0.00098544,0.00015552,0.00048336,0.01438616,0.1125506,0.08360289,0.0161903,0.00020754,0.00457258
1.2.840.113619.2.370.4.279707905.1588474135.656112.png,0.89974374,1e-07,0.58816,0.9999738,2.25e-06,0.00650743,0.00131553,0.0010677,0.98558414,0.00340554,7.186e-05,1.668e-05,4e-08,4.78e-06,1.89e-06,0.00035997,8.9e-07,2.564e-05,3e-08
1.3.46.670589.30.1.6.1.963334151171.1605961168375.2.png,0.4775991,0.00047227,0.7751086,0.0073103,2.801e-05,0.00312456,0.5506148,0.00616947,0.00018223,2.033e-05,0.05835964,2.124e-05,0.00043657,0.00483298,6.386e-05,1.424e-05,0.00098587,2.88e-06,0.00410367
1.2.840.113619.2.203.4.279707905.1576524229.164039.1.png,3.24e-06,0.35429296,9.7e-07,9.87e-06,1.385e-05,0.00343792,0.1483294,0.00097926,0.07698546,0.8515214,0.0728469,0.00071447,0.00173908,0.0171176,2.346e-05,2.7e-07,7.62e-06,0.00017195,8e-08
1.2.840.113619.2.370.4.279707905.1577779542.131074.png,0.00140153,0.0573544,0.11018503,8.47e-06,0.01154177,0.3486181,0.00282629,5.69e-06,8.368e-05,0.5081769,0.08637151,0.00426338,0.00092639,0.02440625,0.00468759,3.438e-05,9.125e-05,0.01486217,0.00175261
1.2.840.113619.2.370.4.279707905.1578273675.615320.png,0.56252337,0.9943632,0.05744636,3e-08,7.4e-07,0.15432212,3.109e-05,0.00061943,2.03e-06,0.5879178,4.4e-06,0.00040682,0.0101884,0.16537037,0.00027146,1.99e-06,9.43e-06,0.00035634,0.71418864
1.3.12.2.1107.5.3.56.1642.11.202001041525560187.png,0.974412,8.04e-05,0.9942655,0.99873847,0.0014009,0.00903216,0.00181946,0.22907174,0.15138352,1.751e-05,8.87e-05,7.83e-06,9.51e-06,0.00362946,0.00021717,0.31046194,0.00191627,0.00026315,0.0035913
1.3.46.670589.30.1.6.1.963334151171.1577732552484.1.png,0.9832312,3.78e-06,0.91014993,0.9458504,0.02576166,0.12920974,0.00362907,0.00125552,0.00153175,2.145e-05,0.00161915,0.00029285,0.00021117,0.00020587,8.04e-06,0.27548578,0.04670696,8.89e-05,0.04719638
1.2.840.113619.2.203.4.279707905.1578947258.675183.1.png,0.7064768,1.846e-05,2.109e-05,4.42e-06,0.01117215,1.97e-06,0.00139469,0.00097175,0.4637834,0.10802135,0.000859,0.9810866,0.00110961,0.99935675,1.593e-05,8.28e-06,1e-08,1.53e-05,9.1e-07
1.2.840.113619.2.370.4.279707905.1579162398.504717.png,0.2653789,0.00235298,0.85444045,0.02027082,0.16789454,1.57e-05,0.00069374,0.05975294,0.00272888,8.73e-06,0.00111412,0.87217027,0.01687099,0.00296532,0.00136064,0.00012289,0.01941118,0.00012768,0.04387193
1.2.840.113619.2.370.4.279707905.1578877187.38203.png,0.01615712,0.9136073,0.02129048,4e-08,0.00065693,0.00017507,0.00228586,0.00044758,7.178e-05,0.06807635,0.00764953,0.00133177,0.00314743,0.11475085,0.00120675,6.24e-06,1.76e-05,0.00154975,0.00185588
1.2.840.113619.2.370.4.279707905.1574930565.243094.png,0.00207741,5.291e-05,0.862157,0.8485421,0.0003557,0.00062213,4.854e-05,8.1e-07,0.0007739,2.214e-05,8.005e-05,0.00177679,3.87e-06,5.04e-06,5.199e-05,0.06497816,2.03e-05,7.592e-05,3.802e-05
1.2.840.113619.2.370.4.279707905.1592458518.948775.png,0.1758823,0.9332524,0.04473386,0.00097489,1.795e-05,6.66e-06,0.01160098,0.00013314,4.37e-05,0.00697133,0.00116395,0.00267173,5.842e-05,0.00637066,0.62683666,0.00103524,0.00013568,0.00080775,0.00445942
1.2.840.113619.2.203.4.279707905.1575929980.978018.1.png,0.99999785,0.00068082,0.9746864,0.9998331,0.00082069,0.00033608,8.866e-05,0.01291298,0.00112975,0.126704,1.39e-06,8e-07,2.56e-06,0.00094845,5.93e-06,0.00011938,0.00038738,1.763e-05,3.5e-06
1.2.840.113619.2.203.4.279707905.1591294299.495170.1.png,0.5856327,0.01609824,0.00154507,0.00170097,0.00752983,0.61292917,0.00051361,0.04257369,0.10045836,0.20298705,0.0013499,0.01209379,0.00425678,0.0930018,0.00625656,0.00027729,6.303e-05,0.03771186,0.00045206
1.2.840.113619.2.370.4.279707905.1575942205.344503.png,0.16315515,2.298e-05,0.03856894,0.99822307,1.82e-06,0.00668569,7.16e-06,0.0005653,0.9390212,0.00011119,0.00227958,3.05e-06,3.8e-07,0.00829258,8.446e-05,0.00049374,4.07e-06,4.31e-06,9.4e-07
1.2.840.113619.2.370.4.279707905.1585106680.920017.png,9.12e-06,0.8274551,0.00082284,0.00103936,4.2e-05,0.00316648,0.00201493,2.6e-07,0.00017128,0.01933894,0.9548756,7.96e-06,3.002e-05,0.00302711,0.00022729,5.5e-06,2.999e-05,3.553e-05,3.525e-05
1.2.840.113619.2.370.4.279707905.1577755748.592466.png,0.11422449,0.03063574,0.10496273,0.10928775,0.00011646,0.00587264,0.01256774,0.20692144,0.35302737,0.01610148,2.67e-05,9.1e-07,2.471e-05,0.00021376,0.02090614,0.00114629,0.00110702,2.039e-05,0.00014672
1.2.840.113619.2.203.4.279707905.1575926948.822333.1.png,0.96726495,0.00361596,0.994612,0.9905359,8.99e-05,0.10362945,0.00059552,0.02095259,0.03557819,0.01565312,4.019e-05,5.91e-06,5.46e-06,0.00311804,0.00016822,0.00412226,6.386e-05,0.00012393,6.536e-05
1.3.12.2.1107.5.3.33.2229.11.202008231600130250.png,0.0356619,0.00702379,0.00034503,0.05890649,0.005539,0.08022204,0.02973174,0.1419442,0.9818193,0.00966546,0.0083759,0.238563,0.00010828,2.84e-05,0.00714836,0.00043646,0.00191126,1.038e-05,2.29e-06
1.3.12.2.1107.5.3.33.2229.11.202009161347280984.png,0.93697,0.01075067,0.00021555,0.01343516,0.00144008,0.00238345,0.00421229,6.592e-05,0.00079685,0.0007881,0.00010297,4.28e-06,7.642e-05,0.02870345,0.21515685,0.00202979,0.00030531,0.00078533,0.00016417
1.2.840.113619.2.203.4.279707905.1575578660.325973.1.png,0.5044083,0.0042065,9e-08,2.48e-06,0.00184665,4.12e-06,0.09542588,0.00168838,0.99647224,0.00135725,2.801e-05,0.00052559,0.00262085,0.99857545,0.00077152,3.1e-07,6e-07,1.085e-05,6.244e-05
1.2.840.113619.2.370.4.279707905.1574743810.941927.png,0.00384914,0.01022936,0.70607126,0.22044297,0.34642327,3.952e-05,0.00027255,0.00052838,0.01039015,2.361e-05,0.00016617,0.9549901,0.00019875,3.39e-05,0.00720783,0.02063147,0.00274455,1.316e-05,0.00038561
1.2.840.113619.2.370.4.279707905.1599871729.221762.png,0.00026258,0.99643326,0.00012427,3.654e-05,0.00430773,1.32e-06,0.9228846,2.323e-05,0.00018045,5e-07,0.00590958,0.5399273,0.99834466,7.77e-06,0.87435496,0.00026683,5.772e-05,3.1e-06,2.94e-06
1.2.840.113619.2.370.4.279707905.1597640662.257257.png,0.44891393,0.00046403,0.31041652,0.02347276,6.116e-05,0.00015098,0.00162621,0.0002009,0.07994052,0.00642823,2.928e-05,0.03853995,9.6e-07,5.91e-06,0.00061382,0.00099781,1.094e-05,0.00062972,4.8e-06
1.2.840.113619.2.370.4.279707905.1576306907.762003.png,0.00044233,0.20720856,7.29e-06,5.4e-06,5.801e-05,9.453e-05,0.23182316,0.00092835,0.0374867,0.01329994,0.07970705,0.00014671,2.992e-05,0.00384997,0.21859916,0.00025546,6.702e-05,0.03388622,0.00091057
1.2.840.113619.2.370.4.279707905.1593656851.744042.png,0.12297834,0.88737696,0.279724,0.00105052,0.30254468,0.00122799,0.02957912,0.00058848,0.00533319,0.00059192,0.63582283,0.6974864,0.00126628,0.00637977,0.03260233,0.00031229,0.00015423,1.21e-05,0.00049611
1.2.840.113619.2.370.4.279707905.1577123181.959607.png,1.01e-05,0.0709122,7.982e-05,6e-08,0.00019557,0.00018778,0.11331586,0.00098959,0.00011507,0.00014989,0.7862037,0.00122896,0.00010879,7.315e-05,0.00304103,1.13e-05,3.35e-06,0.00014346,3.76e-06
1.2.840.113619.2.370.4.279707905.1603348160.617994.png,0.04503985,0.9972168,0.00807355,0.00191552,0.00017536,5.919e-05,0.00376,0.00016121,0.00029393,0.01990279,0.0030247,0.02003221,0.00383631,0.00596402,0.9659909,0.00254823,0.00390183,5.1e-07,0.00137184
1.2.840.113619.2.203.4.279707905.1605035082.446829.1.png,0.99968314,0.00015339,7.866e-05,0.00016841,0.00341965,0.01383023,0.5133522,0.00065984,0.92537206,0.00467032,0.06202712,0.4843448,0.00030293,0.9991016,7.86e-05,2.982e-05,2.34e-06,5.897e-05,1.724e-05
1.2.840.113619.2.370.4.279707905.1578962999.286278.png,0.9622873,0.13282982,0.0690754,3.397e-05,0.00112015,5.491e-05,0.86121696,0.00224329,1.459e-05,0.00145746,0.11043826,0.07007932,0.04858325,0.52144384,0.09405052,0.00244278,0.00043819,0.00523619,0.05525382
1.2.840.113619.2.203.4.279707905.1575925890.334146.1.png,0.06455286,0.00292512,3.8e-07,0.00031603,0.02062182,4.309e-05,0.24279118,0.02681592,0.74372786,0.3685103,0.00016976,4.068e-05,0.00113142,0.9820426,0.00027338,1.953e-05,8e-08,0.00067298,2.454e-05
1.2.840.113619.2.370.4.279707905.1579587436.777829.png,0.15561502,0.02662628,0.00011606,2e-08,3.947e-05,1.067e-05,0.7535166,0.16907182,0.00016917,0.00244817,0.05087408,0.00499975,9.182e-05,0.95589966,0.01111639,8.608e-05,2.099e-05,0.01613639,0.42318332
1.2.840.113619.2.370.4.279707905.1598507623.149302.png,0.99755573,0.1947703,0.00052165,0.00011696,0.00016772,4.053e-05,0.00304949,2.9e-07,0.00382186,0.01262535,9.451e-05,0.00023159,8.09e-05,0.9997732,0.00052487,0.00089669,2.18e-06,0.05790138,0.00199281
1.2.840.113619.2.370.4.279707905.1578965976.239346.png,0.99958616,0.00010602,0.9886539,0.9814167,0.00014333,0.00394702,0.0001211,0.00034195,0.02742946,0.00738266,3.497e-05,5.181e-05,2.922e-05,0.01008084,0.00014573,0.00100328,6.029e-05,5.74e-05,1.191e-05
1.2.840.113619.2.370.4.279707905.1594867962.654128.png,6.97e-06,0.06574766,0.00018764,0.00025958,0.00014812,0.00075674,0.00439956,0.00051257,0.02361917,0.0140697,0.75594515,0.00430954,0.00013297,0.00013555,0.00032986,3.509e-05,2.623e-05,0.00021206,1.64e-06
1.2.840.113619.2.370.4.279707905.1579506633.757037.png,0.03061564,4.785e-05,0.13018201,0.99871254,0.01387259,0.6461355,0.00424405,0.7235346,0.90685594,0.00332086,0.00164694,0.00053881,2.409e-05,0.00064462,5.361e-05,0.00041102,0.00010427,1.429e-05,0.00011622
1.3.12.2.1107.5.3.56.1642.11.202007061530420875.png,0.6937996,0.70526266,0.1286776,0.54052633,5.238e-05,0.00042458,1.567e-05,0.0004211,0.00183872,0.02617782,0.00038684,0.00043199,0.00062609,0.00166251,0.00058937,0.01232624,0.000997,0.0001151,0.00085342
1.3.12.2.1107.5.3.33.2229.11.201911241642020734.png,0.00018186,0.7286576,5.745e-05,0.00039592,2.645e-05,0.00483052,0.00996248,0.00838983,0.00759188,0.09453855,0.7350627,0.03878526,0.05083861,0.00559535,0.00016489,1.412e-05,0.04025214,2.311e-05,2.751e-05
1.2.840.113619.2.370.4.279707905.1591059541.701257.png,0.00055511,0.53433096,5.65e-05,0.0001795,0.08491425,0.00015966,0.00047316,6.976e-05,0.00519115,0.8696406,0.00705322,0.00021078,0.00046248,0.00297721,0.93718725,4.948e-05,0.00361059,3.97e-06,6.32e-06
1.3.12.2.1107.5.3.56.1642.11.202007141453030640.png,0.9972264,0.0020818,0.25610837,0.98308104,0.00101279,0.67839473,0.01229079,0.75790006,0.00153954,0.00393815,0.0015202,2.973e-05,2.173e-05,0.0286738,0.00030375,0.00057025,0.00053637,0.00017995,0.00020859
1.2.840.113619.2.370.4.279707905.1594279822.561311.png,0.7581624,0.16862546,0.8496247,0.01238719,0.00061322,3.05e-05,0.00308315,0.00695211,0.00103509,0.06364525,0.00010829,0.01260454,2.214e-05,0.00678799,0.22382215,0.00028248,0.00139242,2.06e-06,0.07208702
1.3.12.2.1107.5.3.56.1642.11.202010121607130109.png,0.941174,0.00206247,0.5655246,0.93762434,0.00031423,0.01452082,0.00072866,0.00757402,0.01395706,0.00357596,0.00085232,0.00379222,3.891e-05,0.00476007,0.01219315,0.00331604,0.00023438,0.00018918,0.00020868
1.2.840.113619.2.370.4.279707905.1605402785.877703.png,0.57018703,0.0352976,0.7240399,0.7568226,0.05207044,0.00946908,0.06203926,0.00614927,0.00046433,0.00601462,3.098e-05,0.00045511,0.00011098,0.00036455,0.05366145,0.00163009,0.00312342,2.353e-05,0.00316968
1.2.840.113619.2.370.4.279707905.1577579950.727069.png,0.02376138,0.02232068,0.00032481,3.103e-05,4.97e-06,0.01539076,0.13101359,0.00250182,0.00140436,0.06961617,0.00023659,0.00030484,0.00031875,0.01147005,0.00138929,3.748e-05,0.00028179,0.1853709,0.00584342
1.2.840.113619.2.370.4.279707905.1576718794.873828.png,0.00064859,0.47741133,0.04455707,5.825e-05,0.02107062,0.23238218,0.7789616,0.10280117,0.00444506,0.12235592,0.15158235,0.03536286,0.27368286,0.00800575,6.729e-05,9.4e-06,7.061e-05,3.247e-05,8.406e-05
1.2.840.113619.2.370.4.279707905.1596327857.588987.png,2.327e-05,0.99951816,0.00020382,0.00130518,5.967e-05,4.878e-05,0.00015888,2.42e-05,0.00012699,9.801e-05,0.99972475,0.0001403,1.08e-06,5.932e-05,9.92e-05,0.00010055,6.96e-06,7.9e-07,8.6e-07
1.2.840.113619.2.370.4.279707905.1575852514.157283.png,0.8802496,0.22781187,0.00149553,0.09060984,0.23352525,0.00058413,0.00332308,0.0002002,0.00267582,0.04149289,0.00772115,0.00026778,0.00042597,0.71266663,0.02164917,0.00082048,7.535e-05,0.00025612,0.00241299
1.2.840.113619.2.370.4.279707905.1575440229.843955.png,0.9448793,0.07465181,0.01469424,1e-08,7.07e-06,1.913e-05,0.55969465,0.0022415,2.56e-06,0.0004671,7.41e-05,0.00708467,0.07258994,0.9232776,0.00164762,7.253e-05,9.55e-06,0.0031724,0.4243848
1.2.840.113619.2.370.4.279707905.1594704905.408092.png,0.93903154,9.24e-05,0.96952987,0.9993279,7.806e-05,0.04068798,1.491e-05,3e-08,0.7275251,1.495e-05,0.00014825,4.3e-06,4.85e-06,0.48819387,2.265e-05,0.0001597,1.2e-06,2.289e-05,9.35e-06
1.2.840.113619.2.203.4.279707905.1578945964.643442.1.png,0.9999992,1.34e-06,0.9983787,0.98628026,0.7427224,0.00029178,0.00329866,0.5303768,0.6966056,2.55e-06,1.669e-05,0.00049344,0.0008234,0.00031852,1.73e-06,6.465e-05,0.01391277,0.00067465,1.054e-05
1.2.840.113619.2.203.4.279707905.1578340935.973801.1.png,0.9931305,0.0007848,0.11267841,0.0132934,0.03200844,0.571246,0.06650232,0.03760802,0.03577458,0.00049396,0.00411717,0.00071609,0.00073967,0.85402614,3.133e-05,0.00031518,3.503e-05,0.02041364,5.119e-05
1.2.840.113619.2.370.4.279707905.1577324538.703229.png,0.00615604,0.00834734,0.0018894,0.00062959,0.00692915,0.0007849,0.6830372,4e-06,0.04416232,0.06763,0.05670437,0.0016351,0.00020626,0.02552349,0.00666932,0.00010691,5.883e-05,0.1044511,0.00027749
1.2.840.113619.2.370.4.279707905.1603089188.91564.png,0.14768027,0.00709812,0.488894,0.01943921,6.15e-06,0.00014807,0.00646506,0.1287587,0.3613074,0.02995115,5.827e-05,8.21e-06,5.6e-07,0.00042888,0.00222799,5.534e-05,1.839e-05,4.226e-05,0.00107275
1.2.840.113619.2.203.4.279707905.1577132956.745513.1.png,0.99835926,0.01215913,0.00020973,0.08618022,0.00440397,0.00522915,0.0062655,0.01368576,0.43837133,0.00355595,8.511e-05,5.44e-05,0.00103116,0.98512554,0.00084237,0.00016708,4.1e-05,0.36655805,0.00074229
1.2.840.113619.2.370.4.279707905.1599878984.750238.png,0.02213276,0.00011109,0.00096527,0.9835071,2.7e-07,0.00028041,0.11261615,0.00746118,0.99992114,0.94651026,2.715e-05,1.7e-07,2.1e-07,0.0001121,1.2e-05,0.00023719,1.189e-05,1.639e-05,4e-08
1.2.840.113619.2.370.4.279707905.1598420241.562825.png,0.3136139,0.02508839,0.02422348,7.971e-05,0.00236032,0.12801705,0.00749395,1.183e-05,0.00010198,0.0237093,0.7237084,0.4953472,0.00246252,0.11971924,0.0057497,0.00090941,3.693e-05,0.01794893,6.888e-05
1.2.840.113619.2.370.4.279707905.1597890511.529721.png,0.03106156,0.01194841,0.678112,0.85916626,0.00019547,0.00767055,4.32e-06,0.00297572,9.939e-05,0.16993923,4.945e-05,0.00019552,6.5e-07,0.00026641,0.04544134,0.00058063,8.345e-05,1.16e-06,0.00015144
1.2.840.113619.2.370.4.279707905.1578013867.442141.png,0.03123278,0.983521,0.00787514,1.4e-07,5.95e-06,4.902e-05,0.22964,0.00200758,2.942e-05,2.849e-05,0.14195381,0.00042922,0.06377302,0.01613916,0.00039124,6.56e-06,7.38e-06,0.00716529,0.00110025
1.2.840.113619.2.370.4.279707905.1587265191.100803.png,0.00183336,0.98868936,0.02675095,0.00027357,0.00591213,0.00371131,0.00340708,0.00087438,0.00054626,0.00017461,0.98843,0.00804264,0.00021973,0.00117171,0.00063548,4.602e-05,8.114e-05,3.77e-06,4.794e-05
1.2.840.113619.2.370.4.279707905.1579046978.586458.png,0.58905005,0.00838538,0.79304147,0.5343963,0.0351723,0.00264056,0.0286119,0.13215438,0.56613415,0.00322528,4.961e-05,2.061e-05,0.00114972,0.00023471,0.00247701,0.00205597,0.06453375,0.00140537,0.00022459
1.2.840.113619.2.203.4.279707905.1593801240.222520.1.png,0.9739596,0.00084724,0.00597018,0.00090854,4.128e-05,0.09574427,0.00098019,0.00037518,0.10136506,0.00353453,0.00401432,0.01895106,0.02504188,0.2398663,0.00070023,1.783e-05,3.9e-06,0.00740265,0.00010213
1.3.46.670589.30.1.6.1.963334151171.1578991336265.2.png,0.01068835,1.452e-05,0.944481,6.714e-05,4.331e-05,0.00588027,0.4017388,2.738e-05,1.1e-07,2.24e-05,0.1225191,1.895e-05,0.00012111,0.0001121,2.067e-05,1e-07,0.02682757,4e-08,0.00063897
1.2.840.113619.2.370.4.279707905.1579571885.850155.png,0.99597126,0.00226994,0.5636712,3.62e-06,0.02070232,0.2107668,0.9977563,0.01688227,0.53457963,0.21398523,0.00031094,0.13909142,0.5840389,0.97710854,5.91e-06,9.18e-06,1.766e-05,1.17e-06,0.0011628
1.2.840.113619.2.203.4.279707905.1583522377.134314.1.png,0.9966624,0.00683535,0.8259216,0.98685765,0.00073634,0.2836679,0.00225959,0.03092148,0.14923306,0.09651531,0.00026397,2.38e-06,1.61e-06,0.09336151,0.00046195,0.03534785,7.357e-05,0.00013377,0.00013123
1.3.12.2.1107.5.3.56.1642.11.202004051407480843.png,0.22585016,0.9132263,0.06915325,0.07679335,0.0002569,0.00280232,0.0476781,0.01603948,0.00694742,0.17935205,0.00085182,1.299e-05,8.78e-06,0.00111949,0.00697355,0.00022487,0.00030028,1.888e-05,0.00107736
1.2.840.113619.2.203.4.279707905.1576613724.970715.1.png,0.01903451,0.00012996,1.271e-05,0.00415936,2.307e-05,0.00014509,0.94775814,0.8142886,0.99998355,0.0002792,0.00023528,1.9e-06,5.16e-06,0.00011408,0.00087298,3.704e-05,2.396e-05,7.504e-05,3.09e-06
1.2.840.113619.2.370.4.279707905.1577120069.606139.png,0.9865168,6.679e-05,0.68284506,0.8708714,0.3846028,0.0826248,0.00143867,0.00032672,0.10753725,0.00015464,0.00224356,0.00478744,0.00550406,0.14908843,7.979e-05,0.0008071,0.00035775,0.01097616,0.00106053
1.3.12.2.1107.5.3.56.1642.11.202006091557190796.png,0.000556,0.99998814,5e-08,4.8e-06,0.00975825,0.0,0.0550753,1.1e-07,7.26e-06,0.00032644,0.04656128,0.02192702,0.9763168,6.788e-05,0.9999869,6.196e-05,1.53e-06,4e-08,6.7e-07
1.2.840.113619.2.370.4.279707905.1575597509.272542.png,8.93e-05,0.3225418,0.0084638,0.01353388,0.12544626,1.63e-06,0.00027913,3.25e-06,0.00145486,0.00049344,0.00011754,0.9234252,1.455e-05,6.46e-06,0.7897928,0.00279418,0.0151224,3.2e-07,2.44e-06
1.3.12.2.1107.5.3.33.2229.11.202004151416370218.png,8.35e-06,0.987582,2.88e-05,8.306e-05,0.00232069,0.99515915,9e-06,2.586e-05,1.436e-05,0.97205406,0.85270715,0.00025801,5.801e-05,3.01e-06,0.03107427,9.94e-06,0.00030898,2.7e-07,9.5e-07
1.3.12.2.1107.5.3.56.1642.11.202005111547150718.png,0.9853882,0.00066354,0.42771864,0.99960613,0.0256821,0.00017987,3.556e-05,0.00026966,0.0005677,0.00147064,5.968e-05,0.00022498,0.00017476,0.03172296,0.00065874,0.94823587,0.00059979,0.00103459,0.00085063
1.2.840.113619.2.370.4.279707905.1575335359.54236.png,0.27497932,0.00049635,0.9128947,9.6e-07,0.0018926,0.00028147,0.91800547,0.00011925,9.17e-06,0.00395231,0.00169369,0.2753395,0.00454214,0.05740006,4.675e-05,6.345e-05,3.796e-05,0.00119995,0.0140649
1.3.12.2.1107.5.3.33.2229.11.201911301625510578.png,0.00025644,0.00720292,0.01820032,0.00015876,6.811e-05,0.3506576,0.00062557,0.00172212,0.00031928,0.18526252,0.00228577,0.24700107,0.88985735,0.00102157,0.00016465,2.3e-05,0.4887572,0.00031016,2.871e-05
1.2.840.113619.2.370.4.279707905.1577136165.504623.png,0.04456476,0.6016097,0.00013831,2e-08,4.02e-06,6.948e-05,0.08480687,1.211e-05,0.00011149,3.501e-05,0.0657335,0.01931583,0.07489711,0.06822352,0.00055191,4.921e-05,1.156e-05,0.05825827,0.00216731
1.3.12.2.1107.5.3.33.2229.11.202011011421130843.png,0.02565076,0.48790324,0.38786775,5.76e-06,0.00073672,0.36121985,0.01207103,0.00338975,0.00217375,0.09516244,0.00024573,0.00133386,0.0226329,0.00012751,0.00152281,4.76e-06,0.000838,2.904e-05,0.05444215
1.2.840.113619.2.370.4.279707905.1597453454.631475.png,0.03420587,0.68640965,0.01185243,0.00142175,0.01214351,0.00722412,0.3558894,0.01701518,0.00501417,0.00123679,0.1503141,0.14962684,0.03752324,0.01790016,0.09715225,0.00376526,0.00058774,4.585e-05,0.00389457
1.2.840.113619.2.370.4.279707905.1584924570.345873.png,0.00075934,0.1579216,0.01440488,0.01681547,0.00015034,0.00744242,7.22e-06,2.83e-06,9.85e-06,0.09801236,0.95798653,0.00011108,6.914e-05,0.4055597,2.205e-05,5.229e-05,8.2e-06,2.2e-07,3.253e-05
1.2.840.113619.2.370.4.279707905.1575511757.750382.png,0.00163322,0.5918531,0.01105796,2.6e-06,0.00033315,0.04149069,0.00390467,1.85e-06,0.00034014,0.56762224,0.00171093,0.00220965,0.00011126,0.0024636,0.08179778,5.187e-05,4.858e-05,0.00998738,0.00030476
1.2.840.113619.2.203.4.279707905.1604950337.277332.1.png,0.43925747,0.00043386,0.00033802,0.02513522,0.8561908,0.00017333,0.04490149,0.28969136,0.7134595,0.00020684,0.00232543,0.00043013,0.00026891,0.32796586,0.00087412,1.89e-05,1.505e-05,0.00033193,3.048e-05
1.2.840.113619.2.370.4.279707905.1574812984.808388.png,0.00222723,0.00079478,0.0002864,0.00064074,0.00049456,0.0005498,0.9784047,1.65e-06,0.18272553,0.38980085,0.10394412,0.00175182,5.06e-05,0.02492522,0.0009397,9.16e-06,0.00058579,0.00585462,1.018e-05
1.3.12.2.1107.5.3.56.1642.11.201911271530130953.png,0.9063933,0.34891924,0.699326,0.85152984,0.00104836,0.02885648,0.00507135,0.05122613,0.0057605,0.17151313,0.00026487,3.537e-05,1.168e-05,0.01289418,0.01341486,0.04822343,0.00587549,1.365e-05,0.0063479
1.2.840.113619.2.370.4.279707905.1601185578.796138.png,0.41623443,0.02499404,0.92437387,5.161e-05,0.002075,0.00024031,0.0007425,2.24e-06,9.08e-06,0.00024537,8.727e-05,0.9955848,0.00437938,7.252e-05,0.00019415,7.06e-06,0.00107478,7.36e-06,1.325e-05
1.2.840.113619.2.370.4.279707905.1604037581.368879.png,0.6387334,0.001089,0.0089296,0.0002301,0.00548741,0.09115966,0.12199178,0.00149825,0.00328595,0.0025651,0.00089097,0.00065322,3.566e-05,0.02291562,0.0008737,0.00226434,2.108e-05,0.00905022,0.0085937
1.2.840.113619.2.370.4.279707905.1579070451.211790.png,0.00543927,0.00027079,0.000135,2.345e-05,5.798e-05,0.00309963,0.4280614,0.02365123,0.01856555,0.00889664,0.09374061,0.00894554,1.65e-05,0.00116549,0.00090479,0.00061467,2.54e-05,0.00217627,1.975e-05
1.3.12.2.1107.5.3.56.1642.11.202010221559120578.png,0.9693796,0.00109716,0.989071,0.99987113,7.72e-06,0.00030045,6.252e-05,0.00036945,0.01377123,0.00020117,3.669e-05,4.02e-06,1.278e-05,0.00011579,1.116e-05,0.03484638,0.0010206,1.56e-05,0.00550671
1.2.840.113619.2.370.4.279707905.1576842505.893237.png,0.89192814,0.00325929,0.99984413,0.00676253,0.984623,0.23456132,0.99849147,0.00480914,0.00251033,0.00164976,9.389e-05,0.00015779,0.00016133,0.00060532,0.00035471,0.00062491,0.00052468,9.523e-05,0.0029665
1.2.840.113619.2.203.4.279707905.1605302279.37714.1.png,0.50003237,0.00045222,0.3371199,0.8902969,0.00590265,0.46031716,0.11430627,0.07241057,0.11995334,0.07828998,0.0015412,8.637e-05,0.00067053,0.01840161,0.0002748,0.00240829,4.2e-06,0.00031501,9.279e-05
1.3.12.2.1107.5.3.56.1642.11.202001231451020125.png,0.9629412,0.00597576,0.23020343,0.9996748,0.00018341,0.00010244,2.38e-06,1.43e-06,4.6e-07,2.55e-06,0.00021433,6.431e-05,4.038e-05,1.515e-05,1.377e-05,0.28593722,0.01321495,0.000565,0.0001657
1.2.840.113619.2.370.4.279707905.1579780622.72461.png,0.00155872,0.04513439,0.00304621,1.802e-05,0.00620057,0.00054215,0.5859141,2.5e-07,1.445e-05,0.7337861,0.25039452,0.00160976,0.02330737,0.09927636,0.03766786,7.158e-05,0.00028418,0.00065567,0.00025281
1.2.840.113619.2.370.4.279707905.1574735898.214919.png,0.00029614,0.03441454,0.23011968,3.94e-06,0.00395709,0.00048213,0.00399125,2.1e-07,1.2e-07,0.7963963,0.04531663,0.03605442,0.01823711,0.00611129,0.01189674,5.581e-05,0.00039747,0.00013286,2.472e-05
1.2.840.113619.2.370.4.279707905.1602747365.62413.png,0.09696677,0.96910965,0.00011949,0.00312809,0.04399262,0.00154827,0.42544383,0.00084221,0.00515143,0.00237076,0.4421381,0.40692616,0.00266854,0.03617826,0.01481378,0.00249918,0.00029683,3.16e-06,2.21e-05
1.3.12.2.1107.5.3.56.1642.11.202003091422460546.png,0.00116185,0.00027922,0.00015276,0.9069752,4.053e-05,0.02391297,0.00021589,0.20588633,0.4692162,0.00500243,0.00334159,1.384e-05,0.00010445,0.00107412,4.84e-05,0.00034402,0.08861934,0.01572668,7.52e-06
1.2.840.113619.2.370.4.279707905.1592808272.290660.png,0.01017184,0.9540772,0.01526091,0.00031353,7.19e-06,0.00010509,0.02447351,0.00406958,0.00045288,0.0008979,1.693e-05,5.2e-07,3.225e-05,0.00057119,0.68048406,0.00021557,0.00017388,0.00027728,0.01135047
1.3.12.2.1107.5.3.56.1642.11.202007010948050609.png,0.04319924,0.98975,0.0016913,0.03805296,0.00021462,4.43e-06,0.00056306,3.639e-05,0.00010764,0.00738329,0.01558999,0.00010824,0.01667885,0.00508424,0.99232215,0.00247869,0.00393819,1.3e-07,5.34e-06
1.2.840.113619.2.370.4.279707905.1579568244.480768.png,0.00062295,0.85869426,0.04684108,5.3e-07,0.00558861,0.0002558,0.04144647,1.5e-07,2.51e-05,6.28e-05,0.9959002,0.00094571,1.209e-05,0.00041203,1.499e-05,7.1e-07,1.247e-05,0.00051846,2.98e-06
1.2.840.113619.2.370.4.279707905.1605858305.773240.png,0.9453597,0.22747175,0.3229422,0.00033766,0.03695616,0.0001046,0.02066532,3.115e-05,0.00120976,0.10182186,0.0001316,0.4947217,5.19e-06,9.797e-05,0.686148,0.00068118,0.00011816,1.05e-06,6.553e-05
1.2.840.113619.2.203.4.279707905.1577736226.127717.1.png,0.179319,0.0001127,0.00010676,0.11310587,0.007607,0.03307483,0.9189501,0.9956572,0.99537253,0.00733468,0.00072158,0.00350624,0.00089294,0.0004995,0.00274377,0.00094407,6.48e-05,1.515e-05,3.975e-05
1.2.840.113619.2.370.4.279707905.1605855604.435759.png,0.9785976,0.03420974,0.69381773,0.00172876,0.00635302,3.518e-05,0.00077369,0.00375942,0.00384883,0.00010818,0.00011171,0.98815674,0.00362265,0.00023096,0.00570998,0.00010015,0.00146843,2.512e-05,7.493e-05
1.2.840.113619.2.370.4.279707905.1576114449.939657.png,0.0144543,0.00115134,0.03158156,0.7983284,0.00149761,0.00030683,0.05893754,0.00010192,0.01253286,0.04366402,0.00071618,4.21e-06,9.223e-05,0.00026494,0.01170732,0.00043572,0.00082457,0.00219289,0.00060272
1.2.840.113619.2.370.4.279707905.1578548496.255443.png,0.00038799,0.13595438,0.00157342,1.825e-05,0.00188176,0.001764,0.09655004,8.391e-05,0.00974655,0.83641315,0.0020131,0.0025038,0.00030428,0.00943518,0.04477367,0.00016035,0.00017488,0.00287404,0.00055012
1.2.840.113619.2.370.4.279707905.1578188264.244105.png,0.00269604,0.99965096,1.151e-05,1.432e-05,2.58e-06,1.6e-06,0.0148662,1.865e-05,2.328e-05,0.00035667,0.00906349,8.588e-05,0.00059709,0.00022908,0.9993474,0.00033167,0.00012829,7.948e-05,0.00010427
1.3.46.670589.30.1.6.1.963334151171.1602697914703.2.png,0.00020895,0.0,0.00032096,0.9999964,0.0059332,0.00065715,0.00027349,7.68e-06,3e-08,2.77e-06,6.554e-05,2.143e-05,8.3e-07,2e-08,0.0,3.7e-07,0.9998908,1.47e-06,4.4e-07
1.2.840.113619.2.370.4.279707905.1574906404.98871.png,0.6444963,7.9e-07,0.09602343,0.9999511,0.00181814,0.17800418,0.00063097,0.02438622,0.98565024,0.00010217,0.00029244,1.88e-06,7.9e-06,0.00147376,0.00025318,0.00242942,1.977e-05,4.995e-05,0.00010827
1.2.840.113619.2.370.4.279707905.1578558281.556348.png,0.9371753,0.00020521,0.01606855,0.72428507,0.00025271,1.401e-05,0.00457805,0.00870002,0.6595192,0.32041654,0.00052223,0.30167213,1.47e-06,0.00011007,0.00250018,7.069e-05,3.869e-05,7e-08,1.3e-07
1.2.840.113619.2.203.4.279707905.1576532666.603853.1.png,0.9579969,0.00039061,0.09443887,0.97977567,0.09764164,0.4583943,0.01051102,0.00037317,0.05165376,0.00114505,0.00024956,0.00171255,0.00291553,0.40498373,0.00059789,0.00127264,6.49e-06,0.05458782,5.188e-05
1.2.840.113619.2.370.4.279707905.1579744220.357941.png,0.12560149,0.2944161,3.433e-05,0.00026513,0.19741128,8.817e-05,0.09886432,0.44163087,0.07894034,0.00093074,0.0044003,0.00021242,0.00057226,0.01293201,0.04987124,0.000327,0.000244,0.00011583,0.00027605
1.2.840.113619.2.370.4.279707905.1578297598.33322.png,0.00011024,0.00474966,2.539e-05,2.132e-05,4e-06,9.372e-05,0.18084122,0.1056864,0.00753656,0.0069334,0.15875517,0.00526946,1.62e-05,0.00233785,0.00019286,3.73e-06,9.53e-06,0.00150583,3.04e-06
1.2.840.113619.2.370.4.279707905.1601789609.312017.png,0.1096239,0.01444421,0.00248945,0.00304976,0.13821156,0.004261,0.4779814,0.00149983,0.01698137,0.02471561,0.10505129,0.00780206,9.897e-05,0.19835822,0.003376,0.00255666,2.789e-05,0.00349937,0.00056915
1.2.840.113619.2.370.4.279707905.1599117260.377571.png,0.5614375,0.00037203,0.00198416,0.01357217,0.00821752,1.836e-05,0.38662437,0.01682484,0.98192424,0.0067188,0.00574038,0.78088087,5.04e-06,0.00499334,0.0008717,0.00015483,3.985e-05,3.73e-06,5.5e-07
1.2.840.113619.2.370.4.279707905.1578790808.396672.png,0.9979228,0.99367726,0.00010391,0.0041065,2.031e-05,0.00012895,0.00024544,4.12e-06,0.00288298,6.932e-05,6.94e-06,4.43e-06,0.00093681,0.00052916,0.02011142,0.00016037,0.554431,4.606e-05,5.1e-07
1.2.840.113619.2.370.4.279707905.1589519992.22172.png,1.1e-07,0.99994045,2.33e-06,1.918e-05,1.121e-05,0.07202202,0.00099278,0.02111817,0.002446,0.32858452,0.0825993,2.62e-06,0.00668145,9.4e-06,0.07865996,9.9e-07,0.00066655,1.38e-06,2.25e-06
1.2.840.113619.2.203.4.279707905.1575399929.83104.1.png,0.00340428,0.08543324,0.04119993,9e-08,0.00029237,0.68037146,0.00106079,0.00019461,0.00143209,0.00077892,0.00230435,0.3690247,0.0273392,0.00068726,7.32e-06,3.77e-06,5.9e-07,0.01334678,4.543e-05
1.2.840.113619.2.370.4.279707905.1578358766.474476.png,0.01795489,0.12022311,0.00972252,1.509e-05,0.00244137,1.977e-05,0.02100944,2.67e-05,0.00032543,0.00242992,0.01645572,0.00085026,0.00085741,0.11022158,0.03488233,0.00016371,0.0005528,0.008487,0.01373666
1.3.12.2.1107.5.3.56.1642.11.202001110716030500.png,0.99999595,0.00160742,0.9993243,0.9838069,0.02583828,1.163e-05,1.18e-06,0.01683876,3.387e-05,0.11711311,6.9e-07,3.59e-06,2.92e-06,0.05436926,6.41e-06,0.00416752,0.00102413,2.02e-06,0.00039534
1.2.840.113619.2.370.4.279707905.1586998962.306334.png,0.30130583,0.03821758,0.3518837,0.00023972,0.01800241,0.0287972,0.05032816,0.00191125,0.00017619,0.3248724,0.50416166,0.00836849,0.00080646,0.66679513,0.00256481,0.0001213,0.0043841,0.00157425,0.09868488
1.2.840.113619.2.370.4.279707905.1578968007.756086.png,0.00035317,0.9755344,0.00020195,5.2e-07,1.188e-05,0.00253921,0.0007582,1.439e-05,2.657e-05,0.07470735,0.00023405,0.16130301,0.9196077,0.0004143,0.00992843,4.22e-06,0.00033234,6.81e-06,1.7e-06
1.3.12.2.1107.5.3.56.1642.11.202007211556580281.png,0.99466985,0.0003815,0.2928925,0.00599945,0.02998831,0.20705003,0.2409478,0.0777706,0.05821014,0.00094465,0.03497417,0.03833013,0.00155192,0.07764294,7.905e-05,0.05009796,0.01350138,0.2505709,0.0284901
1.2.840.113619.2.370.4.279707905.1605927735.730557.png,0.01843513,0.07744751,0.01689676,4.8e-07,0.00214334,0.00086589,0.84359,7.15e-06,2.242e-05,0.00687409,0.06781031,0.04632404,0.00059319,0.01841895,0.00054425,7.573e-05,2.445e-05,0.00026197,7.482e-05
1.2.156.112536.2.560.64226048152091077.1333654472499.40.png,0.97875494,0.03238405,0.01151927,0.610797,1.03e-05,0.00442453,0.00022763,0.00115095,0.00028058,9.2e-05,0.11986293,0.00754955,0.00200782,0.0096736,5.122e-05,0.01060121,0.12656996,0.00710274,0.00023632
1.2.840.113619.2.370.4.279707905.1578172349.56129.png,0.16589159,0.92536706,0.21558572,9.5e-06,3.611e-05,2.95e-06,0.08354414,0.00345443,0.00035812,0.01012842,0.00030685,0.00431998,6.3e-07,0.00325089,0.03038759,6.132e-05,0.00021008,2.37e-06,0.0151231
1.2.840.113619.2.370.4.279707905.1579415082.483148.png,0.00511904,2.13e-06,0.15462333,0.9999856,5.329e-05,0.09602004,0.00014114,0.15566236,0.99599653,0.00259088,0.0002171,2.687e-05,9.4e-07,0.00014004,6.307e-05,0.00232425,1.74e-06,5.74e-06,4.7e-07
1.2.840.113619.2.370.4.279707905.1576393835.283413.png,0.04573039,0.43197656,0.07041354,0.00018062,0.05103446,1.325e-05,0.01477954,0.00024379,0.0010286,6.139e-05,0.18673526,0.910904,0.0359587,0.0030139,0.02123861,0.0010877,0.00063978,0.00023338,0.00251095
1.3.12.2.1107.5.3.56.1642.11.202007021512360937.png,0.19927783,4.534e-05,0.00434211,0.98375314,6.8e-07,0.0001941,1.437e-05,0.00056833,2.65e-05,5.41e-06,0.03547687,0.00018695,6.36e-06,6.5e-07,3.056e-05,0.9994641,0.00012751,7.1e-07,1.08e-06
1.2.840.113619.2.370.4.279707905.1605507228.653745.png,0.08938743,7.58e-05,0.03740432,0.96870583,0.000896,0.02323913,0.00582977,0.49305233,0.8803409,0.00508712,0.00163236,0.0030997,1.96e-06,0.00087448,0.00010079,0.00015216,1.385e-05,3.719e-05,4.15e-06
1.2.840.113619.2.370.4.279707905.1578622491.964450.png,0.0137106,0.00095994,0.00012915,0.00418991,0.00046717,0.00399646,0.99122155,0.9146926,0.26031217,0.2054685,0.00174167,0.00020792,0.00027392,0.00102492,0.00012655,6.83e-06,1.843e-05,5.5e-07,4.27e-06
1.2.840.113619.2.203.4.279707905.1576524504.98546.1.png,0.01734314,0.02017436,1.567e-05,6.281e-05,0.0001009,0.6671429,0.06334054,0.00180621,0.3006613,0.987686,0.00120382,0.00011543,0.00079759,0.08258835,0.00400408,3.72e-06,0.00217052,2.785e-05,2.219e-05
1.2.840.113619.2.370.4.279707905.1589761721.690953.png,0.00393785,0.01765006,7.594e-05,3.16e-06,3.69e-06,3.04e-06,0.39187023,4.813e-05,0.00019789,0.04199404,0.31154513,0.01554654,4.58e-06,0.12379865,0.00018463,7.11e-06,4.766e-05,4.076e-05,2.91e-06
1.2.840.113619.2.203.4.279707905.1576268133.281740.1.png,0.9983995,0.90441614,0.31056848,0.898182,0.00058889,0.17911448,0.00106368,0.00099849,0.01406842,0.00014086,0.00067132,0.00074181,0.05736531,0.04419916,0.00503184,0.00799785,0.00298865,0.01409539,0.00156403
1.2.840.113619.2.370.4.279707905.1602826930.575065.png,0.00929124,0.98637635,0.0122729,2.847e-05,0.00386619,0.00023979,0.98149973,0.00819225,0.02697309,0.00962812,0.01048601,0.33090454,0.04143958,0.00386143,0.12088232,0.00017183,0.01225571,1.81e-06,0.00075168
1.2.840.113619.2.370.4.279707905.1591163251.711849.png,0.00926624,0.9981929,0.00113091,5.631e-05,0.00041789,0.00012421,0.82569575,0.01446813,0.00363183,0.00064219,0.03438818,0.00920747,0.11883364,0.00137426,0.6866563,0.00034244,0.00031225,6.93e-06,0.00048781
1.3.12.2.1107.5.3.56.1642.11.202011091622240203.png,0.0523369,0.08237104,0.00164541,0.00223211,3.904e-05,1.678e-05,0.398538,0.000454,0.00017907,6.288e-05,0.02699515,0.5996789,0.8860742,0.00223486,0.07540716,0.00019577,1.609e-05,9.09e-06,4.072e-05
1.2.840.113619.2.370.4.279707905.1584685687.353860.png,0.00788313,0.42032257,0.01788453,3.699e-05,0.06679338,0.02100246,0.01521824,4.14e-05,7.353e-05,0.75056595,0.06827316,0.01612277,0.00350953,0.02567493,0.06763603,0.00019597,8.588e-05,0.0003171,6.415e-05
1.2.840.113619.2.203.4.279707905.1594926848.227071.1.png,0.990195,0.62413067,0.9690415,0.00050789,0.0001976,0.00106915,3.11e-06,3.34e-06,4.87e-06,0.0001542,0.00086786,0.04956446,0.0308322,0.04586366,4.07e-06,0.00027255,0.07866059,0.3047821,0.00380541
1.3.12.2.1107.5.3.33.2229.11.201911261456070625.png,0.00760679,0.1762098,0.00020958,0.01071713,0.21423642,0.00442362,0.07734512,0.00062608,0.89677966,0.05392192,0.04090435,0.20525993,1.158e-05,0.00013401,0.11708689,0.00065401,0.00154555,0.00011114,1.1e-06
1.3.12.2.1107.5.3.56.1642.11.202010261508170140.png,0.98774725,6.326e-05,0.93046045,0.99995744,0.0053333,0.00049917,0.00020159,0.35050845,0.06154997,0.00020588,8.682e-05,3.055e-05,8.427e-05,0.00039515,7.498e-05,0.10921008,0.00097522,0.00014582,0.00701651
1.2.840.113619.2.370.4.279707905.1574475002.558088.png,0.00556865,0.9339988,0.00036663,0.00026562,0.00642502,0.00014369,0.04915742,0.00084546,0.09248785,0.00139842,0.86172533,0.95116746,0.00026696,0.00188658,0.04324654,9.236e-05,0.00023449,2.17e-06,2.126e-05
1.2.840.113619.2.370.4.279707905.1591149993.911421.png,0.32315937,0.03239955,0.00022265,0.00145433,0.0001269,0.00018968,0.10598162,0.00064383,0.03616282,0.1331673,0.00120492,1.637e-05,3.119e-05,0.90464854,0.00182737,1.036e-05,1.77e-06,6.699e-05,0.00022766
1.3.12.2.1107.5.3.33.2229.11.201911301551070953.png,0.00675671,0.03316932,0.00030937,0.12618361,0.00014369,0.29183602,0.0010325,5.827e-05,0.0055068,0.9684998,0.01262242,0.00179572,1.868e-05,0.0188774,0.00866001,0.00097122,0.00027402,9.5e-07,1.11e-06
1.2.840.113619.2.370.4.279707905.1595897640.907837.png,0.9993306,0.00010329,0.8664996,0.91885734,0.00174798,0.02745616,0.00709388,5.044e-05,0.4803502,0.00030218,4.675e-05,0.00015776,0.00030107,0.02658022,2.16e-05,0.00614943,5.015e-05,0.01467345,0.00041403
1.3.12.2.1107.5.3.56.1642.11.202008261510300812.png,0.91206753,1.42e-05,0.3155535,0.9969779,0.39977863,0.00527808,0.00314061,0.00052368,0.00182176,0.00028976,0.00026613,0.00062457,6.378e-05,1.816e-05,8.238e-05,0.03194326,0.00417214,7.959e-05,0.00093741
1.2.840.113619.2.370.4.279707905.1600324983.114856.png,0.0243581,0.59884334,0.06497016,0.00107075,0.01951515,0.00018674,0.04096876,0.00213071,0.01717445,0.00095443,0.0404773,0.93249667,4.07e-05,0.001158,0.31056902,0.00085771,6.354e-05,1.39e-06,0.00018683
1.2.840.113619.2.370.4.279707905.1577955188.78567.png,6.301e-05,0.521263,0.03869486,0.2530143,0.02017686,0.00726064,0.00042374,6.81e-06,0.01040636,5.788e-05,0.984614,0.00025376,7.82e-06,5.286e-05,0.00037482,0.00027459,1.417e-05,6.85e-06,7.83e-05
1.2.840.113619.2.370.4.279707905.1575424708.734122.png,0.01561859,0.9939121,3.26e-06,5.587e-05,3.061e-05,0.00153954,0.00329921,3.209e-05,0.00026756,0.33000186,0.00575118,5.844e-05,0.00202505,0.01016255,0.8427812,9.91e-05,0.00011314,0.00431462,0.00037362
1.2.840.113619.2.370.4.279707905.1579931221.972137.png,0.00026035,0.2245691,0.10776408,2.5e-07,0.00367592,0.01259062,0.02314078,0.00028304,0.00035206,0.7296588,0.07910092,0.02574643,0.02656281,0.14263837,0.00715029,4.17e-06,0.0009822,0.00064294,0.00587545
1.2.840.113619.2.203.4.279707905.1585146350.700490.1.png,0.9978642,0.00298072,0.00186314,0.0688172,0.00418137,0.5906691,0.00199488,0.00123072,0.00074677,0.26392072,0.0016986,0.04397544,0.00010988,0.26210305,4.479e-05,0.00220093,6.656e-05,0.0049641,0.00016697
1.3.46.670589.30.1.6.1.963334151171.1576870500593.2.png,0.1064759,9.06e-05,0.00016558,0.9986547,0.00105528,0.00060791,0.0021429,0.00022651,1.006e-05,1.783e-05,0.00014614,1.46e-06,0.00160973,2.57e-06,0.00121863,0.00079158,0.14499608,1.51e-05,0.00018664
1.3.12.2.1107.5.3.33.2229.11.202009011505540218.png,0.9464822,0.00221594,0.24879296,0.88248706,0.00654318,0.02848614,0.04605229,0.13123535,0.05174122,0.00567614,0.00016511,0.00332092,0.00042571,0.0003008,0.00036522,0.01848,0.00082981,0.00148311,0.00090597
1.2.840.113619.2.203.4.279707905.1576703124.13317.1.png,0.56388575,0.32335448,0.23175219,3e-08,1.219e-05,0.00059224,0.0004152,1.24e-05,4e-06,9.97e-05,0.0440425,0.554392,0.32836807,0.32887605,0.00092982,0.00011095,5.21e-06,0.4536416,0.00231472
1.2.840.113619.2.370.4.279707905.1598409814.733836.png,0.03933122,0.1084106,0.00409638,0.00068512,0.00476439,0.00087407,0.00218857,2e-08,1.892e-05,0.06502138,0.13591684,0.00014268,9.069e-05,0.91847897,0.00204104,6.576e-05,4e-07,0.00019177,0.00013425
1.3.12.2.1107.5.3.33.2229.11.202006131050320078.png,0.09104242,0.26815653,0.00337583,2.599e-05,0.00435652,0.03496184,0.001588,4.15e-06,0.00011712,0.42493036,8.08e-06,0.02654824,0.00035264,0.00022642,0.6780266,0.00028514,0.00013584,0.00069058,0.00017932
1.2.840.113619.2.203.4.279707905.1577819343.775846.1.png,0.5637313,0.23473032,0.00015131,0.00272826,0.00050552,0.01493544,0.06181756,0.00348632,0.05539162,0.34225667,0.00016613,0.00074856,0.00022921,0.76899433,0.00013005,0.00010242,1.432e-05,7.447e-05,0.00020471
1.3.12.2.1107.5.3.56.1642.11.202001101455410015.png,0.00022604,0.9981366,8e-08,0.4120119,0.00011713,0.00010847,0.12914886,0.01889493,0.702272,0.00020954,0.00636336,0.00056352,0.7153456,3.9e-07,0.00897752,0.00156868,0.00816039,3.77e-06,1.5e-07
1.2.840.113619.2.370.4.279707905.1578453857.695005.png,0.6658856,0.00690506,0.00214095,0.00560668,0.00031019,0.00491814,0.04629844,0.03547338,0.53180504,0.08644567,0.00563017,0.00468172,0.00010028,0.06949694,0.02436331,0.00359276,0.00074256,0.11905641,0.00059772
1.2.840.113619.2.370.4.279707905.1579738952.318491.png,0.04087199,0.0028202,0.07622386,0.879831,0.00402838,1.445e-05,0.00178162,0.00830774,0.00268401,1.357e-05,0.00248295,0.02118872,0.00011054,1.793e-05,0.00524549,0.6150537,0.00644559,1.02e-06,0.00023176
1.3.12.2.1107.5.3.33.2229.11.202008290951030812.png,0.120946,0.01415293,0.12834224,0.00494702,0.00057887,0.2347528,0.00312994,0.06837478,0.00558058,0.7728484,0.00631294,0.01425822,0.00031257,0.00273035,5.022e-05,2.703e-05,0.84305966,4.361e-05,0.00011952
1.2.840.113619.2.370.4.279707905.1578553578.697799.png,0.0458115,0.05652258,0.59697914,0.08036612,0.01878062,0.04808373,0.00137856,5.8e-07,0.00017702,0.04984691,0.16435081,0.01625918,0.00085461,0.11370608,0.00036926,0.00086498,5.92e-06,6.883e-05,5.243e-05
1.2.840.113619.2.203.4.279707905.1577311594.346264.1.png,0.75228214,0.05026528,0.00027539,3.05e-05,7.55e-06,0.00191242,0.29761145,0.06823232,0.23510773,0.43211836,0.00038195,0.0044537,0.00050312,0.93321353,1.487e-05,1.479e-05,3.6e-06,0.00018664,4.757e-05
1.2.840.113619.2.370.4.279707905.1589070923.500300.png,0.29426184,0.06165778,0.64488536,0.96082914,0.01937807,0.08912354,0.19800958,0.44278967,0.06044682,0.00042307,0.00041428,0.00013097,6.43e-06,0.00018961,3.524e-05,0.00035899,0.06185846,5.212e-05,0.00172731
1.2.840.113619.2.370.4.279707905.1604544754.609734.png,0.05002509,0.02572552,6.69e-06,0.00020564,0.10373005,8.559e-05,0.5811897,0.36702475,0.22159678,0.01175909,0.02328025,0.00072976,0.00043592,0.85557926,0.00248775,4.981e-05,4.91e-06,0.00264418,0.0003628
1.3.12.2.1107.5.3.56.1642.11.202006191513350921.png,0.78404754,8.529e-05,0.01931847,0.99459875,0.00014161,0.00025261,0.00043027,0.02012621,0.08855774,0.00015913,0.00061836,0.00012086,5.92e-06,8.242e-05,0.0004332,0.9946902,0.00030889,6.456e-05,0.00014059
1.2.840.113619.2.370.4.279707905.1575013637.103219.png,0.7461826,0.0465394,0.00071104,3.201e-05,0.8567826,0.00061607,0.02289,0.00015022,0.14629327,0.81192315,0.03886784,0.57210046,6.905e-05,0.9985077,0.01521378,0.00063275,2.5e-06,4.282e-05,0.00022605
1.2.840.113619.2.370.4.279707905.1577945243.593890.png,0.4786604,8.138e-05,0.92494994,0.01399235,0.00479643,0.00010793,0.0784162,0.8490438,0.05909206,3.498e-05,0.00191763,0.00805999,0.00046912,0.01433588,0.00013075,0.01087133,0.0017511,0.00261667,0.57209563
1.2.840.113619.2.370.4.279707905.1601169876.130843.png,0.89773345,0.00718852,0.9957364,0.4486979,0.00021195,3.916e-05,1.74e-06,3.506e-05,0.00010061,0.01077582,9.3e-07,0.06672635,2.6e-07,2.06e-06,0.00038325,6.094e-05,7.071e-05,3.6e-07,3.592e-05
1.2.840.113619.2.203.4.279707905.1597431762.593775.1.png,0.9993723,5.852e-05,0.36394176,0.48480955,0.110408,0.3579192,0.00598081,0.0010225,0.9979539,0.00103108,0.00026339,0.01236864,3.476e-05,0.86824095,1.034e-05,0.00319736,7.23e-05,0.00012695,9.861e-05
1.2.840.113619.2.370.4.279707905.1579310042.49748.png,0.003125,0.48719603,0.63741255,0.00058933,0.18006192,0.00464643,0.0074424,9.573e-05,0.00034271,0.00013726,0.97229594,0.02328874,4.257e-05,0.00485603,0.00016959,2.568e-05,6.538e-05,3.17e-05,0.00026141
1.2.840.113619.2.370.4.279707905.1579671058.738255.png,0.0002262,0.99096584,0.12012523,0.00023673,0.00505244,0.04607586,0.0106012,0.00058791,1.99e-06,0.00929596,0.996711,2.272e-05,7.709e-05,0.00333013,6.068e-05,1.879e-05,2.86e-05,6.68e-06,2.765e-05
1.2.840.113619.2.370.4.279707905.1602471225.150071.png,0.03833435,0.9993588,0.00035386,1.98e-06,3.115e-05,1.75e-06,0.01922233,3.05e-06,5.511e-05,0.00235247,0.00454522,0.0748541,0.00129476,0.00028283,0.92877465,9.81e-05,0.00043993,8.8e-07,0.00020462
1.2.840.113619.2.370.4.279707905.1590977720.345562.png,0.8197532,0.00054705,0.11682153,0.9537425,0.3679686,0.7730171,0.00091252,0.0041697,0.10153154,0.00289569,0.00106208,0.00220733,0.00069164,0.0757323,0.00409979,0.00389932,0.00196231,0.00809299,0.00020864
1.2.840.113619.2.370.4.279707905.1578118419.188123.png,0.00293592,0.00897811,4.732e-05,0.9595529,3e-08,8.3e-07,0.00139996,9.15e-06,0.99610955,0.20671523,1.868e-05,1.3e-07,0.0,5.84e-06,0.20742583,0.0002645,3.25e-06,3e-08,7e-08
1.2.840.113619.2.370.4.279707905.1574735776.69433.png,0.02764236,0.06392466,0.07366658,0.00018966,0.09642372,0.7391319,0.34166417,0.00114683,0.02915441,0.9508374,0.00638162,0.0005901,0.00126577,0.13747953,0.00696488,0.0004708,0.00045037,0.03345413,0.00637424
1.3.12.2.1107.5.3.56.1642.11.202004161558460578.png,5.459e-05,0.01766855,0.00466002,0.8703064,0.30644533,0.00061966,0.01687669,0.7559005,0.99886775,0.01175519,0.00029847,0.00106624,0.8491964,0.0003456,0.76125497,1.134e-05,8.18e-06,0.00015122,8.15e-06
1.3.12.2.1107.5.3.56.1642.11.202008131503070546.png,0.01431419,0.00834681,0.6883808,0.04665629,0.0012766,3.421e-05,0.00949531,5.879e-05,0.00019352,0.0007941,0.00058314,0.0002589,2.762e-05,1.679e-05,0.00146641,0.45864743,7.414e-05,2.981e-05,7.039e-05
1.2.840.113619.2.370.4.279707905.1598403450.35731.png,0.00023938,0.23732878,0.00081238,2.3e-07,0.00558187,0.00180501,0.08909062,0.00037984,0.02417185,0.00264676,0.003672,0.00022934,0.00040876,0.00196872,0.0002142,3.336e-05,1.32e-06,0.31124097,0.00026838
1.2.840.113619.2.370.4.279707905.1577579801.508836.png,5.2e-07,0.89985424,0.0,1e-08,8e-08,2e-08,0.00424156,1.573e-05,0.00011891,2.024e-05,0.9838636,5.71e-06,3.315e-05,1.267e-05,0.00056334,5e-08,9e-08,0.00023095,1e-08
1.2.840.113619.2.370.4.279707905.1598326234.161866.png,0.14559664,0.00050798,0.00469401,0.56776565,0.0149272,0.00506204,0.0032243,0.05749025,0.0004423,0.9211562,0.00306838,0.00500738,0.00013314,0.03218089,7.479e-05,0.00012602,2.25e-06,7.16e-06,8.86e-06
1.2.840.113619.2.203.4.279707905.1576092061.662371.1.png,0.25869742,0.07100036,2.471e-05,0.15694645,0.09494931,0.56937325,0.00965483,0.37782305,0.00516434,0.66464144,0.01540336,0.00440471,0.0013866,0.01805206,0.00076446,5.331e-05,1.138e-05,1.138e-05,3.25e-06
1.3.12.2.1107.5.3.56.1642.11.202010091548210875.png,0.9028127,0.00037503,0.9995618,0.9996344,1.617e-05,0.03836916,0.00084993,0.12799953,0.03725359,0.0016695,0.00011413,2.44e-06,3.62e-06,0.01029045,1.5e-05,0.00649209,6.981e-05,1.18e-06,0.00545259
1.2.840.113619.2.370.4.279707905.1575337367.201575.png,0.00027627,0.90408707,4.82e-06,0.0523357,0.00051608,0.00719709,0.06575438,0.00196761,0.0225728,0.8112314,0.10386115,3.755e-05,0.00156248,0.00252687,0.73425704,0.00017032,8.095e-05,0.00021987,0.00026283
1.2.840.113619.2.203.4.279707905.1574787594.820283.1.png,0.9875709,0.01744135,0.01643799,0.00025204,0.00194564,0.07397312,0.00087512,0.00601033,0.05110282,0.02475408,3.319e-05,0.00086452,0.04351419,0.02639011,2.284e-05,0.00010862,0.00014946,0.8799345,0.00059666
1.2.840.113619.2.370.4.279707905.1577637824.52404.png,6.997e-05,0.0329653,1.74e-05,2.98e-06,4.04e-06,0.00037347,0.55046886,0.00037273,0.04494928,0.00786674,0.44393003,0.00016896,0.00024974,0.00043317,0.00888407,1.016e-05,2.446e-05,0.00018745,7.215e-05
1.3.12.2.1107.5.3.56.1642.11.202006061932460734.png,0.9038663,7.6e-07,0.18106754,0.9999399,5.386e-05,0.00019387,0.00091335,0.00204165,0.00149801,2.017e-05,0.0003887,1.164e-05,2.44e-06,0.00035787,6e-06,0.9659888,1.726e-05,2.941e-05,0.00011521
1.2.840.113619.2.370.4.279707905.1595488071.644972.png,0.00043717,0.02984855,0.00128923,0.00049292,7.889e-05,0.000404,0.00086225,1e-07,1.153e-05,0.98999184,0.18997698,0.00023913,0.00010465,0.98841023,2.073e-05,1.78e-06,9.8e-07,1.02e-06,8.24e-06
1.2.840.113619.2.370.4.279707905.1576836462.595685.png,0.9779848,0.01168296,0.92603743,0.8018,0.00132982,0.0021992,7.528e-05,7e-08,0.0008822,0.00021131,0.00066009,0.00030974,0.00878952,0.99181986,0.00312773,0.00551858,6.44e-06,0.00021521,0.00068408
1.2.840.113619.2.203.4.279707905.1575319666.143853.1.png,0.9943797,0.00016055,0.00919992,5.079e-05,0.00027387,0.22757547,0.04188025,0.01631114,0.33462313,0.03377074,5.67e-06,0.00021958,4.069e-05,0.00637878,1.028e-05,6.987e-05,0.00024905,0.66552794,2.759e-05
1.2.840.113619.2.370.4.279707905.1605072199.659504.png,0.75334215,6.87e-05,0.97730726,0.96616393,0.00179199,0.03000344,0.00207854,0.00069249,0.21587984,0.02954068,0.00013134,0.014064,7.9e-07,5.5e-05,4.475e-05,0.0002126,1.785e-05,8.49e-06,1.323e-05
1.2.840.113619.2.370.4.279707905.1575076919.782513.png,0.00188458,0.44413337,0.00223026,1e-08,0.00302863,3.31e-06,0.01923879,2.48e-05,2.578e-05,0.00416102,0.69208974,0.00461346,0.00058266,0.12772052,0.5002885,2.708e-05,5.284e-05,0.00049345,0.00234778
1.2.840.113619.2.203.4.279707905.1575318233.497261.1.png,0.20879579,0.37021393,0.02280908,0.00010042,2.43e-05,0.3461222,3.939e-05,6.51e-06,0.00023884,0.4457901,0.00023559,0.00638983,0.7660828,0.00255881,0.01695941,1.278e-05,3.858e-05,0.0001284,7.191e-05
1.2.840.113619.2.370.4.279707905.1587694107.35476.png,0.01010254,0.5607486,0.00036069,1.6e-07,3.47e-06,3.13e-06,0.19552286,0.00163345,0.00193322,1.143e-05,0.00406941,0.02414322,0.84496063,0.00752276,0.00172656,0.00014076,1.139e-05,0.09995655,0.00013252
1.2.840.113619.2.370.4.279707905.1595471766.367782.png,0.44564664,0.0121211,4.417e-05,0.01111367,0.00019322,0.00156905,0.05236938,0.00011134,0.16145878,0.0136954,0.00185175,2.931e-05,0.00020081,0.9973483,0.00046625,5.84e-06,1.3e-07,0.1219087,0.00078095
1.2.840.113619.2.370.4.279707905.1578028273.356984.png,0.02667506,0.2383553,5.36e-06,0.00016799,0.00045983,0.00011901,0.04085303,2.274e-05,0.00052405,0.00428636,0.32726228,0.0043779,0.00100602,0.0039428,0.93265337,0.00023205,0.00012035,0.00014589,3.12e-05
1.2.840.113619.2.370.4.279707905.1575338206.898928.png,0.06229274,0.05681638,0.61478895,2.3e-07,0.37546483,0.05609835,0.4814514,1.816e-05,0.00018333,0.93742293,0.00032137,0.00252201,0.00068278,0.003868,0.00595171,0.00016715,0.00018779,0.00219634,0.00099664
1.3.12.2.1107.5.3.56.1642.11.202009161439370953.png,0.0002598,0.00044706,4.745e-05,0.00226783,5.23e-06,1.26e-06,0.51639676,6.34e-05,0.00018715,1.8e-07,0.4571443,0.0003656,0.0018981,0.00017497,0.01144527,0.00278821,1.082e-05,2.62e-06,1.493e-05
1.2.840.113619.2.370.4.279707905.1600225428.698285.png,0.00893334,0.04507852,0.14829466,2.632e-05,0.00778092,0.01111661,0.24009237,0.00504841,0.00016993,0.65496343,0.39766023,0.03749931,0.00143511,0.13648668,0.0006265,8.026e-05,0.00013027,0.00041789,0.00013016
1.2.840.113619.2.370.4.279707905.1602558362.935853.png,0.0017112,0.99832773,6.226e-05,0.01866838,0.00026564,0.00100071,0.00235426,0.00282525,0.00026539,0.01179286,3.31e-06,2.3e-07,0.00468344,2.081e-05,0.9959542,0.00020177,0.00129221,1.53e-06,0.00162341
1.2.840.113619.2.370.4.279707905.1586400818.736105.png,0.02732085,0.04203038,0.01190566,0.12851748,0.04840153,0.00388167,0.00019676,0.00021219,0.00059686,0.00179558,0.00044501,0.89959496,0.00360239,9.123e-05,0.00708319,0.00047099,0.02265984,9.3e-06,5.274e-05
1.3.12.2.1107.5.3.33.2229.11.202010171112370515.png,0.26659018,0.44742784,0.90213466,1e-07,0.00055273,0.0008645,0.00028683,8.19e-06,4.72e-06,0.14314961,2.8e-07,2.749e-05,1.073e-05,7.531e-05,0.02377574,4.242e-05,0.00091054,2.139e-05,0.3657149
1.2.840.113619.2.370.4.279707905.1604127536.695999.png,0.15338352,0.03277834,0.15004069,2.1e-07,0.00778943,0.01043332,0.8028176,0.00402419,0.00140509,0.05579995,0.05288733,0.29926983,0.33895317,0.14558215,0.00920707,7.312e-05,9.45e-06,0.00239195,0.00132963
1.2.840.113619.2.203.4.279707905.1597083434.259754.1.png,0.9348563,0.1335033,0.00095426,0.00016438,0.00062307,0.9495234,0.00344663,0.00256257,0.00754267,0.7166208,0.00037376,0.00531655,0.00016536,0.0822926,0.00069434,0.0002609,0.00039379,0.31809893,0.00065542
1.2.840.113619.2.203.4.279707905.1593024431.638248.1.png,0.996434,0.2502285,0.6383707,0.08637358,0.01420025,0.27908835,0.0004912,0.67426795,0.48039493,0.11656889,5.283e-05,0.00219885,0.00098654,0.00011565,0.00963518,0.00011801,0.01920185,3.341e-05,0.0001031
1.3.12.2.1107.5.3.33.2229.11.202010171104300656.png,0.0002117,0.7930312,0.00062155,1.69e-06,0.00893384,0.00017783,0.00162239,0.0002203,0.01264434,0.04528481,0.00737666,0.14738028,0.00934804,4.813e-05,0.00456847,3.4e-07,0.0005487,1.2e-07,7e-08
1.2.840.113619.2.370.4.279707905.1579356622.541483.png,0.46391892,0.00011402,0.26437673,0.9694512,0.300905,0.08183535,0.80036694,0.91780853,0.9598172,0.01172945,0.00013742,0.00017468,0.00090088,0.00015114,0.00017154,3.187e-05,3.885e-05,4.698e-05,3.006e-05
1.2.840.113619.2.370.4.279707905.1589850598.380704.png,0.00457117,0.00013548,0.02878882,0.21947218,4.315e-05,0.00319237,0.31132677,0.00161094,0.9980305,0.22186936,4.057e-05,2.07e-06,9.79e-06,0.00015008,0.0012345,0.00077083,2.583e-05,3.585e-05,0.00016897
1.2.840.113619.2.370.4.279707905.1596847607.962132.png,0.99541026,0.17937686,0.5201996,0.00069134,0.05683644,0.00070761,0.00032339,0.00774945,0.00142825,0.00039417,0.00049071,0.00120096,0.00121115,0.0129384,0.00323898,0.00092177,0.7917933,0.00578613,9.252e-05
1.2.840.113619.2.370.4.279707905.1591580976.699911.png,0.05310153,0.8978382,0.26252857,4e-08,5.563e-05,0.00375706,0.01665851,0.00127646,5.529e-05,0.00050655,0.00151981,0.23466209,0.9157164,0.00537736,0.00629032,3.08e-06,8.676e-05,4.578e-05,0.00293955
1.2.840.113619.2.370.4.279707905.1577929254.549693.png,0.00401907,0.00276091,0.00072408,0.00061188,0.03029601,0.00151413,0.3440884,0.00100552,0.01505382,0.01961024,0.02836709,0.00068784,0.00104073,0.00456998,0.02037917,0.00016797,0.00037035,0.01641458,0.00248004
1.2.840.113619.2.203.4.279707905.1576016041.899770.1.png,0.2629029,0.9941128,0.78408027,0.28783044,0.08318165,0.00118587,0.00180114,0.22396307,0.27407238,0.00928341,5.73e-06,8.707e-05,0.7796608,0.00021023,0.00012702,0.0001432,0.01301718,0.00091378,6.48e-06
1.2.840.113619.2.370.4.279707905.1575909249.21780.png,0.54707366,0.07894853,0.8258872,0.0003131,0.01593468,0.00043979,0.9603061,0.08329063,0.0002195,0.00035857,0.00651407,0.00202709,0.0183387,0.02179811,0.02072465,0.00025393,0.00075492,0.00074131,0.04126074
1.2.840.113619.2.370.4.279707905.1578460376.230098.png,0.0002246,0.40140855,0.0057986,4e-08,6.75e-06,0.00019614,0.0234881,2.14e-06,1.44e-05,0.00045048,0.06905758,0.10368212,0.96361935,0.00529906,0.00035654,8.14e-06,3.353e-05,0.00032238,2.584e-05
1.2.840.113619.2.203.4.279707905.1574713912.100883.1.png,0.05468063,8.66e-05,0.23389994,0.96841294,0.00057309,0.05352196,0.00125847,0.92011625,0.9999873,0.96128726,8.6e-07,1.3e-06,2.67e-06,5.31e-06,7.285e-05,0.00045773,7.235e-05,0.00081935,1.9e-07
1.2.840.113619.2.370.4.279707905.1578966475.457827.png,0.00140272,0.04197446,3.01e-05,8.5e-07,1.507e-05,7.5e-07,0.19582845,0.0085803,0.00028012,0.00533846,0.4884633,0.00800633,4.974e-05,0.08202032,0.00302537,3.221e-05,2.67e-06,2.493e-05,2.628e-05
1.2.840.113619.2.203.4.279707905.1576530549.792806.1.png,0.92004114,9.369e-05,3.812e-05,1.781e-05,0.00014061,1.888e-05,0.8126338,0.03288236,0.9928908,0.00174538,0.00034449,0.00144848,9.01e-06,0.9828144,0.00112848,6.821e-05,1.86e-06,2.685e-05,0.00079272
1.3.12.2.1107.5.3.33.2229.11.202001281023100968.png,0.99759954,0.00021022,0.25354853,0.9762683,0.00637261,0.79339707,0.00024648,0.0019038,0.39758688,0.25195011,8.092e-05,0.00027057,2.79e-06,0.24648207,0.00034878,0.00134579,0.00022807,0.0004112,6.71e-06
1.2.840.113619.2.370.4.279707905.1576650552.659252.png,0.04461092,7.157e-05,0.02240476,3.988e-05,0.00030182,0.00147897,0.0925102,9.52e-06,8.755e-05,0.02621216,0.43194273,0.00186269,1.379e-05,0.03075459,2.5e-05,1.7e-07,5.53e-06,4.46e-06,1.55e-06
1.3.12.2.1107.5.3.56.1642.11.202009071545130218.png,0.9611051,3.983e-05,0.9967114,0.9995097,0.00037253,0.0047451,0.00064812,0.0033276,0.00310778,0.0004575,0.00128332,7.16e-05,9.19e-06,0.00165657,0.00013694,0.02228461,0.00029284,6.85e-06,0.00037319
1.3.12.2.1107.5.3.33.2229.11.202010121609040609.png,0.6613403,0.06222196,0.01866784,0.00710933,0.00489037,2.346e-05,0.18030842,7.465e-05,4.498e-05,5.692e-05,0.00046574,0.16802624,0.01140886,5.608e-05,0.21669684,0.00333541,0.00073188,0.0001959,0.00012227
1.2.840.113619.2.370.4.279707905.1575857115.217541.png,0.42008892,6.927e-05,0.01142044,0.01309631,9.119e-05,0.00090491,0.06679184,0.00209606,0.09552956,0.02010096,0.0012697,0.00095135,2.995e-05,0.02798522,0.00384519,0.00029878,1.587e-05,0.0002177,1.635e-05
1.2.840.113619.2.203.4.279707905.1574888149.586719.1.png,0.02649656,0.00305332,0.00068735,0.4556854,0.9523252,0.0636403,0.64698505,0.95284337,0.09935591,0.02618353,0.02133762,0.01356123,0.0015036,0.00451419,0.00041505,0.00041097,1.489e-05,0.00059102,0.00010626
1.2.840.113619.2.370.4.279707905.1579827745.864601.png,0.0854444,0.00109687,0.00291178,0.00035957,3.298e-05,0.00112992,0.01579941,0.17801492,0.00603478,0.00872051,0.14445855,0.91283387,0.00017971,0.19604255,7.452e-05,0.00018119,7.88e-06,0.00047384,1.96e-05
1.2.840.113619.2.370.4.279707905.1592968114.956158.png,0.01058685,0.00119225,0.01622982,0.7290856,0.00187165,0.02599655,0.0514975,0.01419676,0.00696778,0.9227699,0.00759254,0.00013694,0.0001038,0.8236462,6.879e-05,0.00046861,2.63e-06,2.516e-05,3.39e-05
1.3.46.670589.30.1.6.1.963334151171.1576311380625.2.png,3.204e-05,6.365e-05,3.192e-05,0.0488006,7.1e-07,0.00734156,0.0225673,0.12543723,1.51e-06,1.922e-05,0.8888744,1.47e-06,0.01660093,4.016e-05,2.16e-06,7e-08,0.91142905,9.7e-07,4.318e-05
1.2.840.113619.2.370.4.279707905.1602894735.58613.png,0.84220934,0.0139749,0.896937,0.05504462,0.18586507,0.02323002,0.10160883,5e-08,0.01975818,6.871e-05,0.00199194,6.7e-06,6.327e-05,0.38215515,0.00017045,2.465e-05,1.04e-06,0.00032919,0.0012875
1.2.840.113619.2.370.4.279707905.1598599835.64065.png,0.02657902,0.779835,0.01080327,0.00015888,0.00062642,4.374e-05,0.18692294,0.00188836,0.00012763,2.6e-06,0.5245789,0.58923376,0.7279439,0.00077423,0.00573853,0.00059813,2.672e-05,1.725e-05,0.00031072
1.2.840.113619.2.370.4.279707905.1603430623.702722.png,0.03749436,0.00319348,0.04963674,0.16202846,0.00899338,0.00014627,0.00028447,0.01922708,0.01818568,0.00204176,0.00043784,1.049e-05,0.00025772,0.00033505,0.04636474,0.00133754,0.00089557,0.00014187,0.00321133
1.2.840.113619.2.370.4.279707905.1578892818.361917.png,0.02761994,0.9087518,0.00067331,1.2e-07,3.229e-05,0.00611096,0.1762537,0.0004611,3.316e-05,0.57088256,0.00041788,0.00036157,0.0023028,0.08452548,0.03058805,4.21e-06,5.062e-05,0.00019392,0.01880398
1.2.840.113619.2.203.4.279707905.1575662640.961472.1.png,0.8526727,0.00012779,0.44192436,0.50969875,0.0190183,0.29411232,0.08053448,0.69136786,0.9935428,0.00899515,2.331e-05,2.856e-05,8.088e-05,0.00031505,0.00017631,0.00583564,0.00226244,0.02319777,0.00014842
1.2.840.113619.2.203.4.279707905.1578338808.801609.1.png,0.00042874,0.00383842,9.23e-06,0.00027973,2.316e-05,4.984e-05,0.1595839,0.02311058,0.14563301,0.11799577,4.454e-05,5.45e-06,0.00023151,0.03174424,0.00040322,6.62e-06,7e-07,0.00090557,4.39e-06
1.3.12.2.1107.5.3.56.1642.11.202011101553570921.png,1.0,3.381e-05,0.5367705,0.75780207,0.29666463,9.4e-06,7.53e-06,0.0002027,1.19e-06,0.34902173,4e-08,0.00080015,1.29e-06,8.52e-06,3.09e-06,0.00696313,0.00917349,4.196e-05,2.13e-06
1.2.840.113619.2.370.4.279707905.1589337398.491358.png,0.999999,9.69e-06,0.9999813,0.971108,0.01970336,0.00049284,0.00054237,0.00191873,0.00661586,3.22e-06,4.739e-05,0.01056445,0.0332192,0.00030483,1.12e-06,0.00017134,0.00026697,4.732e-05,0.00044389
1.2.840.113619.2.203.4.279707905.1574788575.322270.1.png,0.00052161,0.00012202,0.04562227,3.5e-07,0.00020158,0.08581032,0.83490545,2.086e-05,0.00254029,0.3850011,0.00330641,0.01627789,0.1879434,0.09116047,1.597e-05,6.53e-06,6.28e-06,0.14368568,9.83e-06
1.2.840.113619.2.370.4.279707905.1599793903.407552.png,0.12879506,0.20209175,0.44031507,0.7485318,0.7897669,0.23747748,0.6210866,0.00150943,0.0028804,0.0003221,0.00313004,0.00295877,0.03611512,0.00403337,0.12918359,0.00026811,0.00441326,6.15e-06,0.03462932
1.3.12.2.1107.5.3.33.2229.11.202011011001150015.png,0.9562543,0.00054513,0.00590936,0.26122564,0.0056689,0.00386924,0.00031614,0.01026853,0.0152015,0.01508963,7.936e-05,0.00014785,7.063e-05,0.00073534,0.00047221,0.00343805,0.02551547,0.00060343,0.00021253
1.3.12.2.1107.5.3.33.2229.11.202010171532430671.png,0.00047891,0.013381,0.00306324,0.2923675,2.397e-05,0.00772667,0.00071143,0.39287117,0.95655274,0.9286476,0.06290456,0.0001656,1.236e-05,0.00412717,0.0003803,0.00011535,0.00011508,5.21e-06,1.23e-06
1.3.46.670589.30.1.6.1.963334151171.1576131451968.2.png,0.23299892,7.037e-05,0.19220768,0.10316177,0.00014965,4.994e-05,0.10113875,7.1e-07,2.11e-05,8.867e-05,0.02671142,4.26e-06,5.127e-05,0.00163637,0.00209077,8.791e-05,7.586e-05,2.57e-06,2.655e-05
1.2.840.113619.2.370.4.279707905.1574591312.58369.png,0.48469445,0.00062074,0.63324547,0.05571349,0.00422916,0.0009005,0.00164185,0.00450657,0.00055093,6.908e-05,0.00287543,0.01588651,0.00911136,0.00482049,0.00160193,0.06611422,0.00543076,0.00144694,0.03556727
1.2.840.113619.2.203.4.279707905.1575659373.599089.1.png,0.86462736,4.2e-07,0.00703308,0.99528825,0.00017102,0.07548512,0.16827703,0.12849535,0.9996344,0.00059108,4.342e-05,3.509e-05,1.77e-06,0.00010627,4.013e-05,0.00024085,4.08e-06,0.00037965,2e-08
1.2.840.113619.2.370.4.279707905.1604884047.818108.png,0.09435117,3.38e-05,0.7525682,0.9991332,0.03930292,0.10497189,0.01646287,0.01870274,0.9652323,0.00010273,0.00054817,0.00942777,1.345e-05,0.00025195,0.00012937,0.00275584,1.585e-05,7.6e-07,0.00013925
1.2.840.113619.2.203.4.279707905.1575925574.406385.1.png,0.9994393,0.00203628,0.09012846,0.9955095,4.959e-05,0.00781094,0.00078791,0.14128372,0.19463827,0.38907173,5.961e-05,5.5e-07,1.14e-06,0.01917138,0.00025683,0.00170384,0.00011362,0.00014888,5.76e-05
1.2.840.113619.2.203.4.279707905.1574694992.903014.1.png,4.58e-06,0.00031119,2.68e-06,0.00239951,0.03085769,0.00641439,0.9901855,0.089757,0.07815224,0.06797046,0.00079264,0.00040372,0.00967318,0.00038197,2.918e-05,2.244e-05,1.3e-07,0.01086734,4.1e-07
1.2.840.113619.2.370.4.279707905.1578362826.241038.png,0.5203962,0.00586181,0.11986197,0.03617119,0.0006435,0.00015722,0.1589489,0.40209195,0.00855792,4.118e-05,0.02751628,0.01638847,0.01782234,0.08491716,0.00304409,0.00476784,0.00353492,0.0003483,0.29706725
1.2.840.113619.2.370.4.279707905.1590887241.709730.png,0.01190701,0.00519206,4.53e-06,0.00024545,0.00038007,0.00060056,0.36727217,0.00271434,0.2078879,0.00986046,0.02755735,0.00033557,0.00076321,0.03495621,0.04715974,0.00016942,0.00016355,0.00250438,0.00045428
1.2.840.113619.2.203.4.279707905.1577388271.788710.1.png,0.9977433,0.00224331,0.00259034,0.02002678,0.00665592,0.00669337,0.01280617,0.00088544,0.16354267,0.00029635,2.005e-05,2.315e-05,0.00030545,0.97802687,0.00013151,2.4e-05,0.00010264,0.9940129,2.96e-05
1.2.840.113619.2.370.4.279707905.1594433985.364680.png,0.00138836,0.9895644,0.00143285,1.63e-06,2.018e-05,3.292e-05,0.00050464,2e-08,3.298e-05,0.00286187,0.2528432,3.828e-05,6.781e-05,0.17158276,0.00052756,9.3e-07,1.49e-06,0.00039402,0.00014139
1.2.840.113619.2.370.4.279707905.1579489087.582892.png,0.00259668,0.08424672,0.01675432,2.76e-06,2.452e-05,0.01255321,0.10837752,0.00013387,0.00014236,0.00135363,0.08154774,0.15078445,0.2881332,0.00899667,5.762e-05,0.00011316,1.994e-05,0.00209865,0.00037788
1.2.840.113619.2.370.4.279707905.1575511026.398578.png,0.31846082,0.00030826,0.3997991,0.983647,0.00874545,0.35832584,0.09502923,0.01161498,0.05861788,0.026644,4.973e-05,0.00031026,4.67e-06,7.178e-05,0.00105953,0.00132409,8.14e-05,2.884e-05,1.364e-05
1.2.840.113619.2.203.4.279707905.1575409635.425372.1.png,0.06489396,0.00036184,2.94e-06,2.031e-05,0.00239454,5.017e-05,0.6998326,0.3957396,0.47470465,0.01459547,0.014128,0.00471673,0.00018373,0.9876218,3.972e-05,4.45e-06,4.7e-07,0.002656,2.927e-05
1.2.840.113619.2.370.4.279707905.1576391935.564763.png,0.00075018,0.9651532,0.00180015,0.00105214,0.00284287,9.8e-07,0.00271194,7.12e-06,2.13e-05,0.00295571,0.00236276,0.05620508,2.783e-05,0.00012813,0.99429154,0.00293856,0.00778677,1e-08,0.00013093
1.3.12.2.1107.5.3.56.1642.11.202006021401230015.png,0.09220679,0.00083331,0.10745635,0.9844494,0.00279042,0.00372483,8.102e-05,0.0136345,0.00163741,0.00034898,0.00929258,0.00426397,0.0002368,6.286e-05,0.00020423,0.7987316,0.00299065,9.282e-05,0.00038492
1.2.840.113619.2.370.4.279707905.1597917667.762767.png,0.00388867,0.13976502,0.00112418,0.08614463,0.05669606,1.98e-06,0.26655406,3.82e-05,1.892e-05,0.00022705,0.01644027,0.26263028,0.00022696,2.034e-05,0.68345165,0.2432765,0.0005041,2.15e-06,9.98e-06
1.2.840.113619.2.370.4.279707905.1590023897.875661.png,0.91546565,0.44865027,0.9848817,0.00166831,0.00170263,0.00054859,0.00140327,0.00055273,7e-07,6.981e-05,1.457e-05,0.00016157,0.00760571,0.0015245,0.01691409,0.00011418,0.00639038,0.00018123,0.52850527
1.3.12.2.1107.5.3.33.2229.11.201911231626410593.png,0.00044915,0.01153146,0.01361781,0.00010102,1.878e-05,0.002367,0.07512387,0.00064309,3.727e-05,0.00080638,0.88697034,0.04513946,0.02384837,0.00064299,0.00018059,0.00031506,9.523e-05,8.933e-05,6.284e-05
1.2.840.113619.2.370.4.279707905.1575255274.643671.png,0.00631199,0.00021983,1.604e-05,9.26e-06,1.89e-05,9.39e-06,0.05653183,0.0039367,0.00266952,0.0252797,0.0538016,0.00286164,5.352e-05,0.99135345,0.00015153,6.77e-06,1.01e-06,0.00088944,5.242e-05
1.3.12.2.1107.5.3.56.1642.11.202004301456030781.png,0.09658659,0.15174149,0.00020803,0.5904652,0.00216008,0.00012338,0.00412892,0.00011454,0.0003362,0.00089373,0.01777598,0.00212604,0.03298442,0.00030369,0.03208364,0.00289863,0.00180555,0.00011308,0.00012217
1.2.840.113619.2.370.4.279707905.1602813857.653509.png,0.18257518,0.890166,0.00052773,9.15e-06,3.817e-05,2.96e-06,0.00210292,1.02e-06,1.9e-07,0.00514935,0.21976238,0.04657342,0.08088468,0.12050033,0.40606445,0.00017554,0.00068441,4.427e-05,0.00034871
1.3.12.2.1107.5.3.33.2229.11.202010081403250984.png,0.58274233,0.07391418,0.03134239,0.19116531,0.0044646,0.78561425,0.00034098,0.001315,0.00011261,0.72565794,1.619e-05,0.0002042,8.174e-05,0.00032822,0.04021384,0.02271015,0.00243261,0.08642438,0.00033404
1.2.840.113619.2.370.4.279707905.1577774610.482349.png,0.00083298,0.0017388,0.0015087,0.9539705,1.41e-06,0.00104368,0.00044849,0.02747866,0.9923334,0.00046976,0.04442054,0.00041084,7e-08,2.78e-05,0.00020626,0.00125725,9.9e-07,1e-07,1.92e-06
1.2.840.113619.2.370.4.279707905.1575073431.288756.png,0.03307471,0.0012864,0.08636408,0.79200953,0.18408965,0.18743525,0.8004471,0.08910942,0.04580864,0.00109548,0.00018668,0.0001557,0.00566918,0.00201339,0.0047192,0.0042959,0.00029012,0.00062069,0.00539764
1.2.840.113619.2.370.4.279707905.1575594119.186024.png,4.67e-06,0.999595,6.527e-05,1.02e-06,5.003e-05,0.00137101,0.00172907,0.04817148,4.573e-05,0.00214911,0.9726591,0.00146379,0.43977815,7.127e-05,1.238e-05,2.44e-06,1.985e-05,1.389e-05,5.2e-07
1.2.840.113619.2.370.4.279707905.1598768418.947303.png,0.00227745,0.0186241,0.00468431,0.99751306,7.42e-06,5.083e-05,0.0003845,0.01167108,0.89330554,0.06391117,0.00015223,1.37e-06,3.3e-07,2.183e-05,0.24648552,0.00109997,0.00031882,3.49e-06,4.184e-05
1.2.840.113619.2.370.4.279707905.1597886348.758131.png,0.8817231,0.01121322,0.98944527,0.00238551,0.00056685,0.00079022,0.00048443,0.17005606,0.0051824,8.003e-05,0.00696209,0.6937784,6.813e-05,0.00188382,5.22e-06,4.05e-06,2.77e-06,7.748e-05,0.00228649
1.3.12.2.1107.5.3.33.2229.11.202001290951500343.png,0.13021347,0.05693738,0.00204001,0.01091773,0.3405586,2.751e-05,0.8969381,0.00938545,0.06397407,0.00025124,0.00493111,0.9917018,0.18001609,0.01498255,0.00175258,2.243e-05,0.00033223,4.65e-06,9.15e-05
1.3.12.2.1107.5.3.56.1642.11.202009271612310625.png,0.28528476,0.06032518,0.29385573,0.00015402,9.844e-05,0.00010496,0.695205,0.04785312,0.02513505,0.00042139,0.00941411,0.00464217,0.00056564,0.00023638,0.01552833,3.026e-05,5.703e-05,2.41e-06,0.0002134
1.3.12.2.1107.5.3.56.1642.11.201912161629370671.png,0.42192543,0.00643061,0.7302654,0.14670648,0.00052263,0.11934922,0.0723202,0.37351707,0.00042962,0.15507582,0.02006261,4.678e-05,6.254e-05,0.01772488,0.0006199,0.00059053,0.01481563,2.7e-06,0.00212983
1.2.840.113619.2.370.4.279707905.1601174254.186874.png,0.45260215,0.28302005,0.17794004,0.05333839,0.00238394,0.00079768,0.02475085,0.00012643,0.00225515,0.14353138,0.01530041,0.5401335,0.00222198,0.01895667,0.26862448,0.00123769,0.00114711,3.187e-05,0.00102578
1.3.46.670589.30.1.6.1.963334151171.1580376655687.2.png,8.135e-05,0.01448466,0.00253111,0.00021647,0.02061166,0.00255564,0.00055419,0.00406347,0.00038854,0.00014637,0.8875051,0.02041201,5.938e-05,0.0001362,0.01304726,0.0001131,0.00015311,1.817e-05,3.019e-05
1.2.840.113619.2.203.4.279707905.1578079350.543697.1.png,0.41951296,0.00045601,0.94226784,0.04893869,0.00235765,0.00619591,0.00175262,0.0053813,0.9536774,0.03081294,9.1e-07,2.9e-06,1.284e-05,0.00024725,8.173e-05,0.00035631,8.573e-05,0.00150052,0.00124318
1.2.840.113619.2.203.4.279707905.1576008107.693062.1.png,0.9802418,0.00023645,0.07222462,8.08e-06,2.85e-06,6.734e-05,0.01200498,9.2e-07,6.832e-05,0.00044937,0.08520268,0.9994293,0.6950659,0.5687298,4.79e-06,1.56e-06,4.22e-06,3.826e-05,1.3e-07
1.2.840.113619.2.370.4.279707905.1598923304.412823.png,0.08383508,5.548e-05,0.04740304,0.99995565,0.00127575,0.26374266,0.0023792,0.11224721,0.99326587,0.00060597,0.00151411,9.791e-05,1.948e-05,0.00104691,0.0003868,0.00166061,0.0001625,9.7e-07,9.35e-06
1.3.12.2.1107.5.3.33.2229.11.202003271708080062.png,0.36856407,0.01220908,0.01264789,0.02407341,0.00328989,0.0026505,0.01077588,0.00078595,0.00084269,2.11e-05,3.92e-06,0.0030305,0.00336052,0.00019059,2.888e-05,0.00014267,0.97978824,0.00078307,0.00017723
1.2.840.113619.2.370.4.279707905.1587952244.23378.png,0.04104122,0.9955314,3.069e-05,1.93e-06,8e-07,0.1475874,0.00047845,0.07383643,5.18e-06,0.6235073,4.3e-07,4.6e-06,0.0001847,0.00218611,0.0294467,2.8e-07,0.00026446,1.42e-06,0.02370394
1.3.46.670589.30.1.6.1.963334151171.1580637869453.2.png,8.707e-05,0.0382951,3.362e-05,0.00024807,0.00186138,0.00010388,0.00124581,0.00017408,0.00033696,0.00010307,0.9688072,0.0002108,2.437e-05,2.899e-05,0.32763782,0.00220025,5.835e-05,0.00034341,1.599e-05
1.2.840.113619.2.370.4.279707905.1601713980.828407.png,0.00650946,0.33790648,0.00036945,9.303e-05,0.00062109,0.0013169,0.72475034,0.00130546,0.1797524,0.01052293,0.00062906,5.694e-05,7.482e-05,0.00731833,0.00588685,0.0001012,6.7e-05,0.29618692,0.00350285
1.2.840.113619.2.370.4.279707905.1603333184.373666.png,0.8972194,0.00182648,0.9982756,0.9238368,1.058e-05,1.531e-05,7.1e-07,0.00052329,0.00043761,0.01150579,1.647e-05,0.00055401,6e-08,0.00033664,0.00049057,7.973e-05,4.62e-06,5.8e-07,0.00053305
1.2.840.113619.2.203.4.279707905.1575407438.657954.1.png,0.9986124,0.26381055,0.0005138,0.0003557,4.064e-05,0.00913966,0.00291035,0.00015479,0.02478643,0.01521656,0.00012284,0.00057027,3.079e-05,0.68427056,0.0008222,0.0005993,0.00017262,0.16783199,0.00022972
1.2.840.113619.2.370.4.279707905.1604486911.442901.png,0.4986812,0.9761444,0.00728803,0.00018072,0.00394031,6.01e-06,0.7636009,0.00029836,0.00030723,0.00011041,0.01571329,0.96710503,0.2459797,0.00215608,0.2697564,0.00139673,0.00232672,4.98e-06,0.0013381
1.2.840.113619.2.370.4.279707905.1591598969.135183.png,0.14770512,0.07064352,0.00013563,6.44e-06,0.00156649,1.545e-05,0.0720779,0.00015878,0.00195005,0.01279478,0.47256824,0.12873784,0.00080632,0.65231127,0.00175284,0.00016322,7e-07,0.00043507,8.07e-05
1.2.840.113619.2.370.4.279707905.1605148692.778334.png,0.8756784,0.02847056,0.44558957,9.1e-07,0.0295799,7.06e-06,0.9647062,0.03640325,0.00064454,0.00013153,9.813e-05,0.00710986,0.00048609,0.01535377,0.00704913,0.00013808,0.00702971,0.0005608,0.17675243
1.3.46.670589.30.1.6.1.963334151171.1575317438281.2.png,0.00040161,0.00012768,0.04203746,0.00191668,0.00017051,0.01167613,0.02011902,0.02286381,9.129e-05,0.00035197,0.14223735,0.00068291,0.18266614,7.636e-05,0.00011014,3.57e-06,0.1378005,1.562e-05,0.00370698
1.3.12.2.1107.5.3.33.2229.11.201911271033480000.png,6.742e-05,0.07914994,8.55e-05,0.00555091,4.881e-05,0.0110439,0.00325522,0.01797507,0.24000938,0.06045615,0.8673383,0.01065572,0.00019578,0.00059799,2.377e-05,4.602e-05,0.02472496,1.103e-05,9.88e-06
1.2.840.113619.2.370.4.279707905.1575350767.469401.png,0.09876993,0.01942059,0.00055304,0.00028898,0.00163832,0.00024378,0.0189386,0.00133263,0.00525238,0.5954353,0.01415107,0.01039077,1.854e-05,0.9989718,3.962e-05,2.295e-05,3.1e-07,0.00131031,0.00015387
1.2.840.113619.2.203.4.279707905.1591300069.120497.1.png,0.98755866,4.133e-05,0.32753506,0.98581344,0.00232539,0.46917465,0.00329192,0.02173155,0.99740994,0.00045634,0.00067134,0.00012159,7.929e-05,0.00367202,7.126e-05,0.00161039,5.306e-05,0.00023251,5.09e-06
1.2.840.113619.2.370.4.279707905.1605576871.430448.png,0.13891141,0.06744774,0.00010238,0.00023024,0.00444938,0.00015295,0.6888276,0.02938178,0.43135655,0.2157238,0.00962738,0.02681768,0.00018639,0.969848,0.00093836,0.00025902,1.05e-05,0.00029811,0.00034703
1.2.840.113619.2.370.4.279707905.1574470175.81027.png,0.9676092,0.00101067,0.9815214,0.01059896,0.00074042,0.00052063,0.00014617,0.00012404,0.00044488,0.00367829,6.23e-06,0.88641506,5.05e-06,8.6e-07,0.00036866,4.071e-05,3.14e-05,1.324e-05,2.75e-06
1.2.840.113619.2.203.4.279707905.1576524414.337684.1.png,0.00055107,0.0110365,4.79e-05,1.192e-05,0.03965785,0.02735934,0.03411823,0.00276589,0.10640979,0.50108397,0.0617403,0.66520894,0.01799486,0.03721958,0.00418295,8.54e-06,8.21e-06,0.00020797,7.28e-06
1.2.156.112536.2.560.64226048152091077.1335555738625.58.png,0.97419685,0.00017301,0.9957867,0.7185016,0.0414194,0.01230089,0.00664799,0.25347462,0.01107668,0.00011542,0.00090616,8.872e-05,0.00082086,0.19879565,2.228e-05,0.04093271,0.00195722,0.00113782,0.11866842
1.2.840.113619.2.370.4.279707905.1604556580.177616.png,0.01233513,0.81597984,0.00069733,0.00143227,0.00104302,0.00329988,0.01305102,0.00678228,0.00606635,0.10664572,0.00383385,6.005e-05,0.00176522,0.00447648,0.5541546,0.00388551,0.00174471,0.07527258,0.00911404
1.2.840.113619.2.370.4.279707905.1579482961.797932.png,0.15522084,0.9882037,0.00025463,1.087e-05,5.458e-05,7.44e-06,0.00048613,6.4e-07,2.76e-05,0.07936023,0.00609539,0.0015234,0.00094386,0.2927337,0.75654227,0.00038364,0.00011747,0.00176715,0.00081884
1.2.840.113619.2.203.4.279707905.1574883355.134040.1.png,0.99983734,9.797e-05,0.0490534,0.02668982,1.347e-05,0.0005346,1.502e-05,1.1e-06,2.69e-06,0.0248444,2.88e-06,0.00036764,9.046e-05,0.00010948,0.00022125,4.23e-05,3.374e-05,0.12163927,5.53e-06
1.2.840.113619.2.370.4.279707905.1579309610.561509.png,0.16777723,0.00923688,0.08651227,0.9851226,0.00071918,0.001315,0.14207976,0.01001296,0.00485204,0.3059164,0.00010722,0.00082468,1.345e-05,0.00012162,0.00143351,0.00093388,0.00058857,1.949e-05,8.363e-05
1.3.12.2.1107.5.3.33.2229.11.202011191122380812.png,0.01882019,9.167e-05,0.01036268,0.9902068,0.00554414,5.402e-05,0.01032077,0.00467451,0.9100045,0.0002855,0.0492828,0.00040438,0.00030576,0.00015403,0.00318107,0.0012069,6.56e-06,7.14e-06,4.764e-05
1.2.840.113619.2.370.4.279707905.1579142433.948160.png,0.02348752,0.03383696,0.00010275,0.00322577,0.00010223,2.215e-05,0.00453348,0.00073557,0.00974201,0.09088371,0.00086602,1.58e-05,0.00012358,0.01141192,0.64772046,0.00196671,0.00014818,0.00137749,0.00015685
1.2.840.113619.2.370.4.279707905.1598248858.432976.png,0.53580374,0.00207796,0.00992802,0.5998054,0.00010626,0.00339202,0.01554776,0.00205624,0.00026014,0.00797164,0.8566774,0.04085578,8.003e-05,0.06930548,0.00016637,6.647e-05,0.00090239,0.00354832,3.223e-05
1.2.840.113619.2.203.4.279707905.1583523358.989287.1.png,0.28190044,0.00126656,0.02806346,0.00010091,0.00208352,0.5450002,0.00109048,3.4e-07,6e-08,0.4318815,0.0266661,0.00026688,0.07108442,0.02527467,0.04089603,2.73e-06,0.00895091,5.828e-05,0.00229332
1.2.840.113619.2.370.4.279707905.1576458196.153009.png,0.99995154,6.285e-05,0.99858105,0.9971795,0.00243972,0.00047578,0.00112438,0.00290259,0.02563017,1.991e-05,1.424e-05,5.864e-05,7.556e-05,6.444e-05,4.976e-05,0.0015039,0.00399253,5.366e-05,3.165e-05
1.2.840.113619.2.370.4.279707905.1578443698.408961.png,0.00258835,0.8258347,7.325e-05,1.686e-05,0.00068535,7.462e-05,0.16117488,0.0001624,0.00221889,0.5014304,0.09458521,0.00162273,0.00052442,0.03846297,0.7875226,0.00015494,0.00011603,0.00069606,0.00095345
1.2.840.113619.2.370.4.279707905.1576461433.833037.png,0.82733047,0.8794587,0.00136156,9.03e-06,5.15e-06,1.565e-05,3.533e-05,6.1e-07,2.007e-05,0.9029063,0.00038207,2.621e-05,7.714e-05,0.9999993,0.00026218,2e-06,3.6e-07,3.397e-05,0.07930292
1.2.840.113619.2.203.4.279707905.1575918511.532852.1.png,2.603e-05,0.2596547,8.7e-07,1.7e-07,0.00567676,0.00082638,0.00345644,0.00256125,0.00312867,0.00356186,0.01252322,0.0119217,0.00518085,0.00071915,0.00032152,1.67e-06,5.9e-07,0.0997294,6.84e-06
1.2.840.113619.2.370.4.279707905.1575361710.882618.png,0.7143908,0.00447574,0.82506377,0.9992992,0.00101869,0.23644418,0.00126211,5.52e-06,0.03015252,0.05848861,0.00010713,4.45e-06,0.00013795,0.91853845,0.00155849,0.00380374,2.15e-06,8.14e-06,0.00103815
1.2.840.113619.2.370.4.279707905.1575514097.785254.png,0.00876721,0.00061171,0.7114507,0.32135135,0.00059555,9.85e-06,0.00045485,0.00243529,0.00053888,0.00012247,0.000692,0.04363178,9.7e-06,0.0001276,0.00079461,0.0029171,0.05173943,3e-07,5.17e-05
1.2.840.113619.2.370.4.279707905.1604472974.235259.png,0.01367861,0.8253772,0.01042461,0.00473906,0.00167562,0.00034918,0.00131881,0.00392475,0.00030382,0.02809577,1.001e-05,0.00024228,0.00032726,0.00027962,0.56470954,0.00053054,0.18913412,3.85e-06,0.00437262
1.2.840.113619.2.370.4.279707905.1600416992.683751.png,0.00122473,0.7289914,0.00162932,0.4123451,0.00374439,0.01049546,0.0102439,0.00048652,0.5297674,0.00139163,0.70029527,0.00026092,2.53e-06,0.00042197,0.00080652,0.00138583,0.00021213,4.5e-07,0.00013364
1.2.840.113619.2.370.4.279707905.1591334506.631137.png,0.11859716,0.9680495,0.00750386,0.00108785,1.71e-06,1.339e-05,0.05064796,0.00045739,1.079e-05,0.0029398,4.8e-05,3.332e-05,9.717e-05,0.00082129,0.37027663,0.00085335,0.00020461,7.965e-05,0.00322982
1.2.840.113619.2.370.4.279707905.1577641582.92593.png,0.00012429,0.471765,0.00093681,8.26e-06,0.00117495,0.08044786,0.0843974,5e-07,0.0057404,0.80136526,0.00486586,0.00014113,0.00014104,0.00011445,0.26981604,7.929e-05,1.94e-05,0.00287479,1.301e-05
1.2.840.113619.2.203.4.279707905.1603477683.2775.1.png,0.16305329,0.01730053,2.88e-06,0.00012066,0.00039012,0.02091961,0.02308678,0.13050084,0.6491924,0.01727868,0.00322422,0.00048287,0.00165368,0.05919156,0.01037572,7.424e-05,8.95e-06,0.02605041,0.00011271
1.2.840.113619.2.203.4.279707905.1574701005.917885.1.png,0.02637139,0.00189194,0.02236596,5.369e-05,0.00366278,0.27466384,0.17987093,0.00474952,0.00251302,0.5327635,0.01333841,0.19845507,0.00703744,0.08989906,0.00024229,0.00010884,4.84e-06,0.12416464,0.0001316
1.2.840.113619.2.370.4.279707905.1589436613.521013.png,0.87773573,0.00348855,0.03692282,0.5184699,0.00387695,0.0005373,0.01214956,9.706e-05,0.03719632,0.00114524,0.0006077,4.62e-06,6.6e-05,0.19079389,0.00143762,0.00012507,9.883e-05,0.00128759,0.00013402
1.2.840.113619.2.370.4.279707905.1591083731.888601.png,0.00110836,0.12219747,0.00188722,1.34e-06,0.00016056,0.00248568,0.1985564,0.0007427,0.01009415,0.06243066,0.01178009,0.00020995,0.00034151,0.00926696,0.01737578,2.558e-05,0.00051076,0.02891822,0.00322479
1.3.12.2.1107.5.3.56.1642.11.202008261519510312.png,0.1317443,0.17353374,0.00492818,0.4615625,0.00013656,0.00517908,0.06923984,0.11295479,0.00948165,0.01813626,0.10066514,0.01210612,0.00043777,0.01576002,0.01267732,0.00083777,0.06105711,0.00025694,0.0011967
1.2.840.113619.2.370.4.279707905.1603410131.325714.png,0.41601476,0.3920187,0.950332,0.00249874,0.00332229,0.00018081,0.00066747,1.702e-05,3.168e-05,0.0209328,1.356e-05,0.43272367,5.04e-06,0.00022027,0.2738791,0.00039261,0.00014388,1.64e-06,0.00200785
1.2.840.113619.2.370.4.279707905.1575421851.356449.png,0.00216514,0.09459525,4.595e-05,0.00729306,0.00028129,0.00040956,0.6214259,0.00015967,0.23051742,0.01376555,0.03894456,3.418e-05,0.00060527,0.00252617,0.03872393,0.00017725,0.00061833,0.00267897,0.00031182
1.2.840.113619.2.370.4.279707905.1591057603.984958.png,0.06540005,0.5888838,0.01188272,1e-08,0.00107904,0.00034056,0.48583853,0.01056485,6.033e-05,0.04580146,0.01648299,0.0117077,0.00132697,0.22722906,0.00287182,4.2e-06,9.019e-05,0.00025776,0.028967
1.2.840.113619.2.370.4.279707905.1575876342.965438.png,0.99993753,9.25e-06,0.9935201,0.9495438,0.0218706,0.00329582,0.00590043,1.265e-05,0.03948702,5.8e-06,0.00034291,0.00282999,0.00477531,0.02046145,1.277e-05,0.00023603,5.044e-05,0.00218453,0.00014675
1.2.840.113619.2.370.4.279707905.1583218010.540445.png,0.98008955,0.00728798,0.17973772,0.97751576,0.00034484,3.71e-05,3.656e-05,1.382e-05,0.00158093,0.03503261,4.728e-05,9.4e-07,4e-06,0.11855167,0.0123691,0.00462766,0.00044742,1.98e-06,0.00035168
1.2.840.113619.2.370.4.279707905.1576239414.342422.png,0.981261,0.00216331,0.994323,0.38674852,0.05355942,0.01049331,0.00289423,0.08300468,0.00470029,0.00605947,0.00017092,0.052529,0.00042395,0.0047027,0.00060177,0.00163594,0.00385793,0.00065542,0.02645369
1.2.840.113619.2.370.4.279707905.1602470826.492176.png,0.05563818,0.8876172,0.00607831,0.00072408,0.0056378,0.00013412,0.61277616,0.0541923,0.02348121,0.00870255,0.00055002,0.04455934,0.00034634,0.000423,0.4166797,0.00137065,0.01218375,3.21e-06,0.00359002
1.2.840.113619.2.370.4.279707905.1577141476.282204.png,0.00035485,0.655334,0.00103771,3.873e-05,0.01411569,0.00138888,0.04910046,0.00018191,0.00057339,0.00024748,0.9844259,0.00030193,5.743e-05,0.0003719,0.00213513,8.238e-05,3.969e-05,0.00125464,1.791e-05
1.2.840.113619.2.203.4.279707905.1584988243.735538.1.png,0.01288717,5.507e-05,2.649e-05,0.9912542,0.000359,0.25327897,0.01446638,0.9985013,0.98974115,0.01427316,0.00014783,1.654e-05,0.00010496,1.469e-05,5.366e-05,2.607e-05,1.01e-05,3.792e-05,1.1e-07
1.2.840.113619.2.370.4.279707905.1601771118.959527.png,0.56347036,0.01101561,0.04378352,0.00397822,2.34e-05,0.9871285,0.00118662,0.0013786,2.46e-06,0.21498103,0.9358557,0.01410331,0.00122637,0.37427965,0.00012793,3.92e-05,0.00016563,7.97e-06,0.00020945
1.2.840.113619.2.203.4.279707905.1575400954.836661.1.png,0.26640898,0.01873937,0.01193329,2.28e-06,0.00123682,0.00302797,0.00186432,6.17e-05,0.00022816,0.00306163,0.03348996,0.5218061,0.00075794,0.21415904,0.0027428,0.00017522,3.129e-05,0.17520265,0.00162322
1.3.46.670589.30.1.6.1.963334151171.1578486064531.2.png,0.24211583,0.00055944,0.8670625,0.02588992,1.077e-05,0.00646256,0.00725037,0.00067851,0.00025519,0.00377654,0.02287063,2.7e-06,1.14e-05,0.00320556,5.274e-05,3.916e-05,0.00076988,1.31e-06,9.647e-05
1.3.12.2.1107.5.3.33.2229.11.202011051035220343.png,0.00804415,0.16395459,2.55e-05,0.9993709,0.00039206,0.00022567,0.00010188,0.34112853,0.3535081,0.00022696,0.00391912,0.00049342,0.12699282,4.625e-05,0.00216297,0.00036563,0.00090689,4.96e-06,1.2e-07
1.2.840.113619.2.370.4.279707905.1598857369.999074.png,0.22770321,0.09427747,0.04750772,6.17e-06,2.895e-05,0.00355915,0.03520426,8.496e-05,3.904e-05,0.00852196,0.00813665,0.5697223,0.9903904,0.111119,0.00299408,7.689e-05,8.528e-05,0.00232495,0.00040784
1.2.840.113619.2.203.4.279707905.1574784016.97789.1.png,0.9991012,0.00196572,0.1558907,5.266e-05,1e-08,2.15e-05,2.144e-05,1.2e-07,3e-08,1.32e-06,0.10062258,0.99999267,0.9997732,0.45536143,1.63e-05,0.00019352,9.7e-07,0.011227,2.098e-05
1.3.12.2.1107.5.3.56.1642.11.202008261603070312.png,0.05579098,0.00165496,0.860622,0.9105762,0.00120351,0.07801591,0.11844324,0.97174406,0.9417384,0.01593652,0.00575684,0.00037561,0.00081721,0.00111493,0.00010907,0.00209218,0.00045911,7.8e-05,0.00034422
1.3.12.2.1107.5.3.56.1642.11.202006161526130328.png,0.00372208,0.00044901,0.00231871,0.69017565,1.794e-05,0.00104313,0.01166255,0.00013176,0.42718112,0.00542782,0.06924128,0.00010391,4.08e-06,0.00015724,0.00037315,0.00073692,0.00012575,4.15e-06,7.5e-07
1.2.840.113619.2.370.4.279707905.1595896360.155670.png,0.00032874,0.9944972,3.798e-05,3.7e-07,4.558e-05,0.00058828,0.0185498,0.00013071,2.962e-05,0.01386399,0.59057087,0.0045353,0.00749565,0.00165884,0.25108403,4.37e-06,7.267e-05,7.51e-06,7.305e-05
1.2.840.113619.2.370.4.279707905.1575334960.101607.png,0.8235165,0.088928,0.00088545,0.00265016,0.00046634,0.00020231,0.00242042,2.06e-06,0.00794038,0.00563508,0.00039242,9.842e-05,0.00011116,0.997129,0.04016846,0.00195473,1.045e-05,0.00598724,0.00759844
1.2.840.113619.2.370.4.279707905.1587083501.568069.png,0.00296644,0.92462015,0.00040824,1.087e-05,0.00112544,0.03449714,0.00536069,2.38e-06,7.825e-05,0.9861449,0.00651807,0.00050766,0.00572365,0.00427403,0.91703874,0.00010182,0.00038327,0.00053908,0.0002684
1.3.12.2.1107.5.3.33.2229.11.201912221638240515.png,0.00756553,0.9290004,0.01093843,0.00058404,0.57952166,0.97578865,0.00200253,0.02377999,0.00040957,0.76669616,0.0005493,0.00069812,0.00027483,0.00046787,0.08562607,0.00054659,0.00016054,0.00170083,0.00054358
1.2.840.113619.2.370.4.279707905.1575683238.44464.png,0.00230184,0.00633402,0.02767326,1.402e-05,0.0197197,0.00074879,0.81969386,0.719196,0.03952306,0.00531092,0.00071818,3.044e-05,0.00065188,0.0042236,0.01046959,1.864e-05,3.6e-06,0.00476986,0.00030807
1.2.840.113619.2.370.4.279707905.1577204383.445420.png,0.0120153,3.62e-06,0.10107077,0.99995506,6.525e-05,0.12731658,0.00041032,0.09997483,0.88171625,0.00301354,0.00147395,1.329e-05,8e-07,0.00022066,4.285e-05,0.00017014,3.63e-06,2.24e-06,2.33e-06
1.3.12.2.1107.5.3.56.1642.11.202008161457050375.png,0.70556176,0.07705006,0.98971903,0.30275676,0.00069834,0.00053163,0.00036316,0.00177505,1.315e-05,0.0374704,1.885e-05,1.01e-06,6e-08,0.01754945,0.00178665,4.78e-05,3.756e-05,2.7e-07,0.00641371
1.2.840.113619.2.370.4.279707905.1600392297.292635.png,0.01914506,0.9946289,0.00557382,3.244e-05,0.00341886,2.101e-05,0.00621499,3.655e-05,0.00027194,0.00225531,0.01217862,0.47232407,0.0016267,0.00180685,0.8349637,0.00059198,0.00096686,1.873e-05,0.00077851
1.2.840.113619.2.370.4.279707905.1574602746.227796.png,0.5314768,0.02234848,0.9678675,0.00454224,0.00265087,0.00100499,0.11687094,0.181298,0.01429395,0.0025152,0.00145528,0.07723466,6.575e-05,0.00081415,0.00124028,0.00049726,0.00360381,6.17e-06,0.00152969
1.2.840.113619.2.370.4.279707905.1575958056.762970.png,0.0232315,3.58e-06,0.02356468,0.99952376,6.125e-05,0.03381494,0.00141196,0.02667741,0.99432313,0.03159842,0.0004907,4.697e-05,2.32e-06,0.0033581,5.506e-05,0.00130115,6.69e-06,2.42e-06,4.2e-07
1.2.840.113619.2.370.4.279707905.1574641050.513095.png,0.78514344,0.8809183,0.00294454,0.04317168,9.601e-05,0.00104506,5.1e-06,2.9e-07,3.67e-06,0.9769553,0.00130871,9.31e-06,0.00030744,0.81670934,0.8929717,0.00161847,0.00042744,8.7e-07,0.00086722
1.2.840.113619.2.203.4.279707905.1576009057.10382.1.png,0.9988681,0.00138864,0.00271878,0.00423301,0.11486725,0.00837366,0.00304822,0.00013978,0.4073231,0.00017525,0.01501281,0.01658089,0.00087236,0.9996323,0.00126087,0.00147864,1.834e-05,0.01173552,0.00102191
1.2.156.112536.2.560.64226048152091077.1335620921536.4.png,0.9404363,4.6e-07,0.00350296,0.94582206,1.574e-05,0.00013539,0.01723438,0.00554005,3.781e-05,2.983e-05,7.002e-05,9.4e-07,2.1e-07,1.747e-05,5.787e-05,0.9996999,2.076e-05,0.01685919,1.14e-06
1.2.840.113619.2.370.4.279707905.1579405644.209508.png,0.26177248,0.68460864,0.00156283,0.06404876,0.00456248,0.08523964,0.00946119,0.06922783,0.00017145,0.48691213,0.10056717,0.00066385,0.00338014,0.04660058,0.4475686,0.00104107,0.00201847,0.00025611,0.00861544
1.2.840.113619.2.370.4.279707905.1598844133.166744.png,6.9e-07,0.44376975,2.114e-05,0.00538736,8.54e-06,0.16354035,0.03224482,0.02948091,0.245302,0.18063977,0.31887084,9.15e-06,8.655e-05,0.00017266,0.00029509,6.728e-05,1.244e-05,0.0003373,6.18e-06
1.2.840.113619.2.370.4.279707905.1576975462.849741.png,0.00729059,0.03589606,0.00016994,4.41e-06,0.00159478,3.789e-05,0.27556446,0.00059174,0.00054102,0.12880892,0.39109027,0.07046319,0.00025965,0.7424589,0.00083279,0.000142,3.7e-07,0.0007914,2.106e-05
1.3.12.2.1107.5.3.56.1642.11.202001131544470015.png,0.38914403,0.00538396,0.9811927,0.9659723,0.00030896,0.02024814,0.01037117,0.9692648,0.95857,0.00559192,0.00038977,1.711e-05,5.398e-05,0.00269761,0.00038457,0.07757744,0.00167666,2.659e-05,0.00807169
1.2.840.113619.2.370.4.279707905.1594688794.893173.png,0.40828812,0.0001177,0.03433342,0.99397814,1.019e-05,0.03848941,0.01269101,0.86303055,0.9888353,0.00620637,0.00046171,1.611e-05,1.31e-06,0.000727,0.0005474,0.00033163,9.15e-06,6.53e-06,1.184e-05
1.2.840.113619.2.370.4.279707905.1580633492.793204.png,0.04882038,0.8129808,0.869426,0.0010513,0.59524465,0.6587068,0.90232587,0.19720338,0.9677892,0.11520535,0.00537968,0.00508323,0.10231379,0.01472738,0.00081997,0.00019699,0.00190562,3.122e-05,0.00224898
1.2.840.113619.2.370.4.279707905.1603155482.343011.png,0.00032013,0.00386379,0.00573253,0.99030685,3.22e-06,0.09769845,4.9e-07,0.8594726,0.01844696,0.11295325,7.807e-05,2.09e-06,3.2e-07,0.00033231,0.00120459,8.114e-05,0.12893905,7e-08,2.86e-06
1.2.840.113619.2.370.4.279707905.1591682617.572349.png,0.00035794,0.00010518,0.19585785,0.9870968,0.00017036,0.00574747,8.458e-05,0.0360138,0.89100075,4.53e-05,0.00233057,1.479e-05,6.31e-06,8.69e-06,0.00233341,0.0041585,2.096e-05,2e-07,0.00012814
1.2.840.113619.2.203.4.279707905.1575924549.585227.1.png,0.9575509,0.00151007,0.00347933,0.01351437,0.01044369,0.02351612,0.03407356,0.01825628,0.52352005,0.00035266,0.00109549,0.00180418,0.0007853,0.48015603,0.00489937,0.00144595,6.372e-05,0.00405767,0.00113222
1.2.840.113619.2.203.4.279707905.1592938724.132119.1.png,0.6672443,6.284e-05,0.02615149,0.98523015,0.00142461,0.33277622,0.00667238,0.06074839,0.9871272,0.01370649,0.00040993,3.795e-05,0.00012939,0.01730318,0.00060983,0.00191324,3.219e-05,0.00132487,3.75e-06
1.2.840.113619.2.370.4.279707905.1577801396.963498.png,0.09460968,0.01567134,0.15482673,0.00021351,0.01214696,0.01254688,0.07641658,0.00477558,4.018e-05,0.80189943,0.06725049,0.0013957,0.00137271,0.38229293,0.03318341,0.00024176,0.0023715,0.00139067,0.00446528
1.2.840.113619.2.370.4.279707905.1598579691.494356.png,0.00055331,0.9667285,0.00010995,6.54e-06,0.00017488,0.01567842,9.992e-05,2.582e-05,1.577e-05,0.7356211,0.0953861,0.01012391,0.00899359,0.01022605,0.40271485,4.77e-06,0.00021781,2.35e-06,9.59e-06
1.2.840.113619.2.370.4.279707905.1593760188.72465.png,0.00032162,0.9979664,2.726e-05,3.049e-05,0.00365134,1.202e-05,0.62643844,0.00226025,0.00050653,0.00021953,0.59466136,0.9342733,0.9232056,0.00029639,0.16093928,0.00108993,1.119e-05,7.3e-07,8.02e-06
1.3.12.2.1107.5.3.56.1642.11.202007241724290781.png,0.05021412,0.0077886,0.0536415,0.99643,0.00028681,0.0017895,0.00842414,0.00282353,0.97907627,0.09762387,0.00179314,1.703e-05,3.187e-05,0.0001095,0.00136227,0.02067621,1.617e-05,2.993e-05,0.00019105
1.2.840.113619.2.370.4.279707905.1597989878.130339.png,0.00040885,0.02039176,0.03543845,0.00072343,0.00044245,0.00423019,0.00056445,0.3771049,0.02539896,0.02752536,0.22948495,0.20604852,0.0013534,0.00070162,0.00159886,0.00036606,8.18e-06,3.07e-06,2.806e-05
1.2.840.113619.2.203.4.279707905.1594405351.211049.1.png,0.76845354,3.48e-06,0.10795851,0.99506074,0.04093012,0.7838984,0.54321516,0.01341162,0.8318537,0.00034732,0.0051988,0.00016511,0.00011602,0.00164067,7.314e-05,0.00313412,0.00011923,2.475e-05,0.00020574
1.2.840.113619.2.370.4.279707905.1578635767.49097.png,0.9340539,0.08790495,0.00323949,0.00040443,7.142e-05,0.000595,0.00477454,1.11e-06,0.00118651,0.01985617,0.03670763,0.02930557,0.00019107,0.8790977,0.00163502,0.00069097,7.617e-05,0.1109525,0.00056154
1.2.840.113619.2.370.4.279707905.1575696440.579178.png,0.00149342,0.04374858,5.556e-05,0.04902818,0.00020228,0.01610633,0.00228298,0.95579016,0.00060056,0.05046294,0.01577528,0.0005161,1.331e-05,0.00079393,0.02270478,6.212e-05,9.1e-07,0.00019011,2.812e-05
1.2.840.113619.2.370.4.279707905.1578163709.554548.png,0.44797492,0.00010931,0.8987436,0.9933338,0.00042912,0.10188241,0.00188607,0.02309922,0.37926227,0.00139337,0.00225109,0.00253379,8.639e-05,0.00146019,0.00041084,0.00480807,0.00028624,3.914e-05,0.00019533
1.2.840.113619.2.370.4.279707905.1575611445.71166.png,0.00275632,0.5245521,0.0003677,0.00016854,0.00526394,0.00039573,0.4328003,2.801e-05,0.00404907,0.12953971,0.17373227,0.06342917,0.00264745,0.04848428,0.4096279,0.00127191,0.00024228,0.02375142,0.00062828
1.2.840.113619.2.370.4.279707905.1578640364.362961.png,0.01499005,0.01737894,6.8e-07,7.54e-06,0.00017531,6e-08,0.00891449,3.65e-06,0.00020719,0.00356838,0.08703205,0.00126898,3.259e-05,0.4811912,0.0335889,1.179e-05,1.02e-06,3.902e-05,6.92e-06
1.3.12.2.1107.5.3.56.1642.11.202007201523000671.png,7.41e-06,0.00052313,0.00012957,0.998104,2e-07,0.00017721,0.0001531,0.00195461,0.18156694,0.00180591,0.75571615,1.83e-06,3e-08,7.1e-07,0.00017308,0.01004371,0.00017845,3e-08,2.7e-07
1.2.840.113619.2.370.4.279707905.1596248460.609667.png,0.00396695,0.99800926,0.00026238,0.000215,0.00025228,0.0001335,0.01769502,5.052e-05,3.371e-05,1.37e-05,0.41977763,0.2020024,0.38066405,0.0001311,0.00133066,0.00073875,0.00020513,2.566e-05,1.356e-05
1.2.840.113619.2.370.4.279707905.1578537816.720430.png,0.00179507,0.2553929,0.0022388,4.63e-06,0.00175505,0.00046904,0.33625445,4.779e-05,0.00507712,0.50099367,0.00888392,0.00026582,0.00069753,0.01303849,0.07133115,0.00031875,0.00047784,0.06449441,0.00237529
1.3.46.670589.30.1.6.1.963334151171.1574927805437.2.png,0.06451357,0.00012256,0.00654232,0.99737126,7.323e-05,0.05616635,0.00076202,0.01971233,6.278e-05,0.00011894,0.02159307,2.57e-06,0.0108794,0.00486748,5.525e-05,0.00279727,0.38361776,3.373e-05,0.00352534
1.2.840.113619.2.370.4.279707905.1603792162.96421.png,0.00027658,0.252028,0.00066359,1.37e-05,0.00084497,0.1008225,0.0126991,6.74e-05,6.952e-05,0.27761024,5.461e-05,0.00897376,0.01047461,7.83e-06,0.00943254,1.937e-05,0.9940758,4.5e-06,1.206e-05
1.2.840.113619.2.370.4.279707905.1576288969.594086.png,0.00643298,0.63123184,1.743e-05,2e-08,6.512e-05,2.12e-06,0.11951676,0.0007606,4.578e-05,0.00035358,0.52191335,0.00080222,0.0002236,0.25151926,0.01099632,5.46e-06,6.472e-05,0.00263623,0.00516127
1.2.840.113619.2.370.4.279707905.1576904131.526028.png,0.03703252,0.03637368,0.0036932,0.00047085,8.486e-05,0.00046174,0.17742004,0.00102085,0.00079126,0.0207517,0.01884823,0.00074849,0.00081325,0.01743294,0.0112972,6.193e-05,0.00035118,0.02654538,0.00052213
1.3.12.2.1107.5.3.56.1642.11.202009211559010437.png,0.00022831,8.92e-06,0.04055026,0.99102765,1.119e-05,0.00140295,0.01831526,0.00462514,0.89266986,0.0260891,0.00124013,1.99e-06,2.1e-07,3.893e-05,1.823e-05,0.00141967,0.00218488,2.79e-06,2.71e-06
1.2.840.113619.2.370.4.279707905.1578172574.114462.png,0.9566638,0.16948593,0.99678874,0.01050147,1.66e-06,5.13e-06,4.91e-06,6.84e-06,7.344e-05,0.00683138,6.3e-07,2.6e-07,2e-08,0.00910364,0.0009099,1.489e-05,1.23e-06,2.4e-07,0.00870225
1.2.840.113619.2.370.4.279707905.1576646434.103770.png,0.9237364,0.00241925,0.00668582,0.8086168,0.21571696,0.00732655,0.05707805,6.99e-06,0.3538572,0.00363934,0.00226839,0.00064227,0.00030621,0.9851076,0.00112944,0.0016192,6.97e-06,0.0064729,0.0046309
1.2.840.113619.2.370.4.279707905.1604795208.838837.png,0.41293332,0.02357726,0.02360066,0.23757827,0.00753653,0.00939136,0.15929699,0.00947565,0.0336193,0.4636067,0.00082712,3.31e-06,3.933e-05,0.00385092,0.0451631,0.0020715,0.00313736,0.00016169,0.0019041
1.2.840.113619.2.203.4.279707905.1575410217.772428.1.png,0.05376004,0.00080536,0.0001576,0.04385426,0.06556666,0.00084589,0.35068667,0.00455919,0.00775683,0.78793126,0.02447452,0.02841317,6.932e-05,0.98558575,3.934e-05,4.698e-05,2.4e-07,0.00108703,6.22e-06
1.2.840.113619.2.370.4.279707905.1574745366.228312.png,0.00139452,0.238576,9.66e-06,0.11004248,0.02499581,0.00215193,0.00018145,4.411e-05,3.897e-05,0.8310648,0.03657213,2.55e-06,0.00016086,0.9439829,0.00366868,6.34e-06,1.59e-06,2.31e-06,7.046e-05
1.3.46.670589.30.1.6.1.963334151171.1601537567031.2.png,0.00177627,0.00207585,0.00032565,5.284e-05,0.01302667,5.405e-05,0.21880975,0.00062973,0.0001324,0.00013264,0.8563284,0.05858624,8.571e-05,0.00015852,0.00190077,0.00218998,3.683e-05,0.00024189,1.227e-05
1.2.840.113619.2.370.4.279707905.1576397713.623639.png,0.00291992,0.13223788,0.0430444,0.0027408,0.00582955,9.221e-05,0.02689337,9.67e-06,6.09e-05,0.00061287,0.00105591,0.98716986,0.88801765,0.00056225,0.16602452,0.00163404,0.00355693,4.5e-06,7.575e-05
1.3.12.2.1107.5.3.56.1642.11.202003301409570593.png,0.00036287,0.9986253,6e-07,0.00024774,0.00027357,2.515e-05,0.0018344,0.00058217,0.0100481,0.04421214,0.3164393,0.00228915,0.5339269,0.00029552,0.63552475,1.192e-05,0.00066324,1.5e-07,1.14e-06
1.2.840.113619.2.203.4.279707905.1576685759.128693.1.png,0.9978867,0.00326154,0.02188115,0.00468011,0.03034258,0.48195443,0.13705629,0.95318776,0.9996497,0.00161406,3.189e-05,0.00043199,0.00477238,0.28762975,0.00094782,0.00013458,0.00011017,0.000704,0.00011136
1.3.12.2.1107.5.3.33.2229.11.202010141051360218.png,0.9925517,3.463e-05,0.030627,0.94328934,0.00013794,0.03316703,0.00136863,0.01183268,0.14591841,0.00955944,5.09e-06,0.00244701,1.944e-05,0.00019823,0.00015412,0.00057108,7.805e-05,0.30847773,1.33e-05
1.2.840.113619.2.370.4.279707905.1579756874.779362.png,0.38136473,0.00272884,0.00596744,0.00015217,0.9175482,0.02219293,0.00021933,1.13e-06,0.00129727,0.49386427,0.84790266,0.85961246,2.849e-05,0.8464338,0.00040715,3.492e-05,0.00013203,2.7e-06,8.94e-06
1.3.12.2.1107.5.3.56.1642.11.202001301550100750.png,0.98868376,6.555e-05,0.21916546,0.99944115,9.167e-05,1.467e-05,0.00166306,0.03752898,0.03033227,0.00026994,0.00040845,4.202e-05,7.44e-06,0.00048135,0.00016096,0.06192064,0.00125096,0.00060027,3.663e-05
1.2.840.113619.2.203.4.279707905.1576188113.505559.1.png,0.5721426,0.01643775,0.01460544,0.00310084,0.00452167,0.9978033,0.04702802,0.10044315,0.00087351,0.1486427,0.00088452,0.00243529,0.02929119,0.00161265,0.00034626,0.00011805,0.00095855,0.03228028,0.00038366
1.2.840.113619.2.370.4.279707905.1578617072.787826.png,0.00079046,0.25727698,0.00028509,0.01108131,0.00106512,0.00171363,0.00123913,7.746e-05,2.21e-05,0.93257827,0.10684195,1.44e-05,0.00037515,0.99804175,0.00023322,1.091e-05,3.9e-07,0.00017888,0.00016136
1.3.46.670589.30.1.6.1.963334151171.1597668363218.2.png,0.9963181,1.47e-06,0.93706775,0.9986278,0.00751633,0.1233548,0.06087782,0.00320818,0.30073884,0.00015956,0.00018957,0.00047871,6.077e-05,0.00022752,1.905e-05,0.00011714,0.00031886,0.00084284,0.00015393
1.2.840.113619.2.370.4.279707905.1604714046.834844.png,0.17973565,0.00031595,0.0167342,0.5785053,0.00093312,0.00470626,0.01626233,0.0048572,0.9755474,0.0596684,0.00717337,0.02153068,2.7e-06,0.00529508,0.00161519,0.00044515,2.313e-05,1.069e-05,8.1e-07
1.2.840.113619.2.370.4.279707905.1604020639.973541.png,0.97301066,0.0313998,0.01503554,0.0005131,0.03874971,0.00154079,0.0017376,4.647e-05,0.02940207,0.22352484,0.00192706,0.01059752,4.531e-05,0.7137744,0.00823676,0.00107664,0.00075508,2.97e-05,0.00019247
1.2.840.113619.2.370.4.279707905.1600225731.120864.png,0.02833381,0.01970924,0.0224565,0.9994342,0.00324981,0.10198546,0.00101496,0.5034024,0.5917373,0.00191715,0.0004698,1.863e-05,1.96e-06,9.645e-05,0.00020041,0.00699121,0.00421173,9.9e-06,0.00025557
1.2.840.113619.2.203.4.279707905.1575492396.981391.1.png,0.76166725,0.9655488,0.04388128,4.5e-07,1.6e-07,0.08210288,3.72e-06,1.1e-07,5e-08,7e-08,0.00118734,0.00537763,0.9972663,0.03429236,5.625e-05,1.53e-06,1.582e-05,0.2547832,0.00042713
1.2.840.113619.2.370.4.279707905.1576549037.245792.png,0.75361055,0.00050373,0.19448502,0.12026046,0.00520679,0.00029613,0.0046134,6.5e-07,0.12155189,0.00141559,5.903e-05,2.3e-07,2.665e-05,0.79241616,0.00275256,1.602e-05,1.97e-06,1.499e-05,0.00049803
1.2.840.113619.2.370.4.279707905.1599443805.42179.png,0.18881314,0.6069805,0.00729912,0.00348056,0.00057813,0.2554432,0.00575335,0.01818724,0.00485054,0.00018573,0.9310343,0.00108701,2.259e-05,0.00204492,2.324e-05,3.066e-05,5.784e-05,5.04e-06,3.448e-05
1.3.12.2.1107.5.3.33.2229.11.202001291122150296.png,0.08891849,0.01336478,0.01098124,0.00600467,0.00289735,0.01665394,0.06603162,0.00198845,0.00027577,0.00940276,0.00014466,0.05217584,0.07562448,0.00294742,0.00260551,0.00160474,0.00053404,0.14857575,0.00080248
1.3.12.2.1107.5.3.56.1642.11.202007091510350750.png,0.00144737,0.8108539,3.025e-05,0.05827605,0.00090419,0.00020772,0.01988601,0.09421539,0.70281535,0.19469427,0.10152564,0.00257695,0.06059032,7.516e-05,0.02565766,4.819e-05,0.00479292,1.343e-05,3.9e-07
1.3.12.2.1107.5.3.33.2229.11.202008181420290156.png,0.9924561,0.67246455,0.00620186,0.91896534,0.01131645,0.00085166,0.00017488,0.01259013,0.00111165,0.01733877,0.00310965,0.00339094,0.0044683,0.00163757,0.01489722,0.02532789,0.01618222,0.00033198,0.00056002
1.2.840.113619.2.370.4.279707905.1579135220.257903.png,0.9951492,0.00164478,0.96725386,0.58334255,0.00393507,0.00408586,0.00066141,0.03012009,0.00297909,0.02749668,0.00023869,0.0011386,6.3e-06,0.00136934,8.076e-05,0.0017491,0.00197282,0.00018335,0.00104081
1.2.840.113619.2.370.4.279707905.1575248836.84916.png,0.00647845,1.38e-06,0.23852208,0.418307,0.10139576,0.8515872,0.99671274,0.1059681,0.95093095,0.8883576,1.83e-06,0.00065834,1.343e-05,1.681e-05,1.536e-05,0.00019233,2.519e-05,0.00086797,6.2e-07
1.2.840.113619.2.370.4.279707905.1587518727.850688.png,0.00055437,0.04879872,0.01427179,1.6e-06,0.01042444,0.00149241,0.2073996,1.127e-05,0.00010693,0.02613632,0.07621971,0.22173423,0.00016273,6.211e-05,0.0073303,1.452e-05,7.79e-06,1.056e-05,3.3e-07
1.3.46.670589.30.1.6.1.963334151171.1594393334375.1.png,0.03935613,7e-08,0.75338334,0.2255411,6.842e-05,0.0050234,0.32741034,0.00317432,3.828e-05,1.1e-07,0.6401529,4.151e-05,0.00052381,0.00022668,3.81e-06,0.0001601,0.00462218,6e-08,0.00188399
1.2.840.113619.2.370.4.279707905.1574595988.433865.png,0.6712494,0.00192863,0.5464269,0.00432477,0.01667867,9.97e-06,0.00269869,0.754818,0.00588528,7.43e-06,0.00175407,0.02031562,0.00430253,0.00513696,0.00196685,0.01963146,0.05437223,0.00137517,0.4120378
1.2.840.113619.2.203.4.279707905.1586355847.196182.1.png,0.00076611,0.9312732,2.681e-05,3.46e-06,6.4e-06,0.00520377,0.00306744,0.00013441,0.00110567,0.07333028,0.00698667,0.00764886,0.998553,0.01701174,0.00150218,1.38e-06,0.00011597,0.00048755,5.44e-06
1.2.840.113619.2.370.4.279707905.1585962726.993287.png,0.07270928,0.18740997,3.043e-05,6.81e-05,0.00168137,9.445e-05,0.04257167,1.548e-05,0.00203365,0.08299814,0.09163599,0.00174046,0.00079377,0.9012127,0.01003188,5.285e-05,4.87e-06,0.00034606,0.00030282
1.2.840.113619.2.370.4.279707905.1601686638.381408.png,0.9997087,0.00497357,0.82957095,0.9165013,4.22e-06,0.00176027,0.0003492,9.785e-05,0.10416715,0.00025008,1.052e-05,4.904e-05,2.407e-05,0.05843276,0.00119318,0.01024878,0.00106994,0.01400452,2.207e-05
1.2.840.113619.2.203.4.279707905.1577116619.63875.1.png,0.01686294,0.00180993,7.2e-07,4e-07,3.47e-06,1.207e-05,0.02208336,0.00041809,0.00123504,2.633e-05,0.02172278,0.01007569,0.00023471,0.5986597,0.00041847,1.115e-05,2.46e-06,0.82616526,0.00024323
1.2.840.113619.2.203.4.279707905.1577481763.337487.1.png,0.9995359,0.0001058,0.10598746,0.6586821,0.18280149,0.00156949,0.00026874,4.88e-06,0.00977535,0.0001884,6.516e-05,1.065e-05,0.00023486,0.999483,0.00060971,0.00010516,1.99e-06,0.0012882,0.00027187
1.2.840.113619.2.203.4.279707905.1576783881.971568.1.png,0.9998636,0.00530626,0.6743832,0.9840626,0.00010901,0.0068583,0.00016234,0.00340563,0.0018799,0.00400729,6.333e-05,0.00015257,0.00018288,0.00043,6.607e-05,0.00022819,0.00243991,0.00680774,0.00033521
1.3.46.670589.30.1.6.1.963334151171.1577954000453.2.png,0.22510886,0.00535156,0.03362601,0.10114849,0.6089584,0.13079065,0.0085136,1.694e-05,0.02024736,0.01500725,0.00628935,0.00830879,3.745e-05,0.01382638,0.00577538,0.00866096,1.696e-05,0.00013922,3.955e-05
1.2.840.113619.2.370.4.279707905.1576905534.57112.png,0.03245685,0.9250962,6.08e-06,7.35e-06,0.00040986,0.00025795,0.00092717,1.658e-05,1.679e-05,0.00808661,0.89341855,0.00073771,0.00015359,0.0565617,0.6210374,6.851e-05,2.51e-05,2.97e-06,0.00011889
1.2.840.113619.2.370.4.279707905.1577946656.155763.png,0.04134494,0.9969819,0.00016854,5e-08,8.79e-06,2.474e-05,0.12013385,1.973e-05,8.31e-06,0.00840935,0.02530912,0.00770507,0.01756111,0.47185883,0.00741223,9e-07,0.00011544,2.01e-06,0.00736325
1.2.840.113619.2.370.4.279707905.1576480102.637069.png,0.31182045,0.00084797,0.00429092,0.7532519,1.874e-05,0.00249873,0.00053524,0.00658217,0.9581814,0.01633422,0.00747098,0.00177795,6.1e-07,0.00246136,0.01323881,0.01080662,3.068e-05,3.6e-06,2.86e-06
1.2.840.113619.2.370.4.279707905.1590563729.28502.png,1.929e-05,0.07641896,1.84e-06,0.0001344,0.00232186,6.882e-05,0.23724996,0.05469432,0.24522807,0.00645659,0.00473367,6.13e-05,0.00020236,0.00017862,0.02359224,4.329e-05,2.149e-05,0.07698228,3.81e-06
1.2.840.113619.2.370.4.279707905.1600829725.275810.png,0.01601669,5.66e-06,0.01902927,0.9995311,2.4e-07,0.00013624,0.00091311,2.69e-06,0.99984926,1.774e-05,0.00010485,9e-08,0.0,1.133e-05,0.00011668,0.00406899,1.4e-07,1.68e-06,1.1e-06
1.2.840.113619.2.370.4.279707905.1604302857.633941.png,0.00153124,0.9985423,0.00178581,0.00290012,2.081e-05,0.00024246,0.00063508,0.00028283,2.8e-06,0.00251255,1.47e-06,2.8e-07,5.93e-06,3.27e-06,0.9869423,0.00049645,0.00043567,2.34e-06,0.00023078
1.3.46.670589.30.1.6.1.963334151171.1576055267359.2.png,0.03311514,3.248e-05,0.4350167,0.0004012,0.00413901,0.00147581,0.4970036,0.04319016,0.00276061,1.315e-05,0.08574967,0.0401495,0.02905214,0.11527452,0.00012126,0.00022341,0.04890258,0.00305388,0.60725087
1.2.840.113619.2.370.4.279707905.1584579465.68081.png,0.06874682,0.00162057,0.01868276,0.84761727,0.00065636,0.00176236,0.5126649,0.00039846,0.00822629,0.9073441,0.00010948,0.00022991,0.00019243,0.74566907,8.284e-05,0.0004695,7.4e-07,0.00010404,8.42e-06
1.2.840.113619.2.370.4.279707905.1578814551.993070.png,0.22255287,0.00059141,0.8559053,0.9482283,0.0018627,0.06374566,0.00314479,0.00434566,0.0986577,0.02418604,8.814e-05,0.00019481,5.63e-06,4.752e-05,0.00026983,0.00027443,0.00025507,0.00034719,3.222e-05
1.2.840.113619.2.370.4.279707905.1592967452.555279.png,0.30924764,0.34153825,0.02353714,2.421e-05,0.0037507,0.00093544,0.8873983,2.45e-06,5.279e-05,0.09477584,0.5666527,0.02059171,0.00123593,0.5974106,0.00314984,0.00010047,4.836e-05,0.00571452,0.0004727
1.2.840.113619.2.370.4.279707905.1602483534.697920.png,0.00069581,0.5561565,0.25570846,0.00898267,0.11233765,0.25823835,0.07475002,0.00237256,0.00499556,0.00235421,0.94565886,0.00185751,0.00047624,0.00123042,0.00033404,0.00015756,0.00010743,8.96e-06,8.528e-05
1.2.840.113619.2.203.4.279707905.1578081985.170396.1.png,0.9999815,1.209e-05,0.98331016,0.9983949,0.9528663,0.00035305,0.02114986,0.09429555,0.5751524,7.226e-05,8.54e-06,2.156e-05,0.00062306,0.00276002,7.22e-05,5.813e-05,3.961e-05,2.54e-06,7.262e-05
1.2.840.113619.2.203.4.279707905.1576534709.176719.1.png,0.45583105,0.01278212,0.00974744,0.15701367,0.0633381,0.2596565,0.3004077,0.1253247,0.18778208,0.10732511,0.00019658,0.000317,0.00238491,0.16609247,0.00049564,0.00017077,3.827e-05,0.00037289,7.52e-06
1.2.840.113619.2.203.4.279707905.1578514628.332762.1.png,0.14841184,0.97274494,0.0023853,0.00101055,0.00498832,0.00015023,0.12145567,0.0370277,0.04215122,0.00428285,0.15231095,0.0121634,0.00011486,0.01987516,0.01104715,0.00049801,0.00491301,0.00097315,0.01504747
1.2.840.113619.2.370.4.279707905.1588730992.928564.png,0.0005093,0.9870952,1.08e-06,6.67e-06,2e-08,7.8e-07,0.00322701,6.256e-05,1.41e-06,1.05e-06,0.22901177,0.45582443,0.9991715,0.00012542,0.29708523,0.00115179,4.91e-06,1.287e-05,8.49e-06
1.2.840.113619.2.370.4.279707905.1584667167.498871.png,0.28808814,2.08e-06,0.15200406,0.99998474,0.00034089,0.15386905,0.00011341,0.06732478,0.94785225,4.714e-05,0.0004667,1.154e-05,1.21e-06,0.00140328,1.293e-05,0.00133772,4.361e-05,1.89e-06,0.00011085
1.3.12.2.1107.5.3.56.1642.11.202006221616420484.png,0.0174423,0.00031262,0.00132561,0.99019825,0.01452898,0.04639432,0.00982269,0.81220067,0.07265728,0.00023159,0.91211367,0.00032029,0.00272876,7.172e-05,0.00030726,0.13343358,0.00339482,7.382e-05,7.884e-05
1.2.840.113619.2.203.4.279707905.1576698056.90089.1.png,1.51e-06,0.02238434,2e-08,2.2e-07,0.00099569,0.00245682,0.00028216,0.75583315,0.00334082,0.00027749,0.00040915,0.00011887,0.01005542,3.874e-05,8.219e-05,6.1e-07,6.4e-07,0.20916614,3.1e-07
1.2.840.113619.2.203.4.279707905.1578345386.552491.1.png,0.9988462,3.64e-06,0.08405699,0.0003279,1.177e-05,0.06128319,0.10745239,1.572e-05,0.00096071,0.17630807,0.001414,0.9298524,0.00094908,0.04322952,5.8e-07,2.366e-05,3.51e-06,0.00583425,1.2e-06
1.2.840.113619.2.370.4.279707905.1577054281.310167.png,0.3459277,0.00010727,0.09290877,0.9998543,0.00104759,0.39474672,0.0548843,0.09749447,0.0040448,0.00029604,0.01258763,0.00033615,0.00013233,0.00081495,6.95e-05,0.00365511,0.0162129,0.00043722,4.52e-05
1.2.840.113619.2.370.4.279707905.1577033407.333752.png,0.66309357,0.20312037,0.62210536,0.00649303,0.09986967,0.0563507,0.6476135,0.00648941,0.00036838,0.00121132,0.00021261,0.16101296,0.00026596,0.00046982,0.00280344,0.00041007,0.01485699,0.00026741,0.00129367
1.2.840.113619.2.370.4.279707905.1576312601.354624.png,0.00909673,0.0023079,0.00114473,0.00019055,0.00062733,8.15e-06,0.04053685,0.00015251,8.843e-05,0.00141938,0.5787085,0.00165818,0.00013362,0.06239172,0.0082029,4.432e-05,0.00124631,0.18968967,0.00019952
1.2.840.113619.2.370.4.279707905.1586244840.333213.png,0.36721513,1.269e-05,0.00050579,0.62253296,5.03e-06,0.00030996,0.00666221,0.0176726,0.9941555,0.19246596,0.00044211,0.00048009,6.55e-06,0.92575145,3.598e-05,0.00012561,2.77e-06,3.75e-06,1.56e-06
1.2.840.113619.2.370.4.279707905.1605486157.714153.png,0.19108257,7.75e-06,0.39660972,0.99963665,4.74e-06,0.07142684,0.0676569,0.06154376,0.99985087,0.00577211,2.8e-06,2.4e-07,1.1e-07,1.06e-05,4.485e-05,0.00024793,2.5e-07,6.95e-06,5.32e-06
1.2.840.113619.2.370.4.279707905.1577041905.601167.png,0.7968108,0.02447444,0.62096936,0.01292522,0.38116613,0.00422927,0.00098768,0.00032388,0.14419538,0.00110221,0.2065904,0.98907065,5.287e-05,0.00331187,0.000123,2.559e-05,1.005e-05,2.031e-05,1.548e-05
1.3.46.670589.30.1.6.1.963334151171.1580551022796.2.png,0.47449997,5.13e-06,0.0811261,0.88655674,0.00137511,0.01470399,0.7900016,0.05423864,0.00272275,6.4e-07,0.32392967,4.884e-05,9.025e-05,8.323e-05,4.266e-05,3.955e-05,0.0151337,5.94e-06,0.00088806
1.3.12.2.1107.5.3.56.1642.11.202004141512450640.png,0.10615487,0.00030726,0.08451729,0.99971914,3.12e-05,0.00149209,0.04949958,0.68827224,0.7996463,0.00010919,0.00039635,9.49e-06,4.489e-05,1.391e-05,0.00014188,0.06378184,0.00016759,3.11e-05,1.77e-05
1.3.46.670589.30.1.6.1.963334151171.1576662101500.2.png,0.33373898,0.00015693,0.05612758,0.46067792,0.00131742,0.01247142,0.04314842,5.47e-06,0.26653317,0.00111082,0.0003318,8.763e-05,4.146e-05,0.00044836,0.0018268,0.00452821,1.718e-05,0.00198561,4.299e-05
1.2.840.113619.2.370.4.279707905.1576126648.853370.png,0.12659667,0.02888274,0.00024025,0.703132,0.02811786,0.03409268,0.00562704,0.00283708,0.00890442,0.66678584,0.00077313,0.00057396,0.00014717,0.37699616,0.00417303,0.00024794,4.9e-07,1.93e-06,1.02e-05
1.2.840.113619.2.370.4.279707905.1598065036.476057.png,0.343054,0.1120809,0.81994635,0.12367812,0.00200586,0.02073981,0.03272708,0.12735167,0.00050233,0.02671866,4.579e-05,0.00141,0.00015534,0.00121569,0.00063068,0.00049295,7.597e-05,0.00011346,0.00090328
1.2.840.113619.2.370.4.279707905.1579315920.179983.png,0.00647838,0.13812858,0.00272659,0.6887252,2.3e-05,2.5e-06,0.00240658,0.00047002,0.4742616,0.00911495,0.00163911,7.07e-06,1.9e-07,9.371e-05,0.13744569,0.00941209,7.13e-06,8.3e-07,0.00014845
1.2.840.113619.2.370.4.279707905.1605227247.205405.png,0.00161459,0.9636467,0.01781089,8.353e-05,0.00035083,6.87e-06,0.51380193,0.0001181,0.00030426,0.00026067,0.00077359,0.00437063,0.02288226,0.00011065,0.89854467,0.00085985,0.00025888,2.29e-05,0.00015514
1.2.840.113619.2.203.4.279707905.1578949798.58549.1.png,0.99718577,0.00443916,0.00125846,0.00112039,2.15e-05,0.00333653,0.01408328,0.0283084,0.00902287,8.058e-05,0.00916949,0.00195783,0.00083111,0.9456512,6.693e-05,0.0001838,1.834e-05,0.92112654,0.00050158
1.2.840.113619.2.370.4.279707905.1604729655.838867.png,0.51176876,0.9902587,0.98237133,0.00025748,0.00101921,0.0001166,0.00375175,0.00548638,0.00010255,0.02544083,6.1e-07,1.245e-05,5.599e-05,0.00011476,0.58415836,2.56e-05,0.07557092,7e-08,0.23736908
1.2.840.113619.2.370.4.279707905.1595399532.491333.png,0.9527021,3.18e-06,0.95419383,0.99987614,2.836e-05,0.02170453,0.00050173,0.01430722,0.97292536,4.861e-05,6.238e-05,3.433e-05,9.77e-06,0.00016032,2.998e-05,0.01048602,2.335e-05,1.88e-06,4.767e-05
1.2.840.113619.2.370.4.279707905.1576132474.883635.png,0.01928749,5.916e-05,0.00684623,0.8117997,0.00110036,0.00133516,0.00939482,0.00429255,0.75195247,0.21918836,4.785e-05,0.00660053,0.00012208,0.01012916,0.00102677,0.00077835,7e-07,0.00012889,2.4e-06
1.3.46.670589.30.1.6.1.963334151171.1594046393843.2.png,0.00368403,9.738e-05,0.10854049,0.00060377,0.02293942,0.00383448,0.87553,0.00015784,0.00226372,0.0003022,0.12710449,0.01160345,3.473e-05,0.00033831,0.00018094,0.00166472,0.00072766,0.00195357,0.00063223
1.2.840.113619.2.203.4.279707905.1587578813.750398.1.png,0.32061177,0.00145287,0.14694026,0.10536276,0.000205,0.00838442,0.08306476,0.00034443,0.02633086,0.3129779,5.03e-06,2.069e-05,2.065e-05,0.00040936,0.0007301,0.02509213,0.00017364,0.04200198,1.413e-05
1.2.840.113619.2.370.4.279707905.1581386158.993920.png,0.88540435,0.00083081,0.04924616,0.08193244,0.00246618,0.00080225,0.14009978,1.379e-05,0.01395952,0.00013859,8.106e-05,2.3e-07,6.82e-06,0.60379356,0.00247096,7.885e-05,1.267e-05,0.00056637,0.00150843
1.2.840.113619.2.203.4.279707905.1592941915.24932.1.png,0.23758493,2.472e-05,0.02289092,0.26403603,0.03325252,0.55759,0.01025319,0.99977595,0.99975926,0.02939339,2.226e-05,0.00016099,4.42e-05,1.27e-05,3.528e-05,3.515e-05,0.00038211,0.00020706,1.9e-07
1.2.840.113619.2.370.4.279707905.1574817292.545075.png,0.2472718,0.7779871,0.38665476,0.00122412,0.11955767,0.09987475,1.49e-06,0.00018624,8.35e-06,0.9633397,0.0008841,0.00329408,0.00016764,0.00229173,0.11324057,0.00012087,0.2970958,9.1e-07,3.53e-05
1.2.840.113619.2.370.4.279707905.1601781943.230702.png,0.9955338,1.49e-06,0.95853657,0.96612394,4e-06,0.00075065,0.00063115,6.07e-05,0.00094904,0.00953129,0.00013501,0.03653964,2.9e-07,1.456e-05,2.94e-06,0.00013581,4.87e-06,0.0006535,3e-08
1.2.840.113619.2.370.4.279707905.1578636779.250645.png,0.03082336,0.00762176,0.78155553,1.6e-06,0.00307342,0.00128275,0.05601706,0.003286,0.00031403,0.00060556,0.16414869,0.37677413,0.01163795,0.13061617,2.631e-05,2.093e-05,0.00015248,0.00034972,0.00380855
1.2.840.113619.2.370.4.279707905.1591317113.249977.png,0.01977408,0.1214126,0.08170404,1.063e-05,0.0016481,0.00068659,0.1400201,3.331e-05,8.81e-06,0.5563855,0.04669094,0.0102022,0.02042352,0.24076404,0.0511893,0.00010316,0.00023565,0.00059,0.00107289
1.2.840.113619.2.370.4.279707905.1603436323.280331.png,0.22517245,0.00809637,0.00221282,0.00055691,0.0002423,0.00011573,0.00054161,1.19e-06,0.00033866,0.68037,6.126e-05,3.9e-07,1.763e-05,0.9999881,0.00158774,2.94e-06,2.9e-07,5.24e-05,0.0004811
1.2.840.113619.2.370.4.279707905.1578719363.946676.png,0.00285933,0.9442332,1.088e-05,1e-08,2.1e-07,0.00020225,0.09066472,0.00086602,0.00019417,0.00031841,0.0038558,0.00240601,0.62442315,0.00538761,0.00072388,0.00010285,1.29e-06,0.00770993,9.029e-05
1.2.840.113619.2.370.4.279707905.1604884435.174501.png,0.9958599,0.33145577,0.11896008,0.21217954,0.00015232,2.01e-06,0.00210671,2.49e-06,0.00509854,0.28905034,0.00088059,0.1804514,4.7e-07,0.00114688,0.05852288,0.0003615,5.961e-05,6e-08,1.051e-05
1.3.12.2.1107.5.3.56.1642.11.202008111508290609.png,1.819e-05,0.00039657,0.00047907,0.23259,2.24e-06,0.00395362,8.46e-05,4.035e-05,0.01877802,0.00046298,0.7068811,2.18e-05,1.331e-05,1.787e-05,0.00074629,6.95e-06,1.378e-05,3e-08,1.7e-07
1.2.840.113619.2.370.4.279707905.1598058651.402085.png,0.10175537,0.9580408,0.83529735,0.00013843,0.00022697,2.258e-05,0.00012243,5.096e-05,4.14e-06,0.00072641,9.94e-06,0.00526389,0.00017221,8.493e-05,0.946986,0.0002408,0.00032322,1.8e-07,0.00943268
1.2.840.113619.2.203.4.279707905.1574700640.950750.1.png,0.9940832,0.00044645,0.09676426,0.18689054,0.00411227,0.05970714,0.11652147,0.00651903,0.02925601,0.00062051,0.00011498,0.00069362,0.00119341,0.2131562,0.00025902,0.00077297,3.686e-05,0.866263,5.464e-05
1.2.840.113619.2.370.4.279707905.1576974809.353790.png,0.21542336,0.16356595,0.01363787,0.00060221,0.02370861,0.00021628,0.0066369,3.341e-05,0.00021061,0.11231901,0.5417744,0.01124233,0.00286687,0.3522331,0.14413825,0.0012828,0.00578911,0.00402359,0.00183171
1.2.840.113619.2.370.4.279707905.1599875968.776036.png,0.2315516,5.96e-06,0.39615136,0.99865615,0.00069908,0.00731966,0.8803719,0.01703739,0.9931063,0.03880829,4e-07,1.975e-05,1.492e-05,1.079e-05,0.00019521,0.00240216,8.1e-07,0.00033499,1.22e-06
1.2.840.113619.2.370.4.279707905.1575947814.561680.png,4.616e-05,0.00018679,0.00014094,0.642854,9.96e-05,0.0006376,0.00089272,0.5310837,0.9924533,0.00200857,0.00452435,5.193e-05,6.94e-06,3.884e-05,0.00111876,9.12e-05,2.59e-06,3.1e-06,8.5e-07
1.2.840.113619.2.370.4.279707905.1576461905.905098.png,0.28926742,0.02490189,0.8958408,0.01220461,0.2445477,0.00196729,0.9868004,0.00076555,8.767e-05,4.632e-05,0.00026597,0.34687236,0.6622659,0.00073064,0.00122492,0.00217063,0.00228338,3.507e-05,0.00051353
1.2.840.113619.2.370.4.279707905.1579488627.546084.png,0.00737118,0.11718227,0.00012247,0.00519794,1.535e-05,4.841e-05,0.00301181,0.00035238,0.01629148,0.26014584,0.00139293,9.2e-07,5.123e-05,0.00342771,0.6440503,0.0024655,0.00096141,0.00020495,0.00035115
1.2.840.113619.2.203.4.279707905.1575322132.861729.1.png,0.99984264,0.9947096,0.07313356,7.185e-05,5.52e-06,0.00039564,0.01640553,0.00090993,0.02058893,2.26e-05,4.685e-05,0.00069996,0.00130789,0.05805852,0.0007872,0.00019603,0.1899619,0.00057109,1.847e-05
1.2.840.113619.2.370.4.279707905.1577759266.97120.png,0.00201695,0.8819601,7.997e-05,2.19e-05,0.00168394,0.00140874,0.22241811,0.00110862,0.03514686,0.24068329,0.04253824,0.00122929,0.00105567,0.01318582,0.13454019,0.00012062,0.00010952,0.02013083,0.00103762
1.3.12.2.1107.5.3.33.2229.11.202009101432170812.png,0.9166781,0.00420583,0.22253907,0.9379577,0.00055834,0.23759712,0.00028368,0.0055406,0.00106644,0.20398241,1.292e-05,2.838e-05,9.51e-06,0.00047247,0.00222593,0.20708825,0.00138586,0.01261429,0.00047626
1.2.840.113619.2.203.4.279707905.1579548860.582495.1.png,0.18448466,0.00058767,0.00102759,0.9101988,0.00010732,0.00512294,0.00283164,0.98636574,0.9999788,0.03085154,3.128e-05,3.23e-06,3.566e-05,0.00026327,0.00079087,0.00024248,0.00043195,0.00302396,5e-07
1.2.840.113619.2.370.4.279707905.1605317083.231821.png,0.2591711,0.7559989,0.01569476,0.00011166,0.00670507,0.00015571,0.05803292,0.00199526,0.00352265,0.00010449,0.1267597,0.9248554,0.11371056,0.00769687,0.00166707,0.00148582,0.00204588,5.424e-05,0.00177487
1.2.840.113619.2.370.4.279707905.1576552069.676715.png,0.00013722,0.00223203,0.00553298,0.00056637,0.00754329,0.00032239,0.13914615,0.0003775,0.01157854,0.5104498,0.07099048,0.00084166,1.893e-05,0.00419673,4.965e-05,5.5e-07,2.274e-05,1.437e-05,7.6e-07
1.2.840.113619.2.370.4.279707905.1577932715.838210.png,0.9597249,4.77e-06,0.03751042,0.00060713,0.00383118,0.01128063,0.02688188,0.00041511,0.6549778,0.00128866,0.04008291,0.02874122,2.92e-05,0.77773714,8.1e-06,0.00046371,3.79e-05,0.3365551,0.0002095
1.3.12.2.1107.5.3.33.2229.11.201912271508290421.png,0.56438994,0.00021968,0.00017175,0.1017103,0.03816953,0.00094248,0.9521271,0.00184251,0.97516555,0.00010593,0.00571363,0.1737603,1.016e-05,0.00597967,0.00419648,0.00051183,0.0001794,8.325e-05,4.187e-05
1.2.840.113619.2.203.4.279707905.1578080015.955957.1.png,0.00265656,0.1236274,6.193e-05,3.567e-05,0.04384698,0.04120755,0.25193405,0.20558846,0.02266605,0.0762998,0.03179776,0.12983412,0.00718794,0.02762435,0.00176841,3.177e-05,1.561e-05,0.00278156,0.0001504
1.2.840.113619.2.370.4.279707905.1601448513.566852.png,0.00497972,0.00709645,0.7573276,0.04263735,0.02713374,1.34e-05,0.01928079,9.613e-05,1.894e-05,4.37e-06,0.00634219,0.0622356,5.911e-05,5.349e-05,0.06295374,0.00335461,0.01255777,5e-08,0.00147036
1.2.840.113619.2.370.4.279707905.1605840373.225110.png,0.02656143,0.02033172,0.00026886,8.438e-05,0.0001896,0.00010817,0.03237527,1.947e-05,0.00045621,0.45401347,0.11098514,0.04575288,0.00050506,0.56216663,0.04133849,4.119e-05,2.555e-05,0.00045448,9.624e-05
1.2.840.113619.2.203.4.279707905.1575056566.421665.1.png,0.7306948,7.325e-05,0.00376185,0.12886633,0.00023113,0.07278958,0.96390885,0.99547654,0.9981739,0.00209737,6.681e-05,2.59e-06,0.00029972,0.00083403,4.796e-05,4.8e-06,0.00121648,0.00063262,3.4e-06
1.2.840.113619.2.203.4.279707905.1577740305.739188.1.png,0.00958303,8.512e-05,0.04513042,0.00663598,0.1565863,0.99528015,0.00753706,0.0018969,0.0148548,0.98675907,8.655e-05,0.01218008,0.00351892,0.00252202,0.00021032,0.00015904,0.6401793,0.00377371,0.00127597
1.2.840.113619.2.203.4.279707905.1575558578.572315.1.png,0.40123412,0.00026896,0.00025322,0.00906276,0.01963112,0.22423594,0.28483108,1.595e-05,0.08339838,0.12921844,0.01321622,0.01907743,2.759e-05,0.58522195,9.93e-05,4.097e-05,4.6e-07,0.01543742,4.495e-05
1.2.840.113619.2.370.4.279707905.1598495593.677353.png,0.00072534,0.6237358,0.00017465,0.0,3.49e-06,1e-07,0.06500552,0.00037134,1.22e-06,3.7e-07,0.5264999,0.23379567,0.9023161,0.00139115,0.00141291,3.502e-05,3.25e-06,0.00018225,6.523e-05
1.2.840.113619.2.370.4.279707905.1575513541.323178.png,1e-06,0.99490696,4e-07,3.5e-07,3.796e-05,1.083e-05,0.04231106,0.00522278,0.00190134,0.00017812,0.9299474,5.83e-06,0.00146132,2.146e-05,0.00051579,1e-06,1.39e-06,0.00037941,2.5e-07
1.3.12.2.1107.5.3.33.2229.11.201911231429190953.png,3.251e-05,0.5932955,9e-08,3.17e-06,2.07e-06,0.00021737,0.00772992,7.042e-05,4.719e-05,0.05658514,0.9195441,2.509e-05,0.00059868,0.01536479,0.000973,2.558e-05,0.00024242,3.06e-06,1.546e-05
1.2.840.113619.2.203.4.279707905.1578943419.785618.1.png,1.533e-05,0.03685372,0.00024035,0.50209093,0.00123054,0.00253763,0.01718712,0.9801413,0.98919815,0.02771358,9.99e-06,3.26e-06,0.00468195,1.881e-05,0.00308382,3.43e-06,0.00020279,0.00011823,6.3e-07
1.3.12.2.1107.5.3.33.2229.11.202008031345360750.png,0.0776532,0.00050307,0.01858062,0.9836766,0.00020458,0.0002131,0.00903007,0.01601168,0.00342549,1.1e-05,0.01522802,0.00611897,0.01085974,0.00038187,0.00028497,0.00597103,0.0737008,9.822e-05,0.00018857
1.3.12.2.1107.5.3.33.2229.11.202006131049250375.png,0.00955894,0.00019803,0.00053334,0.00159094,0.00088538,0.00155556,0.18780927,0.2954976,0.1356669,0.00038402,0.00084221,0.02096912,0.0016741,0.00061119,0.00122341,0.00902641,1.976e-05,0.00057344,0.00025722
1.3.12.2.1107.5.3.33.2229.11.202009041649420296.png,0.99498373,1.1e-06,0.06452042,0.99997234,8.385e-05,0.01093392,0.00361764,0.07151705,0.85580295,0.00534813,4.343e-05,8.89e-06,5.7e-07,7.225e-05,6.185e-05,0.00960943,1.787e-05,0.0013826,2.19e-06
1.3.12.2.1107.5.3.56.1642.11.202010141607270984.png,0.01167826,5.687e-05,0.84065545,0.97376007,1.582e-05,0.00068744,3.041e-05,7.082e-05,0.00543729,0.00011892,1.921e-05,1.19e-06,3.04e-06,7.48e-06,2.141e-05,0.8412464,0.0002918,4.206e-05,0.00125693
1.2.840.113619.2.370.4.279707905.1578797042.417656.png,0.00078758,0.5273344,0.00024133,0.76758224,0.00679147,0.06716015,0.06891344,0.00612973,0.01096537,0.01749409,0.08244672,6.52e-06,0.00142508,0.00455448,0.00263077,0.00010725,3.004e-05,6.375e-05,2.683e-05
1.2.840.113619.2.370.4.279707905.1576853600.703092.png,0.73191744,0.0593898,0.00099877,0.11654577,0.02038592,0.00392243,0.30917668,0.00078803,0.01491272,0.00303647,0.08054289,0.00019088,0.00034352,0.07101603,0.01339764,0.00011343,0.00042451,0.00692048,0.00033684
1.2.840.113619.2.370.4.279707905.1588042562.70960.png,0.00052623,0.8620153,0.0109805,4.238e-05,0.06083644,0.0071542,0.07113224,0.00045924,2.476e-05,0.05260324,0.9710816,0.00085668,6.646e-05,0.0024,0.00026909,1.752e-05,7.728e-05,0.00029124,4.29e-06
1.2.840.113619.2.203.4.279707905.1578689549.189993.1.png,0.01435254,0.00920219,2.19e-06,5.3e-06,2.031e-05,9.1e-07,0.01571867,0.00135362,0.302948,0.00665849,0.00071897,0.00016714,0.00048389,0.9904544,5.495e-05,4.18e-06,4.7e-07,0.00355996,0.00014455
1.3.12.2.1107.5.3.33.2229.11.202008171541420515.png,0.9892206,0.005719,0.10588226,0.96833205,0.6066186,0.00241444,0.00019791,0.01181681,0.00086745,0.00824593,0.00168009,0.00047665,0.00260916,0.00217425,0.00135196,0.00440104,0.0292204,0.00088369,0.00242526
1.3.12.2.1107.5.3.33.2229.11.201912291611210343.png,0.8676532,0.04299843,0.10289166,8.368e-05,0.25275293,0.00248613,0.00342498,3.78e-05,0.00103877,0.01561398,0.00014759,0.93030864,0.0452165,0.00490789,0.09756491,9.525e-05,0.00076238,0.00010052,0.00052118
1.2.840.113619.2.203.4.279707905.1574786975.547948.1.png,0.95452887,0.05616321,0.17757344,0.0003347,0.00074016,0.05230363,0.00054783,0.0014067,0.01940993,0.00429145,0.00036114,0.00219581,0.08933323,0.03190128,1.68e-05,0.00014559,0.00032656,0.95970184,0.00052486
1.2.840.113619.2.370.4.279707905.1591947648.222422.png,0.00264046,0.998682,0.00438658,0.00027992,0.00077408,0.00015521,0.10328694,0.00779678,0.011037,0.00134085,0.5221126,0.00027015,4.75e-06,7.133e-05,0.26835415,0.00023981,0.00023672,2.1e-07,0.00024295
1.3.12.2.1107.5.3.33.2229.11.202008290859500750.png,0.00910975,0.78399986,0.00028483,2.15e-06,0.00036558,1.487e-05,0.00284391,9.927e-05,8.051e-05,0.00011564,0.00019079,0.34860408,0.9151041,0.00053838,0.02520745,9.16e-06,2.808e-05,3.716e-05,0.00015408
1.2.840.113619.2.203.4.279707905.1574716354.743276.1.png,0.9879698,0.35318425,0.10936581,0.6457142,1.608e-05,0.01934579,5.18e-06,7.21e-06,0.00084963,0.05678006,1.211e-05,2.146e-05,0.00049268,0.04919452,0.00611937,0.00333286,0.00685512,0.00107399,0.00097565
1.2.840.113619.2.370.4.279707905.1600479814.532109.png,0.00360254,0.03519934,0.00010437,1.4e-06,9.131e-05,0.00013896,0.15015069,0.02616727,0.00129466,0.01332581,0.7549925,0.00872108,0.07490174,0.43362167,0.15263669,2.704e-05,1.783e-05,0.00692306,0.00175906
1.2.840.113619.2.370.4.279707905.1591148271.395928.png,0.04231742,0.3305655,0.20554736,0.01521731,0.6200555,0.9113126,0.00634937,0.00170267,6.372e-05,0.50491923,0.01170798,0.00796464,0.00133518,0.00313928,0.10755358,0.00038706,0.00013922,2.46e-05,0.00038159
1.2.840.113619.2.370.4.279707905.1578536831.728342.png,0.0149898,0.00084263,0.00146326,0.00034176,0.00053146,0.00102708,0.5520913,0.0418665,0.7108582,0.00493023,0.01129205,0.00312945,0.0007083,0.00952948,0.00174912,0.00043233,1.075e-05,0.00402609,0.00039802
1.2.840.113619.2.203.4.279707905.1574973233.198258.1.png,0.00491886,0.00172562,0.00278257,0.00049062,0.20085266,0.7045073,0.12256008,0.0130847,0.01499322,0.22541527,0.00032006,0.00023622,0.00358226,0.000178,0.00018352,0.00018506,0.0002824,0.05273332,5.75e-05
1.2.840.113619.2.370.4.279707905.1593756914.324504.png,0.06157246,0.8401012,0.3388905,0.00198167,0.06453812,6.11e-05,0.09810986,0.00090181,0.00045836,0.00456831,0.0005446,0.21160641,7.597e-05,0.00099816,0.30606914,0.00104021,0.01307407,1.24e-06,0.0095924
1.2.840.113619.2.370.4.279707905.1600696944.31156.png,0.00258479,0.4230441,0.02285026,0.00095093,0.03623713,0.00293549,0.00296372,0.00156974,0.05554835,0.01011137,0.92569673,0.7272548,0.00015069,0.00506977,0.00902562,0.00026255,0.00011269,4.67e-06,0.00010794
1.2.840.113619.2.203.4.279707905.1604344238.142816.1.png,0.1424598,5.59e-06,0.00584032,0.31217578,0.00019221,0.01460966,0.0379594,0.08566631,0.9989881,0.00372677,0.00131,0.02706656,6.17e-06,0.01873345,1.212e-05,8.512e-05,1.77e-06,7.577e-05,1.24e-06
1.2.840.113619.2.203.4.279707905.1574787956.739648.1.png,0.9959831,0.00525259,0.01544572,3.817e-05,5.69e-06,0.1870288,0.00098175,0.00055141,0.08894326,0.00149058,4.14e-06,0.00118493,0.00041624,0.00712334,2.7e-06,0.00013872,0.00010348,0.64709246,8.65e-06
1.2.840.113619.2.370.4.279707905.1575609836.17310.png,0.99453473,2.898e-05,0.7151682,0.99886906,0.00583952,0.06763707,0.00236525,3.522e-05,0.24610944,0.00249778,9.244e-05,0.00111737,0.00038059,0.04008227,0.00045244,0.00548778,8.86e-06,0.00077085,0.0001869
1.2.840.113619.2.370.4.279707905.1586571675.272787.png,0.11552513,4.887e-05,0.00965772,0.751172,1.343e-05,0.00230587,0.01144377,5.499e-05,0.9875044,0.00186698,0.08422649,8.264e-05,1.6e-07,0.00350443,0.0001291,0.00017619,4.93e-06,3.722e-05,2.8e-06
1.2.840.113619.2.370.4.279707905.1576638515.809550.png,0.03061404,0.31846532,0.0279807,0.00027066,0.03207566,0.00350393,0.43119708,0.569532,0.0005879,0.0073617,0.51832396,0.00018808,4.883e-05,0.0253598,0.00017962,7.78e-06,8.39e-06,0.00026706,0.00023752
1.2.840.113619.2.203.4.279707905.1577139041.114664.1.png,0.99904865,0.5615467,0.00379656,6.73e-06,5.31e-06,0.73608184,0.00013637,6.6e-06,2.17e-05,7.062e-05,0.14671583,0.02398276,0.00195714,0.25746828,5.245e-05,1.429e-05,0.00025628,0.3539402,0.00090556
1.2.840.113619.2.370.4.279707905.1604276575.864923.png,0.38687503,0.18450584,0.55774635,0.20358574,6.785e-05,0.00085546,3.993e-05,0.00433655,2.241e-05,0.03139125,4.556e-05,0.00261647,0.00018048,0.00059097,0.05043431,0.00080947,0.00022825,7.083e-05,0.00175985
1.2.840.113619.2.370.4.279707905.1575357605.654108.png,0.605067,0.00354812,0.03538394,0.9836602,0.01422872,0.05241242,0.03873104,0.00519625,0.7066639,0.06994581,0.01722799,0.00986898,0.00058765,0.37002712,0.00255511,0.0079502,2.267e-05,0.0035019,0.00024121
1.2.840.113619.2.370.4.279707905.1598929376.614984.png,0.00042248,0.9742775,0.00014783,0.00131064,0.00391462,0.00017318,0.00336018,6.931e-05,0.00025323,0.00019722,0.9716916,0.02317828,6.114e-05,0.00377321,0.0018671,0.00029934,8.283e-05,3.2e-07,7.73e-06
1.2.840.113619.2.203.4.279707905.1590602469.593774.1.png,0.03750008,6.003e-05,0.07051014,2.205e-05,1.88e-06,8.343e-05,0.01294619,0.00019559,0.00717819,0.00048328,0.00142298,0.08089972,2.79e-06,0.00417967,1.938e-05,3.3e-07,2.23e-06,1.633e-05,9e-07
1.2.840.113619.2.370.4.279707905.1576371417.22767.png,0.0753888,0.0001704,0.41242027,0.89089626,0.51366305,0.07253261,0.03222875,8.896e-05,0.24615656,0.00973079,0.03749127,0.10436916,1.229e-05,0.00591016,1.779e-05,0.00013103,7.89e-06,0.00018103,2.777e-05
1.2.840.113619.2.370.4.279707905.1576720196.986512.png,0.62071794,0.01317234,0.23737596,0.17222376,0.09044077,0.01983222,0.01760204,0.02905108,0.08555275,0.02351649,0.01543677,0.00601683,0.00492115,0.00621498,0.00867725,0.00207728,0.00407223,0.00178976,0.00560378
1.2.840.113619.2.370.4.279707905.1576993908.62096.png,0.02368788,0.40711904,0.0003047,2e-08,6.2e-07,0.00028441,0.36702928,0.00082034,0.00070148,0.00019,0.00034005,0.2858157,0.6595545,0.01395672,0.00018581,7.38e-06,3.067e-05,0.00421766,0.00054327
1.2.840.113619.2.370.4.279707905.1579400651.726866.png,0.1048914,0.991693,0.02282372,0.01231889,0.00119351,0.00428608,0.07085558,0.0086855,0.00151919,0.00252794,0.0007539,0.00029711,0.00267312,0.00084265,0.94002074,0.00426569,0.00186983,2.02e-06,0.00093563
1.3.46.670589.30.1.6.1.963334151171.1580378392921.2.png,0.0557123,0.00182753,0.977217,1.72e-06,0.44536588,0.00319533,0.9392131,2.61e-05,3.618e-05,0.00010546,0.34934905,0.00150096,8.266e-05,0.0020052,1.682e-05,3.97e-05,0.00128098,5.336e-05,0.00247418
1.2.840.113619.2.370.4.279707905.1603648991.181462.png,0.00130562,0.17909588,0.00023647,6.065e-05,0.00253596,0.00595008,0.16251574,0.00022795,0.1959117,0.10185946,0.0101711,0.00117819,0.0006414,0.003962,0.16610773,0.00079081,1.506e-05,0.38403672,0.00072324
1.2.840.113619.2.203.4.279707905.1574714996.648891.1.png,0.95444334,0.00012001,0.00020347,0.7530573,0.00396074,0.02186428,0.03483839,0.0009632,0.06072312,0.00085014,0.00018033,0.00011054,0.00126471,0.9447672,0.00021694,4.594e-05,9.9e-07,0.9702268,5.735e-05
1.2.840.113619.2.370.4.279707905.1590885750.951191.png,0.00174156,0.88318896,6.09e-06,0.00047561,0.00403978,0.00261384,0.40009525,0.71933967,0.04459475,0.16358201,0.02236916,0.00013616,0.01037043,0.04707666,0.0082638,6.311e-05,4.416e-05,0.00224327,0.00013835
1.2.840.113619.2.370.4.279707905.1601345031.61006.png,0.36781943,0.10094661,0.3762406,0.03133986,0.00131782,0.02011094,0.0072542,0.00501073,0.00713068,0.00127023,0.00953131,0.2575942,0.00124586,0.05149068,0.00023077,6.36e-05,0.00124599,3.259e-05,0.00541264
1.2.840.113619.2.370.4.279707905.1596073121.495230.png,1.13e-06,0.92200774,0.00295635,7.67e-06,7.737e-05,0.07832146,0.01171026,0.15402602,7.105e-05,0.02401978,0.3665253,4.501e-05,0.03526566,0.0001541,4.981e-05,1.29e-06,0.00075468,1.04e-06,3.46e-06
1.2.840.113619.2.370.4.279707905.1604563030.773308.png,0.00290149,1.616e-05,0.04254924,0.9919207,1.46e-06,2.905e-05,2.615e-05,0.00050663,0.9859504,3.488e-05,0.00239166,3.339e-05,0.0,5e-07,0.00013687,1.18e-05,1.228e-05,1e-08,4e-08
1.2.840.113619.2.370.4.279707905.1586223655.382438.png,0.16117993,0.0299996,0.9280158,0.00077563,0.00013591,0.00033622,0.0457654,0.43135047,0.00050497,6.46e-06,0.00013157,0.00037469,0.00018865,0.00019866,0.00038639,1.122e-05,5.668e-05,3.82e-06,0.01396672
1.2.840.113619.2.370.4.279707905.1576040447.612196.png,0.61919624,0.1758073,0.93045974,0.00905202,0.89152807,0.01693788,0.96091264,0.09612908,0.00162729,0.00143688,0.00683777,0.00099204,0.00080879,0.00661342,0.00120802,0.00021126,0.00181288,0.00066244,0.04842298
1.2.840.113619.2.370.4.279707905.1580009820.352375.png,0.03893779,0.00377973,0.00059956,4.612e-05,0.00196741,0.00221302,0.9327492,4.01e-05,0.00142867,0.11038709,0.783448,0.00205777,0.00021535,0.24080247,0.00103596,6.04e-05,0.00020914,0.05850738,0.00017022
1.2.840.113619.2.370.4.279707905.1579068996.135369.png,0.99981505,0.00023816,0.9944196,0.6855393,0.01082452,0.05248387,0.2372871,0.00376949,0.00944069,8.51e-05,6.062e-05,0.00012374,0.00082024,0.00355948,2.977e-05,6.72e-05,0.00059517,0.00052594,0.00049983
1.2.840.113619.2.370.4.279707905.1577034413.581810.png,0.6021116,0.00048898,0.40285987,0.6692944,0.95679015,0.0672367,0.00640268,0.00398859,0.895295,0.00028583,0.0048035,0.9659803,5.903e-05,0.00017685,0.00031045,0.00153978,5.366e-05,4.17e-06,1.803e-05
1.3.12.2.1107.5.3.56.1642.11.202005111550070765.png,0.50033146,0.00028173,0.14754713,0.9978194,0.14922117,0.00037254,0.00040525,0.00021648,4.153e-05,2.584e-05,0.00037651,0.00085713,0.00079948,0.00027402,0.00046939,0.9852609,0.00105366,0.00081242,0.00068343
1.2.840.113619.2.370.4.279707905.1576480386.865339.png,0.9993408,2.255e-05,0.4327025,0.9917767,0.02594592,0.0062439,0.00037627,0.0756416,0.00050019,0.72940224,1.54e-06,0.01568027,6.81e-06,1.33e-05,0.00012083,7.629e-05,0.00051389,0.00014876,3.18e-06
1.2.840.113619.2.370.4.279707905.1575421381.73696.png,0.07517788,0.01046265,1.134e-05,1.059e-05,0.0001843,1.52e-06,0.03283162,0.00025377,0.01192099,0.02663137,0.05980124,0.00650189,5.034e-05,0.99911034,0.0004426,1.391e-05,9.5e-07,0.00342617,0.00032844
1.2.840.113619.2.370.4.279707905.1603516361.185487.png,0.02244489,0.8313627,0.09213672,0.00366293,0.01008123,9.536e-05,0.8733751,4.473e-05,1.158e-05,4.2e-06,0.00148543,0.344709,0.88986456,5.384e-05,0.08059577,0.00074244,0.00045111,2.15e-06,9.433e-05
1.2.840.113619.2.370.4.279707905.1577431081.99171.png,0.00242743,0.29758146,1.084e-05,2e-08,1.829e-05,1.178e-05,0.07871364,0.00190627,2.024e-05,5.761e-05,0.7604248,0.00025903,5.662e-05,0.01099719,2.61e-05,9.44e-06,6.48e-06,0.00547957,0.00046844
1.2.840.113619.2.370.4.279707905.1597473205.88934.png,0.02325752,0.02437595,0.00054082,0.9637864,0.00141831,0.00586827,0.00720006,0.12375025,0.9850005,0.00775463,0.00735003,0.00048659,8.47e-06,0.00063151,0.0063317,0.00078406,0.00033723,1.399e-05,7.91e-06
1.2.840.113619.2.370.4.279707905.1576114204.704897.png,0.59062046,0.02576252,7.075e-05,5.991e-05,0.00066784,0.00010866,0.00198704,0.00032771,0.00035313,0.01136126,0.0157199,6.127e-05,0.00034939,0.972472,0.0045648,4.059e-05,1.99e-06,0.00017496,0.00086013
1.2.840.113619.2.203.4.279707905.1578347630.321719.1.png,0.17720068,0.19203731,0.03351192,3.46e-06,3.82e-06,0.4570954,0.00040082,4.605e-05,1.357e-05,0.05022002,0.00044098,0.56471574,0.9887186,0.02047984,0.00022086,2.57e-06,4.387e-05,0.00074349,3.716e-05
1.2.840.113619.2.370.4.279707905.1586650722.191410.png,0.4969743,0.32525742,0.0042377,0.00431865,3.973e-05,0.00137724,0.00013943,0.00020046,8.022e-05,0.10089904,0.09926949,0.0537401,0.00208186,0.12758863,0.14508188,0.00090557,0.00028197,0.00055546,0.00040817
1.2.840.113619.2.370.4.279707905.1591230309.485341.png,0.00104867,0.01643396,0.00471301,1.4e-07,0.01245149,1.95e-05,0.22050388,0.00032873,0.00046511,0.04263339,0.37154916,0.01180437,0.00267754,0.4017972,0.05209742,5.686e-05,0.0005373,0.00476861,0.00370565
1.2.840.113619.2.370.4.279707905.1594622159.596351.png,0.06312965,0.8595572,0.02463712,9.281e-05,0.00069724,5.64e-06,0.45195347,1.013e-05,1.707e-05,0.02835778,0.012586,0.00827208,4.759e-05,0.00595114,0.98556584,0.01366864,0.00052722,5.624e-05,0.00053133
1.3.46.670589.30.1.6.1.963334151171.1598877361531.1.png,0.3010839,0.03046913,0.00166954,0.00121963,0.01410654,3.48e-05,0.00571688,6.8e-07,4.067e-05,0.27405146,0.03319432,0.00100949,5.481e-05,0.9022676,0.04389048,0.00016186,3.883e-05,2.67e-06,5.293e-05
1.2.840.113619.2.370.4.279707905.1578878975.618575.png,0.92511064,0.00194191,0.003034,0.00822843,0.00041557,6.854e-05,0.01872564,4.693e-05,0.01018533,0.15449847,0.1571971,0.01379694,0.00017183,0.92685306,0.00169546,0.00023776,0.00025217,0.00015269,0.00029902
1.2.840.113619.2.370.4.279707905.1578465232.166856.png,0.00036234,0.9127869,0.01404476,1.944e-05,0.00051394,0.00412958,0.01031068,4.1e-07,0.00100373,0.0004112,0.5667379,5.42e-06,0.00031002,0.00665734,0.00015199,7.1e-07,3.36e-06,0.00092684,5.293e-05
1.2.840.113619.2.370.4.279707905.1587263232.269541.png,0.01750877,0.00281563,0.18826102,0.0008997,3.001e-05,0.00021243,0.11030688,0.00105306,0.01155308,0.00555416,0.00550404,0.00079581,5.33e-06,0.00037289,0.00146987,0.00018484,1.8e-05,0.00059321,7.38e-06
1.2.840.113619.2.203.4.279707905.1586441106.71123.1.png,0.00043564,0.50038475,0.00068235,3.59e-06,0.0001907,0.00482438,0.65898246,0.00546916,0.02066618,0.01982349,0.02002203,5.798e-05,0.00017382,0.00074263,0.00086084,2.809e-05,1.24e-06,0.01130996,1.909e-05
1.2.840.113619.2.370.4.279707905.1602567544.812631.png,0.20202476,0.00211204,0.0861086,0.9993716,3.055e-05,0.00564219,0.00010914,0.00010381,0.07686344,0.3516353,0.0001059,2.853e-05,2.5e-07,0.00033188,0.00258794,0.01356466,1.29e-06,1.668e-05,2.38e-06
1.2.840.113619.2.370.4.279707905.1594357317.721008.png,0.0072412,0.7553728,0.00250724,0.02120126,0.00195032,0.00036799,0.02512482,0.01103832,0.00234691,0.02071928,0.04684542,0.00281949,4.188e-05,0.00151136,0.5112735,0.00477096,0.00041151,4.29e-06,0.00140965
1.2.840.113619.2.370.4.279707905.1603940456.52404.png,0.0029902,0.00706608,0.00398348,0.9970651,0.0007443,0.01058731,0.00082149,0.80261725,0.62721634,0.2814867,0.00093687,5.04e-06,1.16e-06,6.224e-05,0.00256054,0.00110656,0.00013935,1.23e-06,3.49e-06
1.2.840.113619.2.370.4.279707905.1578966598.39076.png,0.0486119,9.929e-05,0.03454544,0.4530301,0.00658872,0.78304344,0.46450877,0.95376086,0.25316373,0.1867952,0.00311056,0.00445061,0.00010973,0.00150468,0.0001354,0.00038703,1.852e-05,0.00014686,2.906e-05
1.2.840.113619.2.370.4.279707905.1575341374.18629.png,0.38859904,0.00827244,0.03509704,0.00013767,0.0877332,0.16116239,0.01387202,3.973e-05,0.00020029,0.5621661,0.26029295,0.09155384,0.0005846,0.31336498,0.01566317,0.00190624,0.00012901,0.04076542,0.00035417
1.2.840.113619.2.370.4.279707905.1579416156.704581.png,0.0956476,0.00431559,0.2601892,0.9928645,0.04878097,0.07338136,0.00034793,0.00147423,0.6026074,0.00527874,0.01508339,0.00014006,0.00040164,0.49190205,0.00883469,0.00421709,8.37e-06,7.43e-06,5.552e-05
1.2.840.113619.2.203.4.279707905.1576097700.700041.1.png,0.32076252,0.00013263,1.158e-05,0.00038797,0.10176472,0.00162853,0.00440034,0.859092,0.00846194,6.56e-05,0.01691334,0.0956146,0.00041667,0.30948207,0.00010849,0.0002035,4.1e-07,0.04646923,0.00012771
1.2.840.113619.2.370.4.279707905.1576804920.336441.png,0.00672644,0.8629193,0.00034778,5.75e-06,0.00070379,2.59e-06,0.36383417,4.15e-06,3.748e-05,0.02196389,0.24883065,0.17540693,0.00320218,0.23697722,0.18478756,0.00118979,1.151e-05,7.492e-05,8.73e-06
1.3.46.670589.30.1.6.1.963334151171.1578069784531.2.png,0.00609523,0.00116119,0.0049731,0.00036541,0.0001609,0.00017881,0.32576272,0.00043075,2.61e-06,4.303e-05,0.3588439,0.00513968,0.03343725,0.00034984,0.00058997,6.333e-05,0.15025845,1.116e-05,0.00084663
1.3.46.670589.30.1.6.1.963334151171.1579169027640.2.png,0.04387148,2.403e-05,0.03050538,0.0001479,1.44e-05,0.00202093,0.7768801,0.17136867,0.00185432,2.139e-05,0.02746517,2.574e-05,0.00014613,9.267e-05,9.26e-06,4.2e-06,0.00906259,2.42e-05,0.0166395
1.2.840.113619.2.203.4.279707905.1579204430.665283.1.png,0.93305784,0.00027131,0.11414287,0.50741994,0.0689151,0.10194746,0.8094381,0.0262561,0.95085293,0.00014453,0.00098039,6.572e-05,5.68e-05,0.00318518,0.00029243,0.00018189,7.572e-05,0.0001478,6.615e-05
1.2.840.113619.2.370.4.279707905.1599186676.260702.png,0.01736334,0.984875,0.00108264,0.00015152,0.06321801,0.00012654,0.9976832,0.00226322,0.01665121,0.00067413,0.00265701,0.223291,0.08369782,0.00044016,0.7645862,6.465e-05,0.00334247,8e-07,0.00035962
1.2.840.113619.2.370.4.279707905.1574848728.59402.png,0.00280688,0.6174022,0.5335026,5.604e-05,0.00242421,0.01574211,0.01427571,0.00073973,0.00032463,0.00044628,0.8321839,0.64245456,0.02845024,0.00184159,0.00122025,2.976e-05,0.00060179,1.25e-06,4.011e-05
1.3.12.2.1107.5.3.56.1642.11.202008271539170265.png,0.28082526,0.00036838,0.951706,0.8925572,0.01163882,0.6820435,0.01190012,0.06380374,0.26441625,0.11123675,0.00196805,2.265e-05,8.107e-05,0.00634786,0.00124821,0.00411489,9.15e-05,2.85e-06,0.00050384
1.2.840.113619.2.370.4.279707905.1595550861.561270.png,0.09210006,0.11308423,0.10303538,6.37e-06,0.00474517,0.00150204,0.5494014,1.73e-05,5.424e-05,0.53573596,0.03477621,0.00470298,0.01290774,0.17291224,0.156009,0.00027158,0.00136546,0.00631723,0.00900579
1.3.12.2.1107.5.3.56.1642.11.202008141225430968.png,0.08917121,0.31890005,0.02736584,0.03860718,0.01866155,0.01004156,0.00998109,0.00471804,0.00032416,0.00858273,0.0023569,0.00590362,8.794e-05,0.00109134,0.32508424,0.00197105,0.00852587,6.041e-05,0.00110451
1.2.840.113619.2.370.4.279707905.1574469047.374871.png,0.0231616,0.74836546,0.00029846,8.264e-05,8.83e-06,6.37e-06,0.36747247,0.00681627,0.00117301,0.00747489,0.0016898,0.00038596,0.0002356,0.01480688,0.61784613,0.0024761,8.243e-05,0.00011129,0.00262097
1.3.12.2.1107.5.3.56.1642.11.202011051544190921.png,0.9696349,0.05035305,0.44344068,0.02345935,0.00285176,0.00707622,0.01524588,0.0007997,0.00203098,0.00117468,0.00025211,0.46785203,0.2074019,0.18472189,1.657e-05,0.00162611,0.00027055,0.00634456,0.01226689
1.2.840.113619.2.203.4.279707905.1587924181.263474.1.png,0.04094681,0.18886544,0.11311204,0.00011512,0.00178337,0.83560187,0.10826628,0.00106896,0.37437645,0.07749354,5.055e-05,0.00037489,0.00303483,0.0008614,0.00010361,3.913e-05,0.00157258,0.01421205,0.0003913
1.2.840.113619.2.370.4.279707905.1577641490.311021.png,0.15607016,0.10034396,0.0163951,0.00030262,0.00318789,0.00104497,0.01409137,1.567e-05,0.00022602,0.2376958,0.18179949,0.00544401,0.00034905,0.24703054,0.01873086,0.0002359,0.00057468,0.00464422,0.00140367
1.3.12.2.1107.5.3.56.1642.11.202007171632590437.png,0.85299337,0.0001638,0.8152249,0.85439473,0.00010541,0.00059351,0.00033135,0.19242646,0.03817359,0.0104504,0.0007612,3.538e-05,4.31e-06,0.00572617,1.075e-05,0.00097254,0.01032848,0.00029254,2.767e-05
1.2.840.113619.2.370.4.279707905.1577667001.951014.png,0.79139894,0.00034452,0.9102648,0.9879978,0.00882188,0.05419742,0.00198714,0.00025534,0.7119824,0.00015225,0.00306699,0.00068821,2.489e-05,0.00185295,7.426e-05,0.00409616,5.193e-05,6.521e-05,0.00074398
1.2.840.113619.2.370.4.279707905.1605579715.55241.png,0.0012028,0.52261126,0.00662172,0.04733423,0.029942,0.6245106,0.00034275,6.58e-06,0.00016015,0.99945015,0.00065708,4.172e-05,0.00035683,0.00028406,0.28478605,0.00051885,0.0004284,0.00076749,8.141e-05
1.2.840.113619.2.370.4.279707905.1599888046.916545.png,0.9079887,9.5e-07,0.99226135,0.999516,0.00037261,0.2050552,0.7057653,0.07056764,0.9322268,0.00993674,2.5e-07,0.00022219,5.3e-06,2.9e-07,1.234e-05,0.07963445,3.01e-06,6.791e-05,2.2e-07
1.2.840.113619.2.370.4.279707905.1604718696.699889.png,0.74691755,0.80830234,0.27302483,0.00012693,0.00087911,2.248e-05,0.06234628,1.398e-05,1.661e-05,0.00124953,0.00136581,0.9805322,0.04917323,0.00120992,0.7399404,0.00147024,0.00438552,1.396e-05,0.00014645
1.2.840.113619.2.370.4.279707905.1594782710.680324.png,0.5303235,0.19487692,0.01519607,0.00103777,0.00029846,1.092e-05,0.02051592,0.005519,0.00101304,0.00066487,0.00021415,0.84297174,1.39e-05,4.729e-05,0.06053994,0.00036761,0.00411835,2.677e-05,2.416e-05
1.2.840.113619.2.370.4.279707905.1575083689.372528.png,0.00133162,0.99958223,4.838e-05,3e-08,5.1e-06,9.83e-06,0.00178002,6.1e-07,9.8e-07,0.00095032,0.03304856,0.00220539,0.17393616,0.00321025,0.50608665,9.7e-07,0.0235991,2.63e-06,6.77e-05
1.2.840.113619.2.203.4.279707905.1581613757.332545.1.png,0.8933865,0.00118833,0.0041545,0.17902194,0.2717336,0.00822111,0.91281766,0.9868721,0.09374337,0.07863932,0.01100658,0.00194039,0.00016766,0.05959327,0.00016417,0.00110837,0.00011159,0.00142479,0.00020198
1.2.840.113619.2.370.4.279707905.1603767019.423719.png,0.15448737,0.95015574,0.00686423,0.17092128,9.287e-05,0.00142212,0.00033639,0.60305834,0.00152094,0.02800609,2.114e-05,2.959e-05,0.00012286,0.00018341,0.5083631,0.00129663,0.00901627,1.404e-05,0.00306189
1.3.12.2.1107.5.3.56.1642.11.202008151321560671.png,0.01798129,3.61e-05,0.940536,0.09266159,1.34e-06,3.4e-05,0.00133995,4.23e-06,0.00844281,7.452e-05,3.41e-05,5.53e-06,1.44e-06,3.287e-05,5.514e-05,0.06410036,6.314e-05,1.876e-05,7.64e-06
1.2.840.113619.2.370.4.279707905.1599015288.952000.png,0.00020514,0.9974034,0.00030439,0.00044468,0.00300281,0.00024375,0.02982323,0.01269438,0.00113459,0.00059216,0.9899762,0.00773923,0.0001174,0.00049827,0.00267762,0.00059931,8.301e-05,4.88e-06,1.234e-05
1.2.840.113619.2.370.4.279707905.1575685405.953581.png,0.01774036,0.07026882,0.00041815,0.00019317,6.051e-05,0.00125708,0.54896635,0.00430823,0.83329296,0.41659597,0.00118985,0.00014897,2.76e-05,0.02729538,0.03325378,0.00073681,0.00053492,0.00160513,0.00091883
1.2.840.113619.2.203.4.279707905.1575404797.737017.1.png,0.6995833,1.889e-05,0.01196289,1.96e-06,6e-06,7.73e-06,0.01084434,0.00063874,0.00282577,0.002471,0.11454907,0.999549,0.01040291,0.8356503,2.57e-06,1.15e-06,1.09e-06,1.543e-05,4.3e-07
1.2.840.113619.2.370.4.279707905.1600150331.74224.png,0.00013507,0.99796057,0.00018644,3.382e-05,0.00309447,4.06e-06,0.84844494,2.823e-05,0.00020507,2.85e-06,0.8945368,0.82722366,0.7740239,1.993e-05,0.00474328,0.00010616,5.144e-05,7.5e-07,1.33e-06
1.2.840.113619.2.370.4.279707905.1585009593.35767.png,0.00453947,0.00047363,0.19416685,0.00210996,0.00079082,0.09191512,0.00274285,3.9e-07,4.078e-05,0.00029461,0.9504612,0.00031063,9.82e-06,0.00264199,1.213e-05,6.6e-07,2.139e-05,4.34e-06,2.68e-06
1.2.840.113619.2.370.4.279707905.1602033696.972905.png,0.00032655,0.06722274,0.09766039,1.1e-07,0.00213401,0.02345903,0.06797053,0.00262146,0.00085734,0.05630168,0.00424154,0.00176352,0.3487858,0.00750077,0.00968878,4.7e-07,0.00400605,0.00032795,0.00052318
1.2.840.113619.2.370.4.279707905.1575337485.913050.png,0.00113901,0.9281058,0.00048943,0.34402597,0.00128117,0.0008047,0.00099175,2.94e-06,2.294e-05,0.7691118,0.0505944,1.754e-05,0.00024836,0.084492,0.0019856,0.00012568,2.931e-05,0.00126775,0.00039827
1.2.840.113619.2.370.4.279707905.1578016680.16268.png,0.03597096,0.01992365,0.00167685,0.00418375,0.00044244,0.0047897,0.00179027,0.06940454,0.02520155,0.6634146,0.00219424,0.00136981,0.000277,0.04207958,0.03139586,0.00015559,0.00030046,2.545e-05,0.00029594
1.3.12.2.1107.5.3.33.2229.11.201911261415440062.png,0.00208422,9.055e-05,0.4456522,0.9544273,0.00014243,0.00207135,1.712e-05,0.02186754,0.09317202,0.00205212,0.01577989,0.00021513,3.888e-05,0.0010527,2.151e-05,1.218e-05,0.0001619,4.049e-05,2.71e-06
1.2.840.113619.2.203.4.279707905.1574696608.115489.1.png,3.475e-05,0.98342675,1.37e-06,3.8e-07,0.00030903,0.01718811,0.00634174,0.00105042,0.00149274,0.01821677,0.63667643,0.00010281,2.321e-05,0.0007602,0.00019541,8.23e-06,7.94e-06,0.01925982,5.491e-05
1.2.840.113619.2.203.4.279707905.1574713836.68802.1.png,0.03568022,0.00022851,7.07e-06,0.00248373,5.349e-05,4.692e-05,0.9860648,0.9958748,0.9999997,4.929e-05,5.5e-07,4e-08,0.00029187,0.00012414,0.00082931,8.9e-07,5.202e-05,1.719e-05,3.74e-06
1.3.12.2.1107.5.3.33.2229.11.202007041555380515.png,0.00013453,0.9936369,9.4e-07,0.00056313,1.131e-05,4.8e-07,0.3659326,3.6e-07,1.989e-05,1.402e-05,0.00036011,0.00042175,0.99602985,1.02e-05,0.13647905,0.00050909,6.393e-05,2.515e-05,5.48e-06
1.2.840.113619.2.203.4.279707905.1574694797.774297.1.png,0.09138044,0.77864945,0.00749574,0.00298234,0.00060911,0.94267845,0.00132023,0.20673975,3.37e-06,0.57250565,0.02507236,0.01433545,0.01067295,0.27779758,2.714e-05,1.47e-06,8.3e-07,5.845e-05,0.00438692
1.2.840.113619.2.370.4.279707905.1578278495.347279.png,0.00181773,0.76530546,9.55e-06,1.579e-05,0.00140471,0.00546263,0.0704877,0.61124784,0.0023039,0.02047918,0.00609793,9.88e-05,0.00258075,0.00169668,0.01005327,8.55e-06,0.00075441,0.00184838,0.0001706
1.2.840.113619.2.370.4.279707905.1576806086.184196.png,0.0119858,0.82015467,0.00618867,1e-08,0.00019828,0.00037632,0.35458428,4.174e-05,9.84e-06,0.00088367,0.00743416,0.0496287,0.02834552,0.00587366,0.0801168,0.00034625,1.598e-05,0.0065194,0.00036605
1.2.840.113619.2.370.4.279707905.1587449951.430679.png,0.05491326,0.0709149,7.036e-05,2.435e-05,0.01468956,5.7e-07,0.25208664,0.0003499,0.00154128,0.4459952,0.06957614,0.00395487,3.042e-05,0.9997826,0.00047489,3.401e-05,1.8e-07,0.00118849,8.777e-05
1.2.840.113619.2.370.4.279707905.1599030164.21745.png,0.02383252,0.9685324,0.0609728,9.76e-06,0.0064148,1.159e-05,0.01980504,4.97e-05,0.0001277,0.01059777,0.04584783,0.740206,0.00014249,0.00161111,0.8927932,0.00029888,0.00037604,2.88e-06,0.00029983
1.2.840.113619.2.370.4.279707905.1598574935.716694.png,0.97539926,0.0008842,0.8649476,0.99308985,0.00022553,0.05518522,0.00430756,0.0764765,0.02507275,0.02396587,1.35e-05,0.00046006,9.261e-05,9.941e-05,5.875e-05,0.00102695,0.00135337,0.00038473,1.01e-06
1.2.840.113619.2.370.4.279707905.1585184872.562523.png,1.137e-05,0.8592177,7e-07,1.337e-05,9.85e-06,0.00024054,0.85974294,0.20526867,0.8768537,0.3199067,0.00313083,1.46e-06,0.00032935,0.00013188,0.06954036,4.27e-06,2.556e-05,0.00021549,3.192e-05
1.2.840.113619.2.370.4.279707905.1577498876.610666.png,0.3674405,0.24807116,0.26154864,1.185e-05,0.00312559,0.00278102,0.09161521,0.2027612,0.00778987,0.10921311,0.0748051,0.00484775,0.00183152,0.21670885,0.00258093,3.777e-05,6.82e-05,7.206e-05,0.29276916
1.3.12.2.1107.5.3.56.1642.11.202004191457290734.png,0.72215074,0.48051143,0.07205214,0.10666758,2.196e-05,1.53e-06,8.997e-05,6.8e-07,4.346e-05,7.714e-05,0.01438933,0.00206383,0.00061983,0.04716089,0.00266928,6.146e-05,4.76e-06,3.1e-07,2.23e-06
1.2.840.113619.2.203.4.279707905.1605820764.944147.1.png,0.9999878,0.19911455,0.9968336,0.0813603,0.9689999,0.5931063,0.9983688,0.00765101,9.13e-06,9.234e-05,0.00023253,0.00024174,7.784e-05,0.00801681,2.693e-05,0.00050823,0.00183356,0.01133273,2.777e-05
1.3.12.2.1107.5.3.33.2229.11.202007190909210937.png,0.5297739,0.0152943,0.004215,0.83599466,0.00851773,0.43652683,0.01832128,0.00156105,0.0089382,0.79760075,0.10796042,0.0236523,0.00058673,0.1889312,0.00286597,0.00500764,0.00151835,7.828e-05,0.00018364
1.2.840.113619.2.203.4.279707905.1575922627.21768.1.png,0.01614115,0.02481077,5.112e-05,0.00015006,0.00062745,0.01725639,0.2280536,0.69896865,0.0155286,0.00592398,9.443e-05,0.00320385,0.0047751,0.00206421,6.882e-05,4.404e-05,9.028e-05,0.01332624,1.332e-05
1.2.840.113619.2.370.4.279707905.1578795073.90651.png,0.00017601,0.18118171,2.059e-05,3e-08,5.665e-05,0.00028202,0.02566954,3.428e-05,8.536e-05,0.19929574,0.02363838,0.06637412,0.0031883,0.00224759,0.82799554,2.824e-05,2.514e-05,0.00011126,6.06e-05
1.2.840.113619.2.370.4.279707905.1591232230.275790.png,0.00757354,0.01138,0.25511268,0.00447844,0.48720467,0.01312674,0.96130216,0.00032761,0.03195783,0.00122366,0.00053541,0.00014487,0.00198613,0.00092576,0.00100918,0.00130759,1.42e-05,0.2488487,0.00038463
1.2.840.113619.2.370.4.279707905.1575944127.245507.png,0.0013996,0.04414838,0.71014214,0.10766213,0.00289221,0.04514468,0.00052491,0.38137645,0.00568408,0.00322864,0.552525,0.00076808,4.913e-05,0.00032719,2.612e-05,7.59e-06,2.997e-05,1.927e-05,2.28e-05
1.2.840.113619.2.370.4.279707905.1589420371.62662.png,1.954e-05,0.98722446,0.0002125,6.4e-07,2.36e-06,0.0001365,0.01194031,0.00607256,0.00059214,3.739e-05,0.12671882,0.00038289,0.38261613,3.278e-05,0.00153493,6.84e-06,3.623e-05,7.83e-05,5.27e-06
1.2.840.113619.2.203.4.279707905.1577739352.610938.1.png,0.99077034,4.539e-05,0.9377727,0.9261515,0.9789967,0.99437946,0.97292507,0.8165734,0.05563326,0.00623844,0.00028915,0.00111851,0.00400707,9.799e-05,5.647e-05,0.00086118,0.00904057,0.00105937,2.249e-05
1.2.840.113619.2.370.4.279707905.1579067366.137112.png,0.86429507,0.10476939,0.0011121,0.00046672,0.00183207,0.02148929,0.01149207,0.00029928,0.00089446,0.3584313,0.08105618,0.00146251,0.00024564,0.32310137,0.01521777,0.00120845,0.00034154,0.032356,0.00089472
1.2.840.113619.2.203.4.279707905.1589484676.332279.1.png,0.9999417,0.00057232,0.07656449,0.67480373,0.00070716,0.01355834,0.00239066,0.00025701,0.00341,0.02968541,7.902e-05,0.00489556,0.00040356,0.04137482,3.776e-05,0.05628206,0.00038769,0.00994006,2.119e-05
1.2.840.113619.2.370.4.279707905.1603261212.682335.png,0.14741018,0.00407029,0.03196842,6.07e-06,0.00183961,0.00084904,0.07458918,3.39e-06,8.3e-07,0.58651185,0.9905854,0.41711876,0.00600858,0.85427254,0.00228303,6.08e-06,0.00061565,7.53e-06,8.27e-06
1.2.840.113619.2.370.4.279707905.1578128171.86280.png,0.8552913,0.02592109,0.99648297,0.03136029,0.04173754,5.228e-05,0.0423179,0.02187585,0.00036516,0.00272377,9.682e-05,0.00412033,5.068e-05,0.00085677,0.00776051,0.00734507,0.11459196,9.18e-06,0.0093877
1.2.840.113619.2.370.4.279707905.1589850475.953471.png,0.986735,0.00039166,0.02443858,0.25841933,0.05120958,0.00028003,0.775959,0.01272729,0.7850286,6.343e-05,9.05e-06,1.93e-06,1.234e-05,0.10145744,0.00716747,0.00014077,0.00013677,6.86e-06,0.00078596
1.2.840.113619.2.370.4.279707905.1590387690.735600.png,0.03608964,0.0194471,0.00135701,0.0043883,0.00030857,0.00037287,0.60218155,0.00014484,0.75616384,0.00837445,0.00219556,3.654e-05,3.766e-05,0.14638112,0.00072457,0.00022332,8.1e-07,0.0027587,4.781e-05
1.2.840.113619.2.370.4.279707905.1584581079.501963.png,0.05269814,0.00013432,0.00010579,2.753e-05,0.00011078,9.004e-05,0.8603831,0.02086476,0.79372245,0.02363641,0.05908818,0.01682133,0.00016631,0.9041615,8.063e-05,2.149e-05,3.84e-06,0.03733176,0.00013012
1.2.840.113619.2.370.4.279707905.1576598302.694084.png,0.00012887,0.99849665,0.00127962,0.00077639,0.00608174,0.00704054,0.04958597,0.00310594,0.0143915,0.00303477,0.8620969,0.01163857,0.00446161,0.00037246,0.00244693,7.405e-05,0.0008039,1.204e-05,3.27e-05
1.2.840.113619.2.203.4.279707905.1574709179.711748.1.png,0.01740736,0.00219724,2.06e-06,0.0024401,0.11834019,2.431e-05,0.9845746,0.91188747,0.98861885,0.00138934,0.00225136,0.00588695,0.00142391,0.6551839,0.00036155,1.185e-05,4.21e-06,9.2e-07,8.33e-06
1.2.840.113619.2.370.4.279707905.1581468565.79653.png,0.01521023,8.708e-05,0.00030179,0.14410044,0.00397201,0.44627848,0.0031937,0.9359755,0.03203336,0.6749424,0.01482812,0.01758179,0.00012427,0.09254496,0.00024792,0.00054716,2.415e-05,0.00101982,2.419e-05
1.3.46.670589.30.1.6.1.963334151171.1581493461218.2.png,0.4834938,6.88e-06,0.97601086,0.9541674,0.00706254,0.00075448,0.10313416,8.46e-06,6.3e-07,2.164e-05,0.02835664,0.00213911,0.00175297,0.00013766,1.566e-05,1.726e-05,0.58428967,2.126e-05,0.00044081
1.2.840.113619.2.370.4.279707905.1595387394.54666.png,0.01266633,0.00021255,0.00027913,8.363e-05,1.922e-05,0.0004636,0.3233977,0.01838352,0.01709488,0.0074989,0.28298473,0.01145819,5.799e-05,0.0564744,0.00053127,2.037e-05,0.00038563,0.00382754,0.00013263
1.3.12.2.1107.5.3.56.1642.11.202001161454040031.png,0.9936296,0.0014977,0.306882,0.88721234,3.368e-05,0.00730113,0.01236805,0.01632882,0.12589042,0.6943959,0.0002702,0.00010106,3.6e-07,0.16404442,1.445e-05,0.00174916,9.904e-05,1.8e-05,0.0001044
1.3.46.670589.30.1.6.1.963334151171.1580465352328.2.png,5.7e-06,0.01021182,3.781e-05,0.00022061,1.84e-06,7.14e-06,0.00153194,1.15e-06,1.561e-05,0.00183789,0.9454847,0.00016659,3.15e-06,2.714e-05,0.0154579,1.253e-05,0.00074957,2e-08,6e-07
1.2.840.113619.2.370.4.279707905.1579075917.798130.png,0.59198797,0.00037732,0.00719885,0.67139417,0.00042025,0.007672,0.00247931,9.425e-05,0.00106922,0.14722304,0.00025378,6.16e-06,7.033e-05,0.99984264,0.00010762,0.00044174,1.4e-07,0.00066045,0.0001782
1.2.840.113619.2.370.4.279707905.1578115718.407062.png,0.00136194,0.00012637,0.33097106,0.9884802,7.982e-05,0.0470741,0.00037594,0.0355911,0.48212653,0.00027587,0.01009445,0.00128527,5.11e-06,6.013e-05,2.987e-05,0.00088079,7.22e-06,4.81e-06,1.459e-05
1.3.12.2.1107.5.3.33.2229.11.202006271100450359.png,0.00239655,0.2193485,0.00640675,0.02951987,0.00063232,0.00026128,0.00864732,0.02789558,0.05853699,0.00899129,0.02662196,0.00454517,7.705e-05,0.00099972,0.00016199,6.43e-06,0.5137654,2.053e-05,4.71e-06
1.2.840.113619.2.370.4.279707905.1588040128.607892.png,0.00595322,0.00011993,0.01301767,0.22431698,0.22879139,0.00794408,0.03928521,6.749e-05,0.7445468,0.0087189,0.01826978,0.01770916,2.678e-05,0.00107489,0.00460467,0.000103,0.00109384,7.47e-06,9.71e-06
1.2.840.113619.2.203.4.279707905.1578344175.363451.1.png,0.9970782,0.00010164,0.85222965,0.98335606,0.00011479,0.01059591,0.00063246,0.00072463,0.00692837,2.001e-05,0.00378124,5.361e-05,2.62e-05,0.01487756,3.764e-05,0.46582508,0.00166673,0.00510235,0.00043958
1.2.840.113619.2.203.4.279707905.1597088300.731553.1.png,0.987086,4.771e-05,0.00045515,7.515e-05,0.00065596,0.01226444,0.03630876,0.17116839,0.8822723,0.0541476,0.0004306,0.8286816,0.00655805,0.9308647,3.5e-05,1.592e-05,1.94e-06,0.0016282,8.29e-06
1.2.840.113619.2.203.4.279707905.1596134297.283892.1.png,0.9995672,0.00096518,0.7574423,0.989405,0.6253833,0.00098979,0.00664218,0.02827998,0.00058075,0.01666999,3.547e-05,6.592e-05,0.00035439,0.00255837,0.00159339,0.00077077,0.06992443,0.03954289,1.039e-05
1.2.840.113619.2.370.4.279707905.1575697634.412154.png,0.7149285,0.0463273,0.00141169,9.1e-07,0.00051519,0.00083425,0.94834185,0.0132727,8.122e-05,0.61316764,0.04616012,0.00086022,0.00031884,0.98909694,0.00218366,2.477e-05,0.00033344,0.00016191,0.23551598
1.2.840.113619.2.203.4.279707905.1575402828.765347.1.png,0.8451371,0.98731107,0.00485214,0.00220978,1.7e-07,0.04516579,0.00077468,0.00020529,0.39149305,0.05511765,2.71e-06,2.78e-06,0.00361801,0.00165821,0.00115616,4.54e-05,0.00068002,0.03757018,8.694e-05
1.2.840.113619.2.370.4.279707905.1578636895.474727.png,0.00011708,0.98976654,9.37e-06,9.404e-05,4.468e-05,0.00427401,0.02261882,0.00063466,0.00111806,0.00411776,0.9979024,0.00070809,5.97e-06,0.00038531,0.0006274,7.3e-06,0.00015345,4.13e-05,3.16e-06
1.2.840.113619.2.203.4.279707905.1579035676.675554.1.png,0.9984553,0.02599325,0.02999414,0.39336652,0.9428397,0.1859299,0.00409767,0.00028293,9.09e-06,0.8741487,0.00469487,0.00059186,7.052e-05,0.8242826,4.17e-06,9.453e-05,2.3e-07,1.6e-07,5.39e-06
1.3.12.2.1107.5.3.33.2229.11.202009181403080375.png,0.2452391,0.00022338,0.2299703,0.9716187,0.00042149,0.06182225,0.00236196,0.13805383,0.17568003,0.00053648,0.02810676,9.686e-05,3.226e-05,0.00023385,0.00734274,0.21047807,0.00076298,3.614e-05,0.0001081
1.3.12.2.1107.5.3.33.2229.11.201911231406150968.png,0.01176912,0.1562196,0.01024724,0.00070821,9.96e-06,3.574e-05,0.0620451,0.00041601,1.472e-05,0.02357836,0.00633523,6.027e-05,4.515e-05,0.00138832,0.01775005,6.7e-06,0.03911589,5e-07,0.00118569
1.2.840.113619.2.370.4.279707905.1592184678.831079.png,0.01084324,0.07145203,0.00771255,0.40949437,0.00364408,0.06448682,0.70582664,0.09832852,0.255754,0.29503402,4.599e-05,0.00044047,0.00020875,0.00011754,0.00105202,8.254e-05,0.04960997,1.659e-05,4.399e-05
1.2.840.113619.2.203.4.279707905.1576875526.570937.1.png,0.98723096,0.03223454,3.963e-05,0.0001698,0.01570938,0.02621239,0.03717723,0.37773535,0.43021,0.00094595,0.00160332,0.02124545,0.00949744,0.59973717,0.0008977,0.00020401,3.16e-05,0.00033259,0.00018987
1.2.840.113619.2.370.4.279707905.1605074373.273050.png,0.00015955,0.18806356,0.0001201,0.74497193,8.9e-07,0.00015266,0.05476208,0.34343457,0.99943703,0.00117695,0.00056559,1.15e-06,1.7e-07,2.2e-07,0.01675251,0.00017326,1.237e-05,4e-08,1.23e-06
1.2.840.113619.2.370.4.279707905.1596504646.353635.png,0.32926264,0.65750843,0.01037149,0.00115434,0.00147879,0.00016384,0.13077725,0.0041169,0.01247609,0.01024854,0.00717623,0.33621767,0.00013298,0.01078537,0.31765375,0.00283538,0.00495626,1.647e-05,0.00425692
1.2.840.113619.2.370.4.279707905.1579228324.670216.png,0.0146749,5.35e-06,0.8399939,0.9992755,0.00042033,0.43278128,0.00053215,0.9428594,0.29810154,0.0130328,2.935e-05,0.00067605,3.12e-06,3.8e-05,1.58e-05,0.00013683,5.45e-06,5.13e-06,2.49e-06
1.2.840.113619.2.370.4.279707905.1576388849.465125.png,0.33127388,0.64022446,0.19719946,0.03470843,0.01504785,0.0006442,0.00087817,0.00323952,0.00184736,0.00022858,0.00068951,0.48057744,6.65e-06,0.00309249,0.00115708,0.00044309,0.00170652,7.63e-06,0.00484736
1.3.12.2.1107.5.3.33.2229.11.202009281330500703.png,0.26989654,0.04275108,0.00248195,5.71e-06,2.612e-05,6.769e-05,0.00292261,1.24e-06,0.00014715,0.6287409,0.00110989,0.08339432,0.00342356,0.9593388,0.00060977,8.6e-07,3.692e-05,9.405e-05,2.936e-05
1.2.840.113619.2.370.4.279707905.1577583427.210372.png,0.1433094,0.00807684,0.00146288,0.00022739,0.00137549,0.00052127,0.05732764,0.0228839,0.19581434,0.00135672,0.05981384,0.00966692,0.00022335,0.0195264,0.00686168,0.00040161,0.0001009,0.00058847,0.00052124
1.2.840.113619.2.370.4.279707905.1605575286.417996.png,0.09764928,0.00015181,0.02211101,0.12646611,0.00523799,0.00317353,0.02313873,0.01038098,0.00334064,0.00010127,0.02172415,0.00024279,0.00019352,0.00109249,9.02e-05,7.136e-05,0.00409525,0.06697366,0.00245258
1.2.840.113619.2.203.4.279707905.1575407284.271743.1.png,3.823e-05,2.56e-06,1.3e-06,8.7e-07,0.00070485,3.526e-05,0.35514763,0.9574348,0.94465303,5.148e-05,1.01e-06,2.2e-07,3.163e-05,0.0007422,4.441e-05,1.9e-07,1.861e-05,0.3161615,2.077e-05
1.2.840.113619.2.370.4.279707905.1597123508.746306.png,0.2024504,0.16930056,0.36653608,4.02e-06,0.01648962,0.04612532,0.00997365,1.03e-06,5.33e-06,0.40873095,0.14041346,0.01794492,0.00046615,0.0390178,0.02190877,6.664e-05,0.00043551,0.00145272,0.00089965
1.2.840.113619.2.370.4.279707905.1586998123.537820.png,0.03963574,0.9935756,0.00263551,0.00014914,0.00044378,8.537e-05,0.01666468,1.316e-05,3.05e-05,0.00733821,0.00022795,0.00021134,2.14e-06,0.00036353,0.8669832,0.00066796,0.00018665,9.83e-06,0.00016248
1.2.840.113619.2.370.4.279707905.1599868940.188771.png,0.99994266,0.00877319,0.01646658,0.02729506,1.513e-05,0.00024078,0.00027025,1.8e-07,0.00239548,0.00029843,2.207e-05,1.138e-05,0.00012464,0.9999063,0.00034366,0.00012276,1.47e-06,0.10702634,0.00419678
1.3.12.2.1107.5.3.56.1642.11.202004211607130062.png,0.9888193,0.00011369,0.7126514,0.99850625,0.00013232,0.00541959,0.00043516,0.00448567,0.92129153,0.00122211,0.00208649,3.471e-05,5.4e-07,0.72265893,7.71e-05,0.14772277,2.116e-05,8.203e-05,3.566e-05
1.2.840.113619.2.203.4.279707905.1577137559.245.1.png,0.13727476,0.0085362,0.00105772,0.00476512,0.14735368,0.0006174,0.05013535,0.02518901,0.50579995,0.12078894,1.622e-05,9.139e-05,0.00754628,0.3730459,0.00028941,5.421e-05,7.6e-07,0.00022586,4.7e-05
1.2.840.113619.2.370.4.279707905.1574830146.122271.png,0.00316001,0.81854016,0.00212332,2.89e-06,0.00964294,0.003871,0.10972182,6.336e-05,9.986e-05,0.01396294,0.39534828,0.15189216,0.07100704,0.00128844,0.28508815,0.00022157,8.944e-05,0.00010773,0.00011884
1.3.46.670589.30.1.6.1.963334151171.1580379031015.2.png,0.00238417,0.07169732,0.0002867,0.00802291,0.00062206,0.00058879,3.361e-05,0.0,5.25e-06,0.00120294,0.53219974,2.812e-05,7.28e-06,0.10976937,0.00357506,0.00384668,8.99e-06,3.2e-07,5.34e-06
1.2.840.113619.2.203.4.279707905.1589308716.585078.1.png,0.00028779,0.13453786,4.6e-06,5.4e-06,3.107e-05,3.5e-07,0.00148131,0.06580262,6.751e-05,1.58e-06,0.00020172,2.581e-05,0.09710873,0.00029676,0.0383168,8.19e-06,3.04e-06,0.6621787,0.00073954
1.2.840.113619.2.370.4.279707905.1602656633.122933.png,0.16505782,0.00455751,0.78261787,0.01223785,0.03483322,0.00066273,0.02756473,0.00328838,0.36566117,0.00016531,0.10136015,0.90148926,6.26e-06,0.00055723,0.00014563,4.823e-05,2.845e-05,2.24e-06,0.00014849
1.2.840.113619.2.370.4.279707905.1577426784.382848.png,0.00095222,0.45629045,9.13e-06,0.00038422,0.00031982,0.00151505,0.0741671,0.00680635,0.00789842,0.06671892,0.21756431,0.00113529,0.00505164,0.00277774,0.16759281,9.882e-05,8.872e-05,0.00097975,2.893e-05
1.3.12.2.1107.5.3.33.2229.11.201912181432340953.png,0.00022283,0.99999875,2.63e-06,1.2e-07,3.8e-07,5.099e-05,1.546e-05,0.00015499,6.2e-07,0.06479826,0.16130263,3.23e-06,0.00170798,0.00091339,0.98656106,6.75e-06,7.17e-06,5.6e-07,0.00145465
1.2.840.113619.2.203.4.279707905.1578339835.333574.1.png,0.00137622,0.19569618,5.144e-05,6.4e-07,0.00011563,0.00702665,0.00429586,0.00407926,0.00014866,0.01079969,0.01180106,0.00140753,0.92323977,0.00173065,0.00506593,2.31e-06,3.127e-05,0.00045542,1.004e-05
1.2.840.113619.2.370.4.279707905.1578618426.203430.png,0.00416992,0.0741255,0.00052984,9.016e-05,0.00907729,0.00100965,9.547e-05,0.16141106,5.282e-05,0.0005936,0.00014665,0.00019058,0.00043229,0.00075132,0.00082278,8.074e-05,0.0005898,0.02729074,4.549e-05
1.2.840.113619.2.370.4.279707905.1591316271.545191.png,0.00661291,0.00079739,0.5356576,0.1696138,0.0353866,0.01132591,0.01047744,0.00036995,0.00027105,8.11e-06,0.43460524,0.08983953,0.0025833,0.00063697,0.00428876,0.20267683,0.00022768,2.259e-05,0.00064535
1.3.12.2.1107.5.3.56.1642.11.201912161612000500.png,0.7599116,7.508e-05,0.24290977,0.99512094,9.72e-06,0.00020796,0.00646042,0.01682608,0.3339892,0.00067541,0.0001612,0.00023695,4.6e-07,0.00029107,0.00037905,0.00068091,1.778e-05,4.545e-05,1.177e-05
1.2.840.113619.2.370.4.279707905.1602377783.801234.png,0.17221513,0.74634707,0.22392362,0.00526576,0.00672697,0.01222054,0.7460018,0.02024179,0.00127852,0.00032846,0.5952723,0.00266205,0.0056738,0.00335692,0.00165275,0.00033722,0.00026718,4.804e-05,0.00024929
1.2.840.113619.2.370.4.279707905.1578702726.202412.png,0.30378327,0.00194882,0.00177082,0.00122105,0.00143765,2.745e-05,0.21009073,2.862e-05,0.02962166,0.01509161,0.03820439,0.00096556,2.267e-05,0.64648736,0.00030394,1.02e-05,1.65e-06,0.00056092,3.793e-05
1.2.840.113619.2.370.4.279707905.1597128427.235028.png,0.00799154,0.3101306,0.00066712,0.00030351,0.00242226,0.00812907,0.14894433,0.0020586,0.0211351,0.26113743,0.19232447,0.0013916,0.00480854,0.00493806,0.20501126,0.00018195,0.00190808,0.00518832,0.0011931
1.2.840.113619.2.370.4.279707905.1578899525.996357.png,0.00241538,0.00444074,0.23230536,0.01517339,0.00132241,0.00551304,0.01373575,0.00173145,0.00048036,0.00023261,0.06046898,0.04435986,0.00548138,0.00032747,0.00247346,0.00108736,0.00080924,1.38e-06,6.698e-05
1.2.156.112536.2.560.64226048152091077.1335491099255.76.png,0.81692827,0.0001444,0.8658873,0.99383014,0.12447507,0.01091672,0.07736164,0.00921946,0.0059283,7.921e-05,0.00075241,0.00018164,0.0028369,0.00370542,0.00071364,0.8910259,0.00130835,0.00034082,0.00089842
1.2.840.113619.2.370.4.279707905.1589093083.734169.png,0.00221722,0.02096492,0.02031808,0.8755497,0.00030018,0.01669192,2.387e-05,5.112e-05,0.1348603,0.00026804,0.22774363,4.775e-05,5.56e-06,0.01862072,0.00026461,0.00023936,1.158e-05,9.6e-07,7.41e-06
1.2.840.113619.2.203.4.279707905.1578340677.953773.1.png,7.235e-05,0.00086429,1.6e-07,1.805e-05,5.982e-05,1.463e-05,0.46234405,0.7615184,0.15916853,0.00012349,0.00246043,3.067e-05,0.00103515,0.03924983,0.00028043,6.2e-07,2.01e-06,0.10684596,3.24e-06
1.2.840.113619.2.370.4.279707905.1586999064.803879.png,0.02178042,0.07442552,2.628e-05,0.0,1.447e-05,1.961e-05,0.68884015,0.0041591,0.00029819,0.00308813,0.02523505,0.00147368,0.00016843,0.6035242,0.00021837,1.3e-06,2.55e-05,0.00045076,0.05395656
1.2.840.113619.2.370.4.279707905.1594689777.570444.png,0.79073507,7.81e-06,0.6677257,0.9998495,4.272e-05,0.00387239,1.78e-05,3.54e-06,0.78075904,1.088e-05,0.00050283,1.998e-05,5.63e-06,0.05023164,0.00010521,0.04057427,5.37e-06,1.723e-05,1.682e-05
1.2.840.113619.2.370.4.279707905.1600043686.699678.png,0.04518052,0.00023771,0.00099686,0.27076456,3.991e-05,0.00011782,0.04479658,0.3549803,0.97113854,0.00356396,0.00415629,0.00223683,6.8e-07,0.00194601,0.00565231,0.00158116,2.955e-05,5.04e-06,4.68e-06
1.2.840.113619.2.370.4.279707905.1575439267.343562.png,0.00017369,0.01940283,0.01479568,0.1356284,0.14467503,4.32e-06,0.00257207,0.00238966,0.01326182,2.457e-05,0.00024168,0.9564024,0.00044248,3.713e-05,0.02480306,0.03899965,0.0059344,1.14e-06,7.542e-05
1.2.840.113619.2.370.4.279707905.1574646442.921201.png,0.00218555,0.00160004,0.00264805,1.22e-06,0.00018785,0.00021215,0.8103687,0.00257279,0.002045,0.00062554,0.01032818,0.99520856,0.9999733,0.00242376,0.00238395,4.365e-05,3.055e-05,2.359e-05,5.52e-06
1.2.840.113619.2.370.4.279707905.1604474179.66404.png,0.80089074,0.4188753,0.23119035,0.00062467,0.00290001,0.00033133,0.16174498,0.00040529,8.586e-05,0.0006062,0.00084516,0.57037705,0.403906,0.00529211,0.12905414,0.00722871,0.00239707,0.00014128,0.0031346
1.3.12.2.1107.5.3.56.1642.11.202006091605190734.png,0.83372456,0.00334562,0.9825753,0.35834903,6.312e-05,0.00163143,0.00270118,0.08765271,1.808e-05,0.00023838,3.956e-05,0.00317649,7.466e-05,8.419e-05,6.123e-05,0.00025273,0.00661906,0.0001797,0.0002831
1.2.840.113619.2.203.4.279707905.1576531861.213504.1.png,0.4027076,0.00012338,0.00012336,0.36807024,0.00054291,0.01259573,0.33219463,0.01549684,0.02610998,0.39325607,0.00048969,0.00027466,0.00010176,0.99903345,2.434e-05,0.00036705,1.98e-06,0.02410455,2.678e-05
1.2.840.113619.2.370.4.279707905.1589766014.816171.png,0.53212434,0.03819121,0.00952517,0.66539747,6.625e-05,5.609e-05,0.0012932,0.00026684,0.01227365,0.12639642,6.53e-05,3e-06,8.858e-05,0.01152999,0.08599259,0.00143526,0.00535741,6.871e-05,5.508e-05
1.2.840.113619.2.203.4.279707905.1576527380.797751.1.png,0.7679888,0.00010061,0.27313584,0.02717296,0.00011181,0.12566039,0.0296802,0.97846746,0.99947053,0.00143487,3.356e-05,0.00056329,0.00014259,0.00113765,4.241e-05,6.225e-05,4.809e-05,0.00840566,1.81e-06
1.2.840.113619.2.370.4.279707905.1576305996.118162.png,0.86700875,0.7750848,0.34424496,0.08297921,0.00092011,0.03420526,0.00071595,0.01218023,0.00146603,0.07097846,3.321e-05,5.727e-05,0.00011407,0.0015911,0.00469944,0.00037103,0.01781782,6.4e-06,0.00034991
1.3.46.670589.30.1.6.1.963334151171.1576687785406.2.png,0.00709271,0.0001211,0.19674835,0.00530654,6.699e-05,0.00423771,0.02081102,5.821e-05,1.19e-06,2.275e-05,0.28103122,7.689e-05,0.00012698,0.00061967,2.4e-05,1.925e-05,0.72543806,6.14e-05,0.00755721
1.3.12.2.1107.5.3.33.2229.11.201911231339260343.png,0.00814455,0.4581943,0.00018681,2.149e-05,0.00053054,0.00049487,0.00193323,0.01534084,0.13875465,0.00536133,0.7745606,0.8698969,0.00121426,0.00341761,0.00926362,3.668e-05,0.00106724,5.22e-06,1.401e-05
1.2.840.113619.2.370.4.279707905.1592200437.506836.png,0.33379444,0.01509282,0.40238357,0.9168421,2.596e-05,0.00010417,0.00691352,0.01687811,0.9391308,0.00564448,3.9e-06,5.029e-05,5e-08,6.68e-06,0.00217442,0.00029537,0.00020183,1.44e-06,0.00010985
1.3.12.2.1107.5.3.56.1642.11.202005171551040015.png,0.9972293,3.707e-05,0.9468739,0.99608254,0.0001651,0.00194835,0.00060834,0.04418487,0.00205172,0.00070016,0.000769,7.426e-05,1.237e-05,0.0004635,1.951e-05,0.6231085,0.00864462,0.01009588,0.00010018
1.2.840.113619.2.370.4.279707905.1605574502.704993.png,0.748777,0.00153258,0.02866104,0.09594233,0.0015826,0.04123101,0.6540766,0.07584952,0.55022454,0.01904639,0.00038973,2.883e-05,5.648e-05,0.00264939,0.03503951,0.00187505,0.00470449,0.00014307,0.00035471
1.3.12.2.1107.5.3.56.1642.11.201912311549040640.png,0.9999914,0.00879196,0.99309886,0.002525,0.07276874,0.00010439,0.00097794,0.02125414,0.00624271,0.03802989,2.71e-06,0.00012882,2.17e-05,7.66e-05,0.00018772,0.00181931,0.11597735,3.99e-06,0.00042829
1.2.840.113619.2.370.4.279707905.1576458020.976393.png,0.9999714,0.00019999,0.23339242,0.72444254,0.00129313,3.46e-06,8.75e-06,1.2e-07,3.037e-05,1.067e-05,4.31e-06,0.000316,0.0008672,0.9980096,0.00048056,0.03238057,0.00011267,0.93818367,6.637e-05
1.3.12.2.1107.5.3.56.1642.11.202001131742220093.png,0.17321429,0.20093352,0.00028641,0.00052874,0.00449393,0.00060723,0.28255832,0.0017637,0.01367852,0.03286017,0.18330508,0.39752147,0.07000786,0.04386143,0.00078173,0.0003063,0.00553046,0.00243692,0.00028985
1.2.840.113619.2.370.4.279707905.1576049971.148745.png,0.06733586,2.85e-05,1.021e-05,0.03938665,0.00515027,0.99258286,0.8397883,0.09900365,0.22867008,0.8230559,0.02158074,0.00029813,2.177e-05,0.48437396,4.177e-05,7.8e-06,4.644e-05,4.97e-05,1.22e-05
1.2.840.113619.2.370.4.279707905.1589605168.738673.png,0.99869233,0.00012586,0.68453693,0.68948126,0.00052118,0.026395,0.00027732,1.54e-06,0.00259231,2.262e-05,0.00115819,0.00165165,0.00043943,0.7267898,5.501e-05,0.00418705,2.473e-05,0.17812993,0.0001072
1.3.46.670589.30.1.6.1.963334151171.1575547634406.2.png,0.00268606,8.83e-05,0.2874902,0.00257555,6.99e-06,0.00119921,0.1877373,7.9e-07,4.7e-07,0.00018231,0.01701107,6.001e-05,6.052e-05,2.52e-05,5.98e-06,2.5e-07,0.5903899,4.34e-06,5.557e-05
1.2.840.113619.2.203.4.279707905.1596824417.3286.1.png,0.47050953,7.058e-05,0.01751238,0.997358,0.00039279,0.03229536,0.00492873,0.1932896,0.83187366,0.00150821,0.00017971,1.49e-06,2.4e-05,0.00022404,0.00157854,0.00553632,0.00189555,0.00820194,5.94e-06
1.2.156.112536.2.560.64226048152091077.1334509065253.84.png,0.58496356,1.346e-05,0.32091865,0.17113759,0.00800224,0.00051186,0.00039971,0.00292592,0.00793731,3.601e-05,0.00018476,7.309e-05,6.5e-05,0.00221506,4.63e-06,0.06615362,0.01284962,0.00810345,0.00255666
1.2.840.113619.2.370.4.279707905.1597987329.931337.png,0.00216785,0.550371,0.00329054,0.01719938,0.00228804,0.00563303,0.00474091,0.03270294,0.19551818,0.00514023,0.74411887,0.00341052,2.957e-05,0.00651633,0.00050748,0.00033845,2.053e-05,4.28e-06,3e-05
1.2.840.113619.2.370.4.279707905.1577209031.811747.png,0.8406174,0.09463279,0.00665752,0.00612251,3.223e-05,0.00023316,0.00929792,3.3e-06,0.00078677,0.00029067,0.00011369,5.7e-07,3.33e-05,0.9403541,0.00145412,1.096e-05,3.2e-06,0.02256703,0.00095896
1.2.840.113619.2.370.4.279707905.1579224515.52015.png,0.02508942,0.9829563,0.00047578,1.38e-05,3.458e-05,0.00026414,0.01202796,1.7e-05,0.00475781,0.7649659,0.00432801,0.00011759,0.00024423,0.0821058,0.7290912,0.00015304,0.00101526,0.00153069,0.00715578
1.2.840.113619.2.370.4.279707905.1589069936.359074.png,0.00532202,0.00040255,0.1307709,0.586339,3.54e-06,0.00041749,0.00019604,6.415e-05,0.3803181,0.00035243,0.1142849,0.00075924,3.5e-07,0.00023262,8.854e-05,0.00020399,5.5e-06,2.506e-05,2.61e-06
1.2.840.113619.2.370.4.279707905.1591236548.707229.png,0.19435726,0.4916066,8.559e-05,0.00023881,0.00010569,0.07057952,0.00022978,0.01400456,0.00031953,0.3871346,0.03489991,0.00101222,1.891e-05,0.00567503,0.06258168,0.00020278,0.00013205,0.00010103,0.00063296
1.2.840.113619.2.370.4.279707905.1577757508.332551.png,0.05331722,0.00682043,0.00187599,2e-08,1.655e-05,2.7e-06,0.49216703,0.00149962,0.00023776,0.00063414,0.00415058,3.798e-05,7.184e-05,0.07786809,0.00142172,1e-06,8.65e-05,0.00020867,0.06857346
1.2.840.113619.2.203.4.279707905.1574979013.85015.1.png,0.999837,0.03233224,0.00084876,0.04895482,0.0088918,1.432e-05,0.00125346,4.369e-05,7.48e-06,6.22e-06,2.599e-05,5.76e-06,5.312e-05,0.33972964,0.00255112,0.00013898,0.00427807,0.7814366,7.24e-06
1.3.12.2.1107.5.3.33.2229.11.202011221342030656.png,0.00516725,0.0001163,0.02693535,0.9961202,0.00058141,0.00194798,0.00451297,0.0058546,0.00239857,9e-08,0.04485952,9.702e-05,0.00037962,3.02e-06,0.00047862,0.17352287,0.00555558,1.24e-05,0.00013136
1.2.840.113619.2.370.4.279707905.1578740300.57251.png,0.02456384,0.00319305,0.17457806,0.5218752,0.00090133,0.00061416,0.00312546,0.00061295,0.17622115,0.00018521,0.08739564,0.00090472,5.1e-07,0.00018652,0.00182311,0.00759375,6.578e-05,4.14e-06,0.00031797
1.2.840.113619.2.203.4.279707905.1580765349.726210.1.png,0.9871293,6.251e-05,5.311e-05,0.00034393,2.18e-06,0.00097857,0.9462706,0.01088375,0.999617,0.00149965,2.85e-06,4.5e-06,6.38e-06,0.64380133,0.00054245,3.961e-05,8.42e-06,0.0020357,0.00017512
1.2.840.113619.2.203.4.279707905.1603134821.809643.1.png,0.9571755,0.00142574,0.9952644,0.902931,0.00396488,0.00257487,0.7486861,0.969422,0.99602985,0.02363092,1.088e-05,8.53e-06,0.00010697,9.619e-05,6.69e-06,0.0032904,0.00095042,4.07e-06,0.00023861
1.2.840.113619.2.370.4.279707905.1574991277.963240.png,0.00185122,0.0504722,0.01990462,9.6e-07,0.00048061,0.00019768,0.5965212,0.0071008,0.00024047,0.00332463,0.45279375,0.00367648,5.776e-05,0.02194426,0.00021226,4.65e-06,3.43e-05,0.0023432,8.408e-05
1.2.840.113619.2.370.4.279707905.1595031732.183822.png,0.04298116,6.57e-06,0.06643816,0.99975926,6e-08,0.00416392,5.036e-05,0.03524615,0.995643,0.00306503,4.873e-05,4.1e-07,1e-08,2.531e-05,9.894e-05,5.882e-05,1.6e-06,5.9e-07,6e-08
1.3.12.2.1107.5.3.56.1642.11.202010261515190515.png,0.98218656,0.74498296,0.9550181,0.01285995,0.01988016,0.03849125,0.5371916,0.00013066,1.573e-05,0.00013929,0.00034429,0.00574244,0.00674633,0.00577564,0.01360101,0.00123936,0.00060353,7.058e-05,0.00293776
1.2.840.113619.2.370.4.279707905.1591598825.549916.png,0.01745209,0.95841634,0.0014497,0.01706539,0.02055586,0.16268976,0.00112318,0.00043368,0.00021882,0.1595991,0.9445248,0.00677018,0.000652,0.4306157,0.00047069,0.00051322,7.91e-06,1.1e-05,6.511e-05
1.2.840.113619.2.370.4.279707905.1588473189.414691.png,0.688593,0.00012282,0.99677616,0.9723269,0.00973851,0.41903344,0.00180062,5.482e-05,0.00275651,0.00035832,8.523e-05,0.00024007,4.181e-05,0.00015338,2.633e-05,0.00112315,3.388e-05,4.338e-05,1.94e-05
1.2.840.113619.2.370.4.279707905.1592965312.362185.png,0.850114,0.00370262,0.7237166,0.00042118,0.00620186,1.534e-05,0.6336964,0.15315703,0.00023294,0.00024787,0.00053412,0.00252523,0.00235456,0.05544784,0.01079323,0.0009347,0.02195556,0.00057575,0.20031323
1.2.840.113619.2.370.4.279707905.1603843913.35219.png,0.9861186,0.00016426,0.9979134,0.9998903,4.24e-06,0.00109815,7.66e-06,0.01699884,0.00222115,0.0014845,3.19e-06,4.54e-06,1e-07,9.66e-06,4.87e-06,0.00060359,7.09e-06,7.04e-06,7.16e-06
1.2.840.113619.2.203.4.279707905.1575317389.859521.1.png,0.17320792,0.00143844,0.00017281,0.00380321,0.00069649,0.07746637,0.07408904,0.30745676,0.06706744,0.16833244,0.07197698,0.0048441,0.00028969,0.1132519,0.00104189,0.0002781,4.25e-05,0.01098832,3.53e-05
1.2.840.113619.2.370.4.279707905.1603177283.901650.png,0.0106802,0.00076751,0.7527663,0.6102963,0.00966159,0.2701812,0.0001596,0.00054363,0.01179551,0.01684908,0.00558269,0.00080518,6.98e-06,0.00019298,7.224e-05,0.0024481,7.881e-05,2.581e-05,1.885e-05
1.2.840.113619.2.203.4.279707905.1580758052.937603.1.png,0.00013199,0.00439574,1.033e-05,1.573e-05,0.5439201,0.01296299,0.04731666,0.14599004,0.50414526,0.41057727,0.00015295,0.00066719,0.00312771,0.00170306,0.00043611,1.014e-05,7.3e-07,0.05982872,7.51e-06
1.2.840.113619.2.370.4.279707905.1576818023.4934.png,0.86134,4.8e-07,0.02427221,0.9906026,7.68e-06,0.0037711,0.03459448,0.14417677,0.9961837,0.12390693,0.00016464,0.00075385,2.8e-07,0.00012049,3.67e-06,7.948e-05,2.26e-06,1.211e-05,1e-08
1.2.840.113619.2.370.4.279707905.1575513342.8092.png,7.09e-06,0.9966816,8.3e-07,5.574e-05,1.18e-05,0.00048746,0.01700247,0.00862345,0.00182576,0.04244606,0.7907553,0.00146006,0.00032175,0.00020835,0.5640403,0.00010065,0.00016391,1.736e-05,2.55e-06
1.3.46.670589.30.1.6.1.963334151171.1576755060406.2.png,4e-08,0.22778814,0.09829791,0.0,0.0073704,0.00036328,0.9403942,7e-08,3e-08,0.03633107,0.02551612,1.282e-05,3.65e-06,7.8e-07,0.00064251,4.3e-07,6.09e-06,1.1e-07,1.1e-07
1.2.840.113619.2.370.4.279707905.1575078933.153394.png,0.00063782,0.11276907,0.01839497,4.1e-06,0.03842477,0.00286873,0.00081453,0.00303266,0.00109464,0.6749411,0.00150318,0.00115858,0.00073365,0.0293832,0.27909902,3.85e-05,0.00015455,0.00264466,0.02419192
1.2.840.113619.2.370.4.279707905.1576563995.864930.png,0.00019835,0.8343048,0.00047337,0.0021128,0.00036823,0.00885664,0.00202683,5.33e-05,0.00486308,0.00085198,0.9882449,0.00014534,2.078e-05,0.00154613,0.00026664,5.018e-05,4.961e-05,3.23e-05,0.00013901
1.2.840.113619.2.370.4.279707905.1600485797.52904.png,0.00426327,0.00062816,0.02017526,0.01149658,4.577e-05,0.10024179,0.00290048,0.0132626,0.00870368,0.00028994,0.9278919,0.00056292,0.0002052,0.11570925,3.344e-05,0.00549084,1.148e-05,2.853e-05,7.411e-05
1.2.840.113619.2.370.4.279707905.1588298939.669847.png,0.30928257,1.75e-06,0.0234352,0.99973387,5.8e-07,0.00025376,0.00061659,0.00511466,0.97114027,0.01305754,7.17e-06,8.725e-05,2e-08,7.8e-07,4.763e-05,0.00030463,4.7e-07,9.67e-06,1e-08
1.2.840.113619.2.370.4.279707905.1579574876.578573.png,0.06937258,0.0357461,4.48e-06,0.0,1.333e-05,0.00050914,0.9562529,0.08232726,1.225e-05,0.01713406,0.19744281,0.10537107,0.00060715,0.94181466,0.00341527,5.84e-06,2.077e-05,2.376e-05,0.02809757
1.3.46.670589.30.1.6.1.963334151171.1579851552625.2.png,0.7758065,2.4e-06,0.58434343,0.97111064,0.00012948,0.0267063,0.0168167,0.00147035,0.00385532,2.32e-06,0.00173798,0.00013923,6.249e-05,0.00035152,1.075e-05,0.9115804,0.13030963,0.00010144,0.00388528
1.3.12.2.1107.5.3.33.2229.11.201912151130380859.png,0.04002521,0.00339016,0.02693968,0.9891928,0.01312786,0.00197742,0.00819794,0.4003795,0.948487,0.08769806,0.00147043,0.00055367,0.00918633,0.00238406,0.00229001,0.00165597,0.0006601,0.00206259,2.331e-05
1.2.840.113619.2.370.4.279707905.1577603313.575153.png,0.0167499,0.00237722,0.00770317,1.94e-06,0.0034859,0.00095196,0.01737684,0.00382481,2.614e-05,9.84e-06,0.9532714,0.01035075,0.00017868,0.00232703,0.00031961,5.37e-05,1.577e-05,5.886e-05,0.00041747
1.2.840.113619.2.370.4.279707905.1575527463.672101.png,0.05435776,0.67588454,0.01421713,0.000642,0.01711646,0.00844935,0.01420992,3.504e-05,0.00035133,0.92827886,0.00192747,0.0017144,0.00110462,0.05620178,0.066128,0.00182722,0.00122092,0.00733372,0.00181716
1.2.840.113619.2.370.4.279707905.1577430362.703735.png,0.41777763,0.07544265,0.01645608,1.78e-06,1.7e-06,5.466e-05,0.03125732,2.493e-05,1.692e-05,4.07e-06,0.3967886,0.9914676,0.9975633,0.21338727,0.01309749,0.00016583,9.146e-05,0.00615384,0.00033398
1.2.840.113619.2.370.4.279707905.1574988870.849908.png,0.00379568,0.04319636,4.143e-05,0.00047251,0.00112641,0.00056793,0.39691696,0.00044868,0.06531148,0.09036108,0.03662808,0.00085062,0.00105263,0.00952939,0.01597398,0.00016341,7.962e-05,0.00012903,5.45e-05
1.2.840.113619.2.370.4.279707905.1574919583.132571.png,0.13384214,0.19071779,0.0002721,0.00021049,0.00131685,5.375e-05,0.27228674,0.01045101,0.01219978,0.25232503,0.01383328,0.0716762,0.0007289,0.9905512,0.00448249,5.072e-05,1.193e-05,0.00011603,0.00028053
1.2.840.113619.2.370.4.279707905.1603436028.671126.png,0.9889492,2.43e-06,0.69275826,0.9944723,0.08761033,0.00327453,0.03236284,0.00018106,0.39840785,2.123e-05,0.00015033,7.86e-06,0.00011828,0.00151017,0.00029864,0.00022621,1.546e-05,1.071e-05,4.939e-05
1.2.840.113619.2.370.4.279707905.1596075380.298236.png,0.96374744,3.39e-06,0.5555871,0.9996616,6.12e-06,0.00227992,2.569e-05,0.01467468,0.89561826,0.00025431,0.0002235,7.34e-06,7e-08,4.673e-05,4.554e-05,0.00133911,5.48e-06,2.42e-06,1.91e-06
1.2.840.113619.2.370.4.279707905.1600217427.968120.png,0.93078536,0.01753513,0.9970562,0.04501543,1.332e-05,0.00010181,3.653e-05,7.539e-05,4.16e-06,0.00227178,4.34e-06,0.00184498,3.94e-06,2.084e-05,0.00036837,0.00045848,0.00030387,5.877e-05,0.0005487
1.2.840.113619.2.370.4.279707905.1577943183.617792.png,0.64966714,0.00696396,0.00688912,0.22367398,0.00155162,0.00054628,0.0123897,0.001552,0.00659039,0.0074257,0.02615758,0.00202178,0.00056663,0.09104036,0.01368021,0.00404693,0.0342125,0.02100807,0.00085297
1.2.840.113619.2.203.4.279707905.1603390928.249268.1.png,0.99573547,0.00104941,0.96871066,0.800993,0.0097846,0.22382227,0.01225882,0.03202253,0.4615894,0.00024078,0.00046707,0.00599107,0.00772755,0.00124329,0.00032512,0.00443349,0.00064703,0.00502508,0.00022108
1.2.840.113619.2.370.4.279707905.1604728392.407316.png,0.00293795,0.11795796,6.53e-06,6.602e-05,0.00018688,0.00026583,0.03639858,0.00045386,0.01210998,0.12718324,0.19952647,0.00176218,0.00010536,0.25404626,0.01771862,2.324e-05,2.09e-06,3.34e-05,8.259e-05
1.3.12.2.1107.5.3.56.1642.11.202007171628280218.png,0.05763176,1.53e-06,0.18807103,0.9948148,0.00015832,0.00174438,0.00050686,0.2410723,0.9638253,4.994e-05,0.00825818,0.00030946,1.01e-06,1.711e-05,9.1e-07,0.02226536,0.00064367,1.586e-05,9.12e-05
1.2.840.113619.2.370.4.279707905.1579317568.722927.png,0.01151013,4e-07,0.02541746,0.9999981,0.00014287,0.33040667,0.00044215,0.29120946,0.9983681,0.00302082,7.774e-05,2.2e-07,5.2e-07,3.157e-05,2.673e-05,0.00091736,8.93e-06,8.4e-07,1.45e-06
1.2.840.113619.2.370.4.279707905.1603504363.408382.png,0.03640493,0.0002423,0.8048953,0.03884105,4.71e-05,0.00336879,0.00096512,0.05394754,0.03382293,0.00250422,0.00192562,0.00536281,4.24e-06,7.859e-05,0.00031578,9.35e-05,1.71e-06,1.121e-05,2.231e-05
1.3.12.2.1107.5.3.56.1642.11.202007281529290906.png,0.99017465,1.403e-05,0.98537886,0.9481461,0.00040643,0.00118756,0.00044474,0.81034416,0.09887416,0.00010813,3.075e-05,5.664e-05,6.82e-06,0.00074962,1.633e-05,0.04835834,4.752e-05,0.00131089,0.0007688
1.2.840.113619.2.370.4.279707905.1577341107.15445.png,0.00020155,0.6574971,5.26e-06,8.13e-06,0.08339092,1.18e-06,0.04136883,7.583e-05,0.00061472,0.00160199,0.9266663,0.00029417,0.00011081,0.0120779,0.00263798,5.21e-06,1.92e-06,0.00029737,1.86e-06
1.2.840.113619.2.370.4.279707905.1600656300.717220.png,0.08373656,0.67400855,0.03265168,0.00623118,0.00014337,0.00019086,0.00093518,0.00285175,0.00095577,0.01046256,0.00023038,0.00087273,4.54e-05,0.00104283,0.5833038,0.00246375,0.00250833,0.00010985,0.00506389
1.2.840.113619.2.370.4.279707905.1595982263.104472.png,0.03750417,0.23855382,0.01578174,0.0,9.7e-07,5.5e-07,0.18378899,4e-06,5.3e-06,8.7e-07,0.00021887,0.488,0.9976999,0.00455572,0.00074536,4.639e-05,4.41e-06,0.00417633,0.0001099
1.2.840.113619.2.203.4.279707905.1576011637.57392.1.png,0.03768126,0.26202312,0.98887897,4e-08,0.0047476,0.07642686,0.00605286,0.00024903,8.58e-06,0.0008966,0.00071754,0.09431156,0.40149325,0.02294156,2.221e-05,1.84e-06,9.05e-06,0.00038726,0.00094447
1.2.840.113619.2.370.4.279707905.1578660945.493518.png,0.6117458,0.93534726,0.0219232,4.75e-06,0.01178755,0.24157926,0.00015918,6.46e-06,2.114e-05,0.86031646,0.00113373,0.00466174,9.786e-05,0.01278821,0.24923559,9.381e-05,0.00011312,0.00020851,0.00524072
1.3.12.2.1107.5.3.56.1642.11.202001211450410734.png,0.90276504,0.0001157,0.99830365,0.67270106,0.00219988,0.00049043,0.00254794,0.0070145,0.01177085,6.83e-05,0.00021541,5.267e-05,5.754e-05,0.00236314,6.359e-05,0.05848604,0.00024513,1.832e-05,8.529e-05
1.2.840.113619.2.370.4.279707905.1604383131.57208.png,0.0024837,0.8430183,1.86e-06,0.0002218,9.004e-05,0.00069022,0.00049233,0.00014233,0.00022313,0.09543565,0.01003574,5.53e-06,0.00015957,0.0020263,0.99361223,0.00022614,9.679e-05,0.00157718,0.00032723
1.2.840.113619.2.370.4.279707905.1576982182.952094.png,0.00138779,0.94065034,0.00033866,2.716e-05,0.01947122,0.00453146,0.02670107,5.641e-05,0.00158406,0.6673749,0.06912782,0.00327543,0.00084087,0.01406394,0.98544085,7.289e-05,0.00016423,4.218e-05,0.00027241
1.2.840.113619.2.203.4.279707905.1588088820.517635.1.png,0.00593725,0.00010323,0.03892252,0.00032402,0.5408706,0.99823207,0.9693322,0.00117576,0.0826208,0.99649227,0.00802911,0.06240506,0.00264429,0.0125362,6.736e-05,4.705e-05,0.00038892,0.00051578,3.89e-06
1.2.840.113619.2.370.4.279707905.1577749053.328205.png,0.00047355,0.00307248,0.00098399,0.039762,0.00185771,0.00187369,0.3072856,6.324e-05,0.306956,0.918466,0.00079925,0.00037765,0.00179777,0.00210318,0.04891806,7.346e-05,0.00051966,0.00044903,6.747e-05
1.3.12.2.1107.5.3.56.1642.11.202007241601450921.png,0.99994093,8.137e-05,0.83975446,0.99694616,0.00293199,0.00021963,0.00026864,0.06388493,0.00015032,5.883e-05,0.00423322,0.00025096,7.583e-05,0.02362702,2.289e-05,0.19034968,0.01957175,0.00096826,0.00085751
1.2.840.113619.2.370.4.279707905.1602478867.623002.png,0.23191331,0.02948342,0.01631382,0.00073067,0.00103468,0.0065232,0.0989579,0.00069008,0.01310781,0.02253085,0.2576456,0.03522638,2.38e-05,0.0002444,0.00629926,0.00105303,0.00059417,0.0001138,5.642e-05
1.2.840.113619.2.203.4.2147483647.1574869257.680231.png,0.02591271,0.98993886,0.00198623,8.2e-07,3e-06,0.21759242,0.0006585,2.6e-07,4.44e-06,0.5147147,9.44e-05,0.05415322,0.9653373,0.00152926,0.00057599,4.6e-07,9.075e-05,4.62e-06,3.4e-06
1.2.840.113619.2.370.4.279707905.1598930258.456002.png,0.06551926,0.01535488,0.05806496,0.9989982,1.45e-06,2.22e-06,7.36e-06,2.635e-05,0.06964554,0.03825316,5.31e-06,1e-08,1e-08,0.00095872,0.057084,0.00129848,6.5e-07,1.9e-07,4.732e-05
1.2.840.113619.2.370.4.279707905.1577128243.307971.png,0.00043273,0.05059112,6.851e-05,3.834e-05,0.01067182,2.91e-05,0.6087776,0.07526318,0.08784377,0.02374128,0.0014093,5.495e-05,0.00019922,0.00163819,0.01141433,0.00014574,0.0001348,0.2823821,0.00029144
1.2.840.113619.2.370.4.279707905.1589685100.945725.png,0.47280085,0.00240618,0.00059013,0.00010909,0.00016667,0.00019477,0.01408497,0.000943,0.00638081,0.0056256,0.00588437,0.00047213,7.32e-05,0.6701978,0.00280133,0.00127657,1.821e-05,0.08134906,0.00037518
1.3.12.2.1107.5.3.56.1642.11.202006121548570140.png,0.5157037,6.201e-05,0.13706692,0.9967414,0.00105976,0.01340479,0.00208693,0.00048283,0.0016522,3.008e-05,0.00159282,0.00362714,0.00016008,4.45e-05,0.00053972,0.9932886,0.00060562,2.96e-05,7.726e-05
1.2.840.113619.2.370.4.279707905.1600063874.992259.png,0.24101873,0.8858471,0.59087914,0.000794,1.032e-05,0.00068175,0.00117821,0.00175976,0.00885291,0.2989677,5.65e-06,1.11e-06,6e-08,6.886e-05,0.04888648,2.228e-05,6.045e-05,1.2e-07,0.00083398
1.2.840.113619.2.203.4.279707905.1586285327.853123.1.png,0.925578,0.00075476,0.05066515,0.00208107,0.00346344,0.39286825,0.02928512,0.04984462,0.00082393,0.5506583,0.18163767,0.74931943,0.01121814,0.7505045,0.00022677,9.586e-05,1.687e-05,4.162e-05,0.00125337
1.3.12.2.1107.5.3.56.1642.11.202006241601380875.png,0.63891786,0.00220086,0.00435185,0.99700505,0.0009233,0.00032903,0.00017638,0.00021042,0.00085899,0.00341662,0.00866219,0.00157124,0.00023289,0.00076079,0.00045494,0.99912006,0.00025281,2.926e-05,2.277e-05
1.2.840.113619.2.370.4.279707905.1576460155.934867.png,0.99988395,1.02e-05,0.95918405,0.98187906,0.00328983,0.00892406,0.00141456,0.00041076,0.01549445,8.618e-05,4.067e-05,5.469e-05,6.022e-05,0.00432017,3.909e-05,0.00138491,0.00033125,0.00170913,3.428e-05
1.2.840.113619.2.203.4.279707905.1577819653.962774.1.png,0.99993587,0.00050027,0.13076033,0.17296559,0.8626376,0.9913254,0.84275573,0.00183216,0.46995133,0.0131942,0.0023256,0.00859794,0.00010183,0.97204286,1.959e-05,0.00103118,3.759e-05,0.00160169,0.00022779
1.3.12.2.1107.5.3.33.2229.11.202009281340170406.png,0.591318,1.59e-05,0.00019619,0.99746734,7.638e-05,3.42e-06,0.0243873,0.05244496,0.02141622,4e-08,0.01201448,0.00045229,0.00704584,2.257e-05,2.194e-05,0.72781867,0.000383,0.00016095,5.914e-05
1.2.840.113619.2.370.4.279707905.1575792695.55068.png,0.18241797,0.00187339,0.00619273,0.06915846,0.0001904,0.00095565,0.00885857,0.00193823,0.0070247,0.00855669,0.03438818,0.00140868,0.00015714,0.00636362,0.01450032,0.00323406,0.00209837,0.00727736,0.00028052
1.2.840.113619.2.370.4.279707905.1579155949.938467.png,0.00037061,0.00463514,1.959e-05,0.00052379,8.32e-06,1.13e-06,0.00201985,1.555e-05,0.01722265,0.00023093,0.00522716,8.9e-07,9.69e-06,0.00025606,0.0003208,6e-07,2.74e-06,0.00224685,3e-08
1.2.840.113619.2.370.4.279707905.1591320158.730713.png,0.05811878,0.04700146,0.1369659,0.423995,0.62863386,0.12581234,0.03508612,0.00280404,0.252308,0.00045135,0.9011248,0.10208339,3.138e-05,0.00363065,0.00029812,6.882e-05,1.662e-05,5.61e-06,5.767e-05
1.2.840.113619.2.370.4.279707905.1575877540.333370.png,0.11406025,0.4577943,5.359e-05,0.0013912,0.00162772,0.0075714,0.00154557,0.0001506,0.00270496,0.4138176,0.00031631,4.705e-05,0.00025933,0.02187731,0.33783567,0.00106691,0.00259787,0.03157217,0.00120924
1.2.840.113619.2.370.4.279707905.1575336999.561577.png,0.52727914,0.8706513,1.002e-05,4.691e-05,0.01533584,3.531e-05,0.00935251,0.00016418,0.0554832,0.01678889,0.12274072,0.00532354,0.00035987,0.95945734,0.06313312,0.00069636,2.365e-05,0.00037535,0.00128698
1.2.840.113619.2.370.4.279707905.1600407208.65309.png,0.00300884,0.00808593,0.00048587,0.9920616,0.00021243,0.00074506,0.0066511,0.03147956,0.9963296,0.0092587,0.00099405,1.09e-06,5.9e-07,1.046e-05,0.08999309,0.00138182,6.83e-06,1.05e-06,5.81e-06
1.2.840.113619.2.370.4.279707905.1578012440.11195.png,0.000142,0.20736931,1.5e-07,4.554e-05,8.285e-05,3.67e-06,0.00205134,0.00923768,0.00043875,0.00082382,0.05598872,3.003e-05,0.00095464,0.00163298,0.1684211,9.584e-05,5.45e-06,0.01355663,0.00032713
1.2.840.113619.2.370.4.279707905.1598510959.563048.png,3.549e-05,0.02457233,2.22e-06,6.74e-06,2.331e-05,0.00573995,0.05101638,0.00058257,0.00032843,0.17535537,0.51377463,0.38115123,0.0003401,0.00035515,0.00200455,2.14e-06,0.00016265,6.5e-07,2e-08
1.2.840.113619.2.370.4.279707905.1581477514.808929.png,0.00943921,0.04575666,0.18093562,0.7413455,0.0003117,0.06564368,0.00277416,2.96e-05,0.0467114,0.07045582,0.04741045,0.00032885,5.013e-05,0.00672981,0.00050959,0.00828213,1.65e-06,5.1e-06,6.86e-06
1.2.840.113619.2.370.4.279707905.1579587892.479608.png,0.0604383,0.95341873,0.00045698,0.20096764,0.00304519,0.6047206,0.0005178,0.00058286,0.00154612,0.99116266,0.00334554,0.00033448,0.00012297,0.00673066,0.35592043,0.00091065,0.00055867,3.577e-05,0.00052126
1.2.840.113619.2.203.4.279707905.1576008651.225087.1.png,4.658e-05,0.24738382,7e-06,7.1e-07,0.00011249,0.00145905,0.00675277,0.00082842,4.334e-05,0.03684763,0.0200819,0.00024771,0.95326555,0.04239806,0.04102609,2.5e-07,2.683e-05,0.00393059,5.441e-05
1.2.840.113619.2.370.4.279707905.1577236295.68193.png,0.73605454,0.8856101,0.18123177,0.0036726,0.14559685,0.0015945,0.58554476,0.1509325,0.00209344,0.00233255,0.00293458,0.08751356,0.00038198,0.04083216,0.03442926,0.00062013,0.02296022,2.63e-05,0.08475947
1.2.840.113619.2.203.4.279707905.1576004787.466347.1.png,0.00163792,0.9999858,2.16e-06,2.2e-07,6.34e-06,0.01902354,0.00071517,0.00191947,2.239e-05,0.06982758,0.00728741,4.847e-05,0.971252,0.00171339,0.02127211,4e-08,0.00015063,6.92e-06,0.00010309
1.3.12.2.1107.5.3.56.1642.11.202001141554320828.png,0.999522,8.76e-06,0.9778676,0.9911856,0.00027187,0.00053514,0.00351076,0.02922644,0.00292675,9.31e-05,0.00083756,2.03e-05,7.68e-06,9.78e-05,5.85e-06,0.00028006,0.00056694,0.0015841,8.806e-05
1.2.840.113619.2.370.4.279707905.1578812596.992939.png,0.21729884,0.22707333,0.15569566,2.89e-06,0.00158172,0.00388766,0.347758,0.00069016,0.00037457,0.02287147,0.00403729,0.181369,0.5510083,0.26995024,0.02225237,0.00026519,0.00012001,0.00183032,0.02689557
1.2.840.113619.2.370.4.279707905.1575774638.898759.png,0.2120632,0.00069924,0.16807792,0.0,0.0003865,4.597e-05,0.99113303,0.00794144,0.00022066,3.159e-05,0.00595213,0.00059662,0.00074225,0.08179022,2.502e-05,2.816e-05,1.1e-05,0.00341445,0.05643652
1.3.12.2.1107.5.3.56.1642.11.202001201544110187.png,0.9994724,0.18240754,0.9332015,0.96895415,0.0052739,1.686e-05,7.8e-07,4.61e-06,4.266e-05,0.00017255,1.65e-06,2.17e-06,3.28e-05,0.5842124,0.0094361,0.0443985,4.706e-05,4.744e-05,0.00187707
1.2.840.113619.2.370.4.279707905.1578709456.852228.png,0.6428601,0.27385122,0.00207433,0.00872201,0.01488542,3.01e-05,0.13948976,4.7e-05,0.00470814,0.01221135,0.00719605,0.00060129,0.00032226,0.03705568,0.01910368,0.0002128,0.00606332,0.00255773,0.00228292
1.2.840.113619.2.370.4.279707905.1575617484.232086.png,0.00041512,0.40325332,0.00448434,0.0065715,0.00036285,0.00120675,0.00034981,2.02e-06,2.695e-05,0.9485633,0.02257104,0.00102562,0.00031956,0.97468024,0.00074855,6.296e-05,0.00025081,9.92e-06,7.25e-06
1.2.840.113619.2.370.4.279707905.1583723332.80767.png,0.8557499,6.181e-05,0.02707132,0.07381582,0.0006119,0.00147072,0.3324988,6.54e-06,0.32751766,0.00020839,0.00033796,4.724e-05,4.935e-05,0.02299238,0.00184093,0.00052317,6.94e-06,0.00127852,0.00065697
1.2.840.113619.2.370.4.279707905.1584349472.313358.png,0.00469848,0.79069626,0.00034719,5.76e-06,0.00321689,9.85e-06,0.22621065,4.861e-05,0.00103466,0.00142069,0.01780841,0.9871947,0.00627246,0.000385,0.5534237,0.00107549,0.00059904,1.87e-06,4.267e-05
1.2.840.113619.2.370.4.279707905.1574910085.623175.png,0.00337713,0.11254896,0.04522492,1.603e-05,0.0373604,0.10365084,0.12527199,0.00010575,0.00425797,0.08459964,0.47954217,0.9280142,0.12858115,0.00208668,0.0015893,3.322e-05,0.00010835,6.71e-06,3.25e-06
1.3.12.2.1107.5.3.56.1642.11.202003231438580234.png,0.96621245,4.35e-06,0.01849506,0.9999769,7.63e-06,0.00057746,9.93e-05,0.36883092,0.48318523,0.0265019,0.00025364,9.43e-06,5.66e-06,3.967e-05,3.606e-05,0.00023456,6.009e-05,1.363e-05,2.4e-06
1.2.840.113619.2.370.4.279707905.1599807298.765474.png,0.09780153,0.7480538,0.13002567,0.02237572,0.00584311,0.0011946,0.0017282,0.00014319,2.65e-05,0.31230325,9.419e-05,0.00258156,0.00637081,0.00102394,0.7826236,0.00107505,0.01594817,7.69e-06,0.00295704
1.2.840.113619.2.370.4.279707905.1589588977.853867.png,0.00652004,0.00776168,0.00102469,0.00136659,6.257e-05,0.00315293,0.06368536,0.729677,0.26638952,0.06871044,0.01198071,1.556e-05,6.5e-05,0.00022558,0.01072795,2.454e-05,0.00079152,0.00039553,6.394e-05
1.2.840.113619.2.370.4.279707905.1575733037.811425.png,2.48e-06,0.8450812,1.1e-07,0.0003417,1.03e-06,3.43e-06,0.10990445,6.27e-05,1.11e-06,3.11e-06,0.16546008,0.21852896,0.99964,6.63e-06,0.4250597,0.00524837,5.23e-06,2.8e-07,1.6e-07
1.3.12.2.1107.5.3.56.1642.11.202001061551280250.png,0.00037232,0.10270276,0.00052735,0.5554362,0.00289932,0.00012305,0.02872764,6.923e-05,0.03527996,0.00220778,0.11688007,0.00222132,0.00062755,2.042e-05,0.21102622,0.00090332,0.00192696,1.3e-06,5.27e-06
1.3.12.2.1107.5.3.33.2229.11.202003301019040531.png,0.83760893,0.00065074,0.81214786,6.2e-06,0.46045095,0.41181925,0.03092856,5.149e-05,0.00023907,0.04893956,0.02566761,0.3549706,0.00186116,0.0108116,0.00029586,3.273e-05,0.00086644,0.00024871,0.00225056
1.2.840.113619.2.370.4.279707905.1574749134.973627.png,0.03548793,0.72580266,0.00144911,0.00261695,0.01676863,0.00725869,0.00247392,6.19e-06,0.00214859,0.94192415,0.02163714,0.00133169,0.00060487,0.14126298,0.6154047,0.00061951,0.00023695,0.00035388,0.0005425
1.2.840.113619.2.203.4.279707905.1578424927.566890.1.png,0.07648141,0.00046552,0.06137324,0.974018,0.00751702,0.11767608,0.01649412,0.9401842,0.24101566,0.00622974,0.00632768,0.00027188,4.167e-05,0.00046354,0.0005661,0.00390728,6.254e-05,0.00015169,7.408e-05
1.2.840.113619.2.203.4.279707905.1579729900.9901.1.png,0.66916615,0.00056893,0.00694938,0.11786398,0.00314468,0.8454367,0.10199242,0.9399402,0.02647393,0.00303188,0.14909032,0.0002778,0.00072614,0.00113599,0.00014565,0.00029696,0.00716246,0.00028133,0.00030848
1.2.840.113619.2.370.4.279707905.1603850066.225975.png,0.16385281,0.72891885,0.0237374,0.0,1.042e-05,1.462e-05,0.80118454,0.00532858,3.063e-05,6.136e-05,0.03919452,0.04165174,0.25636896,0.10673823,0.00039213,2.058e-05,2.4e-06,0.00020698,0.0106965
1.2.840.113619.2.370.4.279707905.1576128009.233649.png,5.077e-05,0.96178657,0.00018702,6.5e-07,2.07e-06,0.00038991,0.07575585,1e-07,5.171e-05,2.334e-05,0.00712982,0.04760281,0.9109256,2.787e-05,0.00664727,4.04e-06,0.00113958,3.009e-05,1.48e-06
1.2.840.113619.2.370.4.279707905.1601100824.312849.png,0.1463166,0.91636664,0.16820188,0.0008938,0.21321025,0.01573475,0.62519884,0.03014882,0.01631621,0.02565798,0.01537338,0.2151943,0.12845877,0.06498914,0.27687806,0.00053638,0.00077641,0.00018605,0.00349873
1.2.840.113619.2.370.4.279707905.1579222216.790676.png,0.00639607,8.57e-06,5.884e-05,2.157e-05,0.00011116,0.00019197,0.95369714,0.08146362,0.3021078,0.8640033,0.00756848,0.275673,0.00014236,0.98367107,2.22e-06,3.89e-06,1.9e-07,0.00082579,2.39e-06
1.2.840.113619.2.370.4.279707905.1578015116.588105.png,0.95879143,7.723e-05,0.12062078,0.2237069,0.00300819,0.00051209,0.0483342,1.146e-05,0.01474185,2.881e-05,0.00019983,3.308e-05,7.664e-05,0.04360502,0.00044193,0.00016568,1.046e-05,0.00036817,0.00059355
1.2.840.113619.2.370.4.279707905.1575637160.809617.png,0.6115696,0.00023359,0.0251283,4.444e-05,0.11006139,0.00127242,0.35231173,0.00317154,0.07996922,0.3483894,0.01175026,0.7764821,0.00137001,0.9587631,4.342e-05,5.245e-05,1.17e-06,5.272e-05,1.783e-05
1.2.840.113619.2.370.4.279707905.1577890714.940714.png,3.88e-06,0.9920891,5.1e-07,1.1e-07,8.35e-06,0.00528979,0.00511711,0.00048381,1.704e-05,0.9643516,0.00145643,0.13135853,0.0677002,0.00020386,0.18854062,5.8e-07,0.00070654,1e-08,3.3e-07
1.2.840.113619.2.370.4.279707905.1578789592.346516.png,4.19e-06,0.5778103,7.82e-06,2e-08,8.88e-06,0.00411754,0.02321526,0.00022128,0.00181322,0.00566214,0.06551413,1.889e-05,0.00047284,2.074e-05,0.0002047,9.42e-06,2.64e-06,0.01472087,2.85e-06
1.2.840.113619.2.370.4.279707905.1597891342.87227.png,0.00033773,0.9999467,0.00024268,4.295e-05,1.02e-06,1.3e-06,0.00067106,1.91e-06,2.63e-06,6.93e-06,2.17e-06,1.1e-07,0.12607731,9.99e-06,0.99989754,0.00010783,7.92e-06,2.591e-05,0.00028333
1.2.840.113619.2.370.4.279707905.1602809534.325.png,0.9262071,2.993e-05,0.21285973,0.99999166,1.7e-07,5.89e-05,9.989e-05,0.00027016,0.9859564,0.48459393,1.86e-06,3.7e-07,0.0,8.51e-06,0.00028033,0.0014856,8e-08,2e-07,7e-08
1.2.840.113619.2.203.4.279707905.1574783462.330342.1.png,0.99712354,0.00026049,0.00423948,0.00010203,0.00030283,0.24475156,0.00850188,0.0048358,0.09321554,0.01249718,5.726e-05,0.00092948,0.00011007,0.02030973,1.353e-05,0.0004833,0.00027556,0.79458654,1.662e-05
1.2.840.113619.2.370.4.279707905.1588059628.359273.png,0.2210121,3.454e-05,0.00327936,0.00434544,2.578e-05,4.287e-05,0.1105717,0.02087205,0.01203893,0.03258318,0.13827738,0.00241516,1.544e-05,0.01185497,3.63e-05,2.9e-05,2.225e-05,9.005e-05,3.14e-06
1.2.840.113619.2.203.4.279707905.1579118103.331473.1.png,0.00011568,1.25e-06,3.3e-07,1.77e-06,0.00101724,6.04e-06,0.76389056,0.9997243,0.9994399,3.47e-06,1.335e-05,2.66e-06,0.00013539,0.00171891,0.00047782,9.9e-07,5.89e-06,0.00320267,0.00014638
1.2.840.113619.2.370.4.279707905.1602633776.118042.png,0.00109102,0.00014238,0.00177632,0.9997808,1.67e-06,0.00022617,0.00097097,0.00054279,0.9998867,0.00037955,0.00030201,3.67e-06,5e-08,2.96e-06,0.0002449,0.00055441,4.6e-06,1.94e-06,1.09e-06
1.2.840.113619.2.370.4.279707905.1599789968.354776.png,0.066397,0.9162738,0.2529518,0.00266269,0.00028877,0.00324741,0.00016825,3.917e-05,1.277e-05,0.03093038,1.325e-05,6.432e-05,5.918e-05,0.00027849,0.66462845,0.00305044,0.00012958,0.00019048,0.0142094
1.2.840.113619.2.370.4.279707905.1578291998.543034.png,0.00387732,0.9703387,0.00064183,4.08e-06,0.00038217,5.845e-05,0.01367962,2.129e-05,0.0004846,0.19349281,0.3064275,0.00026207,0.00057803,0.6665735,0.00041828,1.074e-05,1.32e-06,0.00063531,1.42e-05
1.2.840.113619.2.370.4.279707905.1597278939.109380.png,0.0301939,0.99872535,0.06180962,4.5e-05,0.04442236,1.917e-05,0.9974637,8.49e-06,2.591e-05,1.6e-07,0.00753222,0.02491484,0.36058763,6.893e-05,0.15868337,0.00011721,0.00022841,7.2e-07,4.283e-05
1.2.840.113619.2.370.4.279707905.1578161408.843938.png,0.99384296,6e-07,2.686e-05,0.9991109,0.00618015,0.00042034,0.0056375,9.22e-06,0.17352508,0.0005271,1.63e-06,2.94e-06,2.387e-05,0.986185,0.00325941,0.0008375,1.2e-07,0.09235661,0.00019315
1.2.840.113619.2.370.4.279707905.1593428950.666573.png,0.1996851,0.00347827,0.0947053,0.00323536,0.0120971,0.7869498,0.00581102,0.08276392,0.00014582,0.7080555,0.00192317,0.0010551,0.00364172,0.0449302,0.00282058,0.00029941,0.00177942,0.00442092,0.00529111
1.2.840.113619.2.203.4.279707905.1574696720.718317.1.png,0.9344026,0.00016537,0.00035672,0.53487,0.01188719,0.04254855,0.3733175,0.0913072,0.02126109,0.0228665,0.03410554,0.4516944,0.0265983,0.20236836,0.02467387,0.00115386,0.00014527,6.048e-05,0.00029901
1.2.840.113619.2.370.4.279707905.1589591815.542324.png,3.78e-05,0.03016654,0.00227418,1e-08,0.03858855,0.00023473,0.7585941,1.49e-06,0.00037686,0.00934655,0.0006484,0.19641627,0.00063093,0.00010389,0.04137805,4.227e-05,2.97e-06,0.01461152,1.39e-06
1.2.840.113619.2.370.4.279707905.1594262392.144961.png,0.9637636,0.20981024,0.02444184,0.0221279,0.742045,0.02782491,0.22780226,0.0029679,0.96084464,0.00850722,0.01715496,0.0682694,3.285e-05,0.95722777,0.00029881,0.00031214,0.00010246,1.01e-06,0.00012176
1.2.840.113619.2.203.4.279707905.1579029113.479287.1.png,0.9982628,0.03757129,2.356e-05,1.76e-05,2e-08,0.00100479,0.00527357,6.87e-06,0.886498,0.00077819,7.9e-07,3.83e-06,0.00039501,0.9427188,2.09e-06,1.18e-06,6.7e-07,0.971916,0.00023721
1.2.840.113619.2.370.4.279707905.1574658330.523424.png,0.26423106,0.1416431,0.2770232,0.00026366,0.00892496,0.00054297,0.07167487,0.00021337,7.925e-05,0.13052122,0.5619638,0.08789539,0.00715987,0.46907365,0.02001347,0.00020027,0.00142902,0.00057426,0.02379274
1.2.840.113619.2.203.4.279707905.1577303979.987376.1.png,0.9838502,0.01442382,0.3109783,0.02495458,0.01931556,0.08696596,0.15349425,0.00522607,0.03606634,8.549e-05,0.00074423,0.0002149,0.0071771,0.07618186,0.00012603,0.00021455,0.0001359,0.00079334,6.918e-05
1.2.840.113619.2.370.4.279707905.1587345321.320896.png,0.99793774,0.01002855,0.99835545,0.05225379,0.00757049,0.00054748,0.01081907,0.11839627,0.00376172,0.00166089,1.512e-05,0.11269083,5.064e-05,7.71e-05,0.00062414,5.28e-05,0.00021472,2e-07,0.00199891
1.2.840.113619.2.370.4.279707905.1580093071.793974.png,0.00917365,0.9016654,0.04976218,0.00213695,0.00031811,0.00043937,0.02206164,0.00018761,9.56e-05,0.00087842,0.0002541,0.19201042,0.08966464,0.00049046,0.78719246,0.00180339,0.00465464,8.57e-06,6.006e-05
1.3.12.2.1107.5.3.56.1642.11.202010221608460906.png,0.9315129,0.00423844,0.99601454,0.87029433,0.00134413,0.1141118,0.00730443,0.00685906,0.00308758,0.001706,0.00658373,0.0002874,0.00039258,0.14096612,0.00015449,0.07200227,0.00221451,0.0001091,0.00985532
1.2.840.113619.2.370.4.279707905.1605226579.387802.png,0.01391727,3.956e-05,0.46162933,0.99550706,1.66e-06,0.00228151,0.00035571,0.04259338,0.9974492,0.0003257,0.00021748,4.07e-06,2e-08,4.8e-06,9.039e-05,0.00036298,6.33e-06,2.7e-07,1.06e-06
1.2.840.113619.2.370.4.279707905.1576552893.903884.png,0.00570385,0.00010445,0.00742498,0.000724,0.00669744,0.00079812,0.97426546,0.91218287,0.9777868,0.00035444,7.236e-05,1.98e-06,2.799e-05,3.454e-05,0.00091208,3.84e-05,0.00047019,9.87e-06,2.666e-05
1.2.840.113619.2.370.4.279707905.1597467667.978288.png,0.00023475,0.9980282,7.75e-05,4.926e-05,0.00010063,1.22e-06,0.14518021,5.13e-06,5.494e-05,0.0016907,0.00775046,0.07084115,0.58905715,0.00013311,0.9860869,0.0006237,0.00016608,4.88e-06,7.17e-06
1.2.840.113619.2.203.4.279707905.1578340171.560430.1.png,0.07318326,0.42341968,0.00124679,0.00198535,0.00020147,0.9755839,0.06567762,0.00313051,0.00112531,0.22663075,4.825e-05,0.00284595,0.90087736,0.0021561,5.75e-06,5.276e-05,9.92e-06,0.1210238,7.692e-05
1.2.840.113619.2.370.4.279707905.1603676195.636641.png,0.24791463,1.466e-05,0.01114756,0.9941169,0.00100622,0.00307066,0.14051883,0.00214795,0.9990504,0.03074804,0.00183062,0.00765645,2.73e-06,0.00262004,0.00014086,0.00035883,6.4e-07,1.645e-05,1.07e-06
1.2.840.113619.2.203.4.279707905.1581457574.680855.1.png,0.0714365,0.00031964,0.00281548,4.1e-07,0.0044504,0.04894858,0.9888272,0.00057232,0.00135758,0.5337724,0.9774859,0.069011,0.0025502,0.93471926,0.00032976,6.7e-07,2.405e-05,4.58e-06,5.06e-05
1.2.840.113619.2.370.4.279707905.1602652578.729820.png,2.02e-06,0.9924338,4.48e-06,1.799e-05,0.00040284,6.9e-06,0.26111045,2.9e-05,0.00101634,0.00173019,0.90391433,0.00483961,0.00604154,0.00011582,0.31762543,4.006e-05,0.00032809,8.9e-07,1.59e-06
1.3.12.2.1107.5.3.56.1642.11.202003201609240281.png,0.9957585,0.00144224,0.8760844,0.75585514,0.78230226,0.00125159,0.987965,0.00479802,0.04780257,0.00171031,0.00024187,0.00524775,0.00204302,0.01761343,9.657e-05,0.00258812,0.00149018,1.36e-06,0.00985427
1.2.840.113619.2.370.4.279707905.1577503152.564526.png,0.04858982,0.00022415,0.0003913,0.1936708,0.0008431,0.09409504,0.15870023,0.04389832,0.8598189,0.6918284,0.00220638,4.08e-05,1.577e-05,0.13606282,0.00040698,9.98e-05,9.6e-07,4.073e-05,1.566e-05
1.2.840.113619.2.203.4.279707905.1575489349.143661.1.png,0.99860346,0.00096496,0.00011628,3.08e-06,0.00762781,0.00011628,0.27212065,0.0136096,0.9968989,3.423e-05,0.00579689,0.12157964,0.00029672,0.99978167,0.00013821,1.159e-05,2.95e-06,0.00317093,0.00120588
1.2.840.113619.2.370.4.279707905.1597124989.895383.png,9.856e-05,0.1759063,7.17e-06,2.466e-05,0.00304279,1.521e-05,0.00017491,5.4e-07,0.00036546,0.9259824,0.4825715,0.00018881,1.82e-06,0.7271877,0.00135776,3.47e-06,1.9e-07,1.22e-06,2.19e-06
1.2.840.113619.2.370.4.279707905.1604905474.675423.png,0.00069258,0.00921257,0.00110807,0.01602942,0.02172169,2.798e-05,0.19215968,2.48e-06,0.3933454,0.00015722,0.28281644,0.28358585,2.26e-06,2.935e-05,0.00171886,0.00019135,2.528e-05,2.911e-05,1.54e-06
1.2.840.113619.2.203.4.279707905.1575486279.26808.1.png,0.99996257,9.769e-05,0.57584006,0.9996886,0.00042572,0.02742874,0.00042813,0.24946488,0.08782715,0.03878956,4.547e-05,2.158e-05,2.285e-05,0.00041427,1.704e-05,0.000276,0.0003368,0.00158457,1.864e-05
1.2.840.113619.2.370.4.279707905.1579573426.164778.png,0.00155541,0.239633,0.01213697,0.00123747,0.00871062,0.4761494,0.00516649,6.5e-07,2.428e-05,0.9722266,0.00156195,0.00048665,0.00121088,0.00399322,0.02018963,3.287e-05,3.099e-05,0.02505235,0.00018258
1.2.840.113619.2.370.4.279707905.1575254561.714737.png,0.04157838,0.37989977,0.15967768,0.01081724,0.09893388,6.48e-06,0.11649819,0.00146585,0.00337795,0.00011232,0.00048085,0.5963136,0.00015383,6.177e-05,0.3648657,0.01050302,0.00652265,8.6e-07,0.00162678
1.2.840.113619.2.370.4.279707905.1590740981.419862.png,0.05106898,0.13297266,0.00550112,1.054e-05,0.01087524,0.98173106,0.00167963,0.00013442,3.6e-07,0.9740189,0.00018416,4.465e-05,0.00026674,0.00254284,0.01267864,8.28e-06,0.00216728,0.00010048,0.00157816
1.2.840.113619.2.370.4.279707905.1597801870.375212.png,0.5405676,8.12e-06,0.8782469,0.99951667,8.385e-05,0.43205616,0.00036088,2.971e-05,0.8209216,2.449e-05,0.0011001,1.734e-05,2.89e-06,0.0008097,1.877e-05,0.00818232,6.2e-06,7.61e-06,1.28e-06
1.2.840.113619.2.370.4.279707905.1575945843.286303.png,0.02791394,0.01069051,0.6363164,0.00492525,0.00028044,0.02289252,0.09318028,0.02965107,0.00139894,4.835e-05,0.97081864,0.00154801,0.00041725,0.00094871,0.00034138,0.00053428,9.779e-05,2.68e-06,0.00108768
1.2.840.113619.2.370.4.279707905.1598245724.134673.png,0.99938726,4.005e-05,0.0044844,0.8392683,6.14e-06,0.00064353,0.0041227,7.6e-07,0.2772566,0.00860811,3.9e-07,1.9e-07,9.4e-07,0.88644147,0.00026007,0.0015696,3.9e-07,0.1438958,6.067e-05
1.2.840.113619.2.370.4.279707905.1579399475.236405.png,0.9994609,0.00010373,0.15114152,0.98994666,3.39e-06,1.731e-05,0.00093179,3.3e-07,7.47e-06,2.68e-06,0.00027927,4.905e-05,3.77e-05,0.00029215,0.00012548,0.999985,5.161e-05,4.98e-06,4.7e-07
1.3.12.2.1107.5.3.33.2229.11.201911231328570312.png,0.7535924,0.00128155,0.01638528,0.38938165,0.00034093,0.00449705,0.01097124,0.00095469,0.00050627,6.587e-05,0.00045655,0.10769831,0.16274449,8.247e-05,0.00043774,0.00084008,0.00081507,2.318e-05,3.35e-06
1.2.840.113619.2.370.4.279707905.1576027998.869714.png,0.01930204,0.9513183,0.00092877,0.04029869,0.01684706,0.0001756,0.67528015,0.0006955,6.398e-05,9.86e-06,0.6808859,0.09506612,0.6748402,0.00033966,0.00455713,0.00824659,4.636e-05,0.00017177,8.344e-05
1.2.840.113619.2.370.4.279707905.1595467081.901583.png,9.27e-06,0.04868537,4.46e-06,1.21e-05,2.35e-06,0.00025254,2.819e-05,0.00012964,0.00011098,0.99938834,0.00355022,8.44e-05,0.00014933,0.9490958,0.00033293,5.22e-06,2.04e-06,3.5e-07,4e-06
1.2.840.113619.2.370.4.279707905.1579674144.961043.png,0.72547513,6.189e-05,0.00273403,0.28211713,0.00641036,0.01160006,0.01551576,0.0798486,0.01219224,0.3911015,0.00624329,0.01375143,3.268e-05,0.7191654,0.00025366,0.00014802,2.97e-06,8.488e-05,4.662e-05
1.2.840.113619.2.370.4.279707905.1598320042.152612.png,0.00244609,0.7796586,0.00450928,0.00050524,2.449e-05,0.00194102,6.48e-06,3.1e-07,2.72e-06,0.7309619,0.00029816,3.3e-07,0.00038334,0.9970501,0.00044694,6.6e-07,1.7e-07,5.75e-05,0.00111758
1.3.46.670589.30.1.6.1.963334151171.1597668751859.2.png,0.9798277,1.754e-05,0.94607174,0.99285674,0.00029536,0.00488663,0.00190317,0.00836081,0.5529997,0.00011221,0.00013557,2.83e-06,6.74e-06,0.01178977,0.00012004,0.1065278,0.00016965,0.00293249,0.00019027
1.2.840.113619.2.370.4.279707905.1595041098.104701.png,0.00094986,0.0317508,0.07016485,0.6328544,0.00203859,0.10880094,0.00028136,1.893e-05,0.32768822,0.00551955,0.13001467,0.00079909,2.21e-05,0.00100456,0.00014563,0.00044282,7.95e-06,5.01e-06,2.61e-06
1.3.46.670589.30.1.6.1.963334151171.1575358408531.2.png,0.0243926,9.301e-05,0.5667355,0.04843716,0.00029499,0.00439292,0.590072,0.00572034,1.194e-05,0.00013847,0.17009155,0.00036951,0.00314375,0.04966996,0.00015846,0.00011472,0.13991037,3.12e-06,0.1652898
1.2.840.113619.2.370.4.279707905.1606111429.25944.png,0.00090847,0.00209254,0.00019389,2e-06,0.00022712,0.00038131,0.5209799,0.00533455,0.6584065,0.03189976,0.00139949,4.932e-05,2.767e-05,0.00315098,0.00164495,7.411e-05,2.844e-05,0.00700455,0.01089997
1.2.840.113619.2.203.4.279707905.1578513408.848306.1.png,0.06820224,2.38e-06,0.00019681,0.9995575,3.457e-05,0.1650672,0.04419246,0.24947567,0.9990708,0.14561789,4.051e-05,9.5e-07,3.22e-06,0.00134257,3.715e-05,0.000162,2.09e-06,2.013e-05,2e-08
1.2.840.113619.2.203.4.279707905.1578328839.606952.1.png,0.6628823,0.00080272,0.13756025,0.07925254,0.04596102,0.02190047,0.41409528,0.9959306,0.9998305,0.011761,3.08e-06,1.4e-06,0.00024382,0.00010857,0.00054249,2.665e-05,0.0036955,2.541e-05,1.76e-06
1.3.46.670589.30.1.6.1.963334151171.1586263643734.2.png,0.00909367,0.00821194,0.09106941,0.00023183,0.02048414,0.00508202,0.00794532,0.00220051,0.00042781,0.00090002,0.06497194,0.00178844,0.00016754,0.00132847,0.01162366,0.00075363,0.00304254,0.01121036,0.0138558
1.3.46.670589.30.1.6.1.963334151171.1575629462984.2.png,0.9994315,0.00013626,0.94568306,0.84918183,8.606e-05,0.00154084,0.00491702,0.00054976,0.00651466,1.775e-05,0.00032746,1.195e-05,1.402e-05,0.04530536,0.00529241,0.881008,0.00071743,0.00684325,4.789e-05
1.2.840.113619.2.370.4.279707905.1601278043.166567.png,0.86602527,0.56945366,0.02959718,0.00108424,0.00104451,6.02e-06,0.00032458,1.69e-06,4.757e-05,0.07566428,4.749e-05,0.00325521,7.3e-07,6.079e-05,0.7725408,0.00059554,0.0003105,1.5e-07,3.936e-05
1.2.840.113619.2.203.4.279707905.1575497485.29831.1.png,0.9271958,0.05427623,0.64871794,2e-08,5.4e-07,0.02056452,0.00317823,0.00793896,1.62e-06,0.00049404,0.00056212,0.7281931,0.8551039,0.55152196,8.92e-06,4.9e-07,2.95e-06,0.00085404,0.0220853
1.2.840.113619.2.370.4.279707905.1575858294.696244.png,0.12086368,0.07108232,0.00037116,3.862e-05,1.522e-05,3.44e-06,0.00842242,3.92e-06,0.0018248,0.08956169,0.00321734,0.00011854,6.02e-06,0.99201685,0.00153785,1.843e-05,2.4e-06,0.00024487,0.00079094
1.2.840.113619.2.370.4.279707905.1592617393.402195.png,0.13579345,0.00952996,0.9993644,0.3830493,0.63677263,0.06509782,0.4110113,0.00237689,0.00107735,0.00609605,0.0005243,0.00019724,2.362e-05,0.00025216,0.00055761,0.00441899,0.00086647,1.459e-05,0.00042508
1.2.840.113619.2.370.4.279707905.1592528703.119300.png,0.94941086,0.00703673,0.00718036,0.0021763,0.00088358,1.772e-05,0.00193169,6.1e-07,0.09144969,0.00263233,0.00363425,0.0374274,5.802e-05,0.9998908,0.00107885,0.00267799,3.4e-07,1.86e-06,2.245e-05
1.2.840.113619.2.370.4.279707905.1588554060.659575.png,1.871e-05,0.49768287,5.9e-06,0.97046405,1.328e-05,1.352e-05,0.00117347,8.1e-07,5e-08,0.00042409,3.726e-05,0.00011027,0.57244015,2.7e-07,0.26443982,0.01348357,0.00023087,2.2e-07,3e-08
1.2.840.113619.2.203.4.279707905.1576532142.900250.1.png,0.3028527,0.06914258,0.20846342,0.7671451,0.00340253,0.4499565,0.00114836,0.78591794,0.02370806,0.87222815,0.00041581,1.51e-05,5.177e-05,0.00097253,0.0446101,0.0055224,0.00100459,1.344e-05,0.00011141
1.2.840.113619.2.370.4.279707905.1605332897.582963.png,0.1904302,0.9293027,0.00331812,0.01456763,0.02717234,0.00123672,0.48384005,0.00029836,0.00338937,1.516e-05,0.348341,0.01999724,0.00040174,0.01576923,0.01958845,0.00808783,0.00049851,5.71e-06,0.0006279
1.2.840.113619.2.370.4.279707905.1590996667.705133.png,0.9778772,0.0035957,0.3278387,0.06279169,0.10808659,0.0002533,0.00437788,0.02163298,0.01473405,1.14e-05,3.88e-05,5.61e-06,0.00013682,0.00025774,0.01912617,0.00047677,0.3000776,1.55e-06,0.00024487
1.2.840.113619.2.203.4.279707905.1587130809.941633.1.png,0.00350874,0.9449998,0.0333832,0.00018874,0.06622794,7.232e-05,0.3216007,0.9047885,0.49450523,0.00173874,0.00032131,0.01639084,0.25772718,0.00073488,0.02496076,1.709e-05,0.00197375,2.975e-05,5.856e-05
1.2.840.113619.2.370.4.279707905.1578107815.892074.png,0.86884195,0.3393556,0.01703083,0.04670901,0.00034891,4.25e-06,0.00010804,0.00033874,0.0052777,0.055135,0.00022843,0.00921784,4.2e-07,8e-05,0.7710665,0.00127271,0.00010458,2.5e-07,2.954e-05
1.2.840.113619.2.370.4.279707905.1595985234.401367.png,0.00010852,7.987e-05,5.45e-06,5e-08,3.72e-06,8.4e-07,0.00995337,0.00042783,0.00041297,0.1288231,0.00659696,0.02704782,3.565e-05,0.66520643,0.00017519,2.4e-07,1.3e-07,6.31e-06,3e-08
1.2.840.113619.2.203.4.279707905.1589825754.881245.1.png,0.00091834,0.98785454,0.00441722,1e-08,6.6e-07,8.601e-05,1.224e-05,1.43e-06,7.36e-06,0.00014961,5.45e-06,0.01207761,0.99999875,0.00014446,0.00900284,1.6e-07,1.969e-05,0.00045809,3.584e-05
1.2.840.113619.2.370.4.279707905.1577844982.447495.png,0.69684833,0.00026843,0.00054758,0.00149461,2.534e-05,8.177e-05,0.0232006,0.0001521,0.00049573,0.05874874,0.01512088,0.00318536,6.45e-06,0.73903906,0.00062565,1.478e-05,2.69e-06,0.00108106,1.309e-05
1.2.840.113619.2.203.4.279707905.1577742302.728162.1.png,0.04832734,0.24146812,0.00201875,1.619e-05,0.1407171,0.00029759,0.70498085,0.00511129,0.07680249,0.00066834,0.07032438,0.90247095,0.00931347,0.0063245,0.10481089,6.866e-05,3.871e-05,2.527e-05,0.00063082
1.2.840.113619.2.370.4.279707905.1579963356.491187.png,0.01019682,0.16192113,0.00083133,3.71e-06,0.00078685,0.00023505,0.11944553,3.684e-05,0.00314879,0.0368892,0.26794598,0.00558747,0.00098764,0.01374573,0.07211575,1.55e-05,0.00013559,0.00108521,0.0004045
1.3.12.2.1107.5.3.33.2229.11.202011211511230031.png,0.00467661,0.9798114,0.00164525,2.09e-06,8.263e-05,0.021306,3.312e-05,1.97e-06,1.64e-06,0.72675973,0.00405113,0.00010131,0.00498911,0.03154124,0.04615204,8.8e-07,0.00171972,2.3e-07,0.00161491
1.2.840.113619.2.370.4.279707905.1591153226.811814.png,0.48994768,0.21612845,0.3925094,7e-08,0.00635216,0.00244221,0.04238456,3.1e-07,0.00059424,0.00017127,0.03787629,0.00123903,3.27e-05,0.09882158,4.38e-06,2.016e-05,1.075e-05,0.00327131,0.01782857
1.2.840.113619.2.370.4.279707905.1605841692.183853.png,0.17832378,0.07723744,0.0031123,7.419e-05,0.00019664,8.2e-05,0.07947464,2.77e-06,2.555e-05,0.00359917,0.9184544,0.03959006,0.00362596,0.83605206,0.00835936,0.000441,0.00291674,0.00960218,0.00501805
1.2.840.113619.2.370.4.279707905.1576028413.500264.png,0.00318666,0.1311002,0.00020269,0.12615772,0.00606154,0.00024301,0.00099783,1.8e-07,0.00041323,0.99562013,0.00115406,0.00012658,0.00036189,0.13142858,0.08479176,0.00012162,8.761e-05,1.704e-05,9.43e-05
1.2.840.113619.2.370.4.279707905.1575680982.654463.png,0.98074245,0.01230372,0.03077319,0.03885604,0.00159312,0.00569195,0.00015122,0.01280051,0.04421706,0.00861224,0.00037849,7.576e-05,0.000454,0.02592689,0.02634236,0.04099799,0.02436782,0.03513417,0.00030639
1.2.840.113619.2.370.4.279707905.1576934547.857081.png,0.0818347,0.41472596,0.00549759,0.0471607,0.00100778,0.00655996,0.00142602,0.00263965,0.00245521,0.11024188,0.01305488,7.528e-05,0.00497187,0.00502022,0.9352017,0.00122591,0.00905262,0.00011126,0.00157737
1.2.840.113619.2.370.4.279707905.1605579182.95791.png,0.9993863,0.00014488,0.00690077,0.15232849,0.00047687,0.00379556,0.03339752,0.00019443,0.00119318,0.00230955,0.6695835,0.0661385,0.00024364,0.9967912,5.64e-05,0.00076674,0.00011474,0.01731427,6.321e-05
1.3.12.2.1107.5.3.56.1642.11.202005311330150046.png,0.12785272,0.0004236,0.23432457,0.9968131,5.603e-05,0.00032224,4.304e-05,0.10133246,0.02565554,0.00142119,0.00161943,7.659e-05,6.54e-05,8.802e-05,0.00023513,0.72106,0.00066495,0.00017755,0.00016059
1.2.840.113619.2.370.4.279707905.1579229851.757333.png,0.5008495,0.0022332,0.00011327,0.07969041,0.00024743,0.00011223,0.00056934,1.4e-06,0.0036369,0.98278207,0.00074435,2.377e-05,0.00024234,0.99966794,0.00193923,8.6e-06,3.5e-07,0.00018328,0.00101787
1.2.840.113619.2.370.4.279707905.1600494296.751476.png,0.00111152,0.8395611,0.00182106,0.00017538,0.00025733,0.00019543,0.0061505,1.28e-06,8e-05,0.0192351,0.6158715,0.00252659,0.00040979,0.01031774,0.00089599,3.254e-05,1.324e-05,9.06e-05,1.565e-05
1.2.840.113619.2.370.4.279707905.1600060779.775533.png,0.00208945,0.231866,0.00279387,0.00277267,0.00038534,0.00140164,0.00216216,0.01163139,0.08340519,0.00169871,0.9199187,0.14038265,1.348e-05,0.00022695,0.02862869,0.0006804,2.853e-05,9.04e-06,1.43e-05
1.2.840.113619.2.370.4.279707905.1606024519.874602.png,6e-05,0.0003607,0.00042706,0.99923307,2.85e-06,0.01016689,0.00123227,0.0638824,0.9996306,0.00222554,0.00080984,2.8e-07,3e-08,7.5e-07,0.00010149,0.00020478,1.87e-05,1.7e-07,5.5e-07
1.2.840.113619.2.370.4.279707905.1576455235.132493.png,0.9475997,7.997e-05,0.9225594,0.9783811,0.01248362,0.371524,0.17292105,0.00277762,0.86752206,0.00141752,0.00062468,2.816e-05,0.00042442,0.00218765,0.00049439,0.00014204,1.324e-05,8.92e-06,0.00024398
1.2.840.113619.2.203.4.279707905.1578343911.8639.1.png,0.9926118,0.03234538,0.0762572,0.00101075,0.00017958,0.9511888,0.00484938,0.0004628,3.564e-05,0.07148122,0.6056371,0.18357573,0.01542438,0.565961,0.00026946,0.00029492,0.00608603,0.00417566,0.00026537
1.3.46.670589.30.1.6.1.963334151171.1598102648484.2.png,0.12097972,1.62e-06,0.17880543,0.91084707,0.00031245,0.01993921,0.15884769,0.00094479,1.115e-05,2.5e-06,0.24722219,3.9e-06,0.00015296,0.0012105,1.295e-05,9.11e-06,0.40915936,8e-08,0.00523987
1.3.46.670589.30.1.6.1.963334151171.1576095749640.2.png,0.0011755,1.1e-07,0.02684932,0.9325091,0.00241998,0.11221755,0.24992706,0.0178835,0.00414176,4.35e-06,0.1308984,5.396e-05,0.0001741,0.0006916,1.74e-06,0.00106816,0.7857462,2.646e-05,0.01103603
1.2.840.113619.2.203.4.279707905.1574968000.205414.1.png,0.00011225,0.00011299,1.3e-07,6.1e-06,1e-06,3e-08,0.00013301,0.00371277,8.495e-05,4.491e-05,0.00335323,0.00107693,0.00046278,0.9626535,3.491e-05,3.2e-07,1e-08,0.7018288,7.3e-07
1.2.840.113619.2.370.4.279707905.1576139109.510893.png,0.00016649,0.30738607,0.00884311,0.00306411,0.04512822,0.04547832,0.12915404,4.15e-06,0.00077167,0.9853644,0.00214859,0.00020908,0.00035811,0.00164489,0.00741174,0.00022095,2.248e-05,0.0041744,5.726e-05
1.2.840.113619.2.370.4.279707905.1598403703.539837.png,0.10124931,0.01003299,0.11229904,1.99e-05,0.01225528,0.08826181,0.74719405,0.00437439,0.00346493,0.0139074,0.00082397,0.00169042,0.00075966,0.01006849,0.00034684,0.000611,4.866e-05,0.03367038,0.00192864
1.2.840.113619.2.370.4.279707905.1578549257.14021.png,0.91889447,0.08728764,0.4493374,0.927694,0.0106487,0.00020967,0.00015878,0.00039697,0.00775961,0.17187412,2.486e-05,6.59e-06,5.347e-05,0.01405665,0.16435432,0.00773034,0.0040863,8.71e-06,0.00174702
1.2.840.113619.2.370.4.279707905.1602383785.606714.png,0.00059023,7.237e-05,0.00071372,0.9700457,4.08e-06,0.00052963,0.00486306,0.0192677,0.99942845,0.00041313,0.00348291,0.0001158,6e-08,0.00025048,5.299e-05,3.024e-05,1.96e-05,3e-08,2e-07
1.2.840.113619.2.370.4.279707905.1574924649.195213.png,0.04010589,0.09601287,0.07685146,0.0,5.257e-05,3.063e-05,0.00853389,3.841e-05,1.61e-06,0.00286038,0.43579087,0.77337384,0.51695895,0.2536202,0.02100291,1.65e-06,0.00042806,6.04e-06,0.00054222
1.2.840.113619.2.203.4.279707905.1574697569.140939.1.png,0.00026334,0.0913448,3.691e-05,0.00066949,0.00227053,0.00453847,0.9540627,0.00011401,0.02145878,0.00073764,0.3209615,1.199e-05,7.87e-05,0.01012281,0.00011701,5.6e-07,1.19e-06,0.00024479,5.82e-06
1.2.840.113619.2.370.4.279707905.1575698601.871352.png,0.00010405,0.9989284,2.903e-05,8.24e-06,0.00420707,0.03609583,0.00071802,7.79e-06,3.351e-05,0.89014417,0.01069605,7.244e-05,0.00068719,0.00019359,0.90586823,5.57e-05,4.691e-05,0.00020009,2.339e-05
1.2.840.113619.2.203.4.279707905.1579546929.557400.1.png,0.7864232,0.00185197,0.91801834,0.14875375,0.97945446,0.98039687,0.99523634,0.5807601,0.25092676,0.00985331,0.00062224,0.0014264,0.00370623,0.00021114,0.00021379,0.00084048,0.00301843,0.00029633,7.484e-05
1.3.12.2.1107.5.3.33.2229.11.202010311550170031.png,0.98728395,0.01257494,0.00031195,0.00408936,0.00749896,0.0179543,0.00058938,0.00010718,0.02023632,0.00419234,0.00407417,0.21848457,0.00102493,0.7305985,0.00731839,0.000345,6.954e-05,4.522e-05,0.0001279
1.2.840.113619.2.370.4.279707905.1598257467.411938.png,0.003586,0.36388373,0.01212364,0.0445918,0.05713868,0.46165016,0.03165226,0.00050166,0.00811625,0.01663441,0.15324418,0.32678926,0.00354641,0.00399415,0.00044711,0.00018601,0.00099303,7.19e-06,9.778e-05
1.2.840.113619.2.370.4.279707905.1586225544.2589.png,0.06372198,0.60849583,0.06646275,7.401e-05,0.00369695,8.06e-06,0.19409043,0.00149804,0.00051315,0.00221843,0.0018173,0.30759066,0.00139443,0.00052402,0.9496644,0.00035301,0.00270881,1.59e-06,0.00176124
1.2.840.113619.2.203.4.279707905.1577132569.124709.1.png,1.1e-07,0.98812664,1.33e-06,7e-07,2.387e-05,0.01620306,0.00413067,0.25322053,0.00174975,0.01837754,0.21864223,3.476e-05,0.01230866,5.23e-06,2.939e-05,1.43e-06,1.25e-06,0.00010018,5e-08
1.2.840.113619.2.370.4.279707905.1595558846.788097.png,0.2095787,0.27391523,0.03067572,1.5e-07,8.88e-06,0.00052694,0.1417622,0.01030652,4.101e-05,2.947e-05,0.00127317,0.05671668,0.5376012,0.15199701,6.641e-05,3.709e-05,1.739e-05,0.0009167,0.0262049
1.2.840.113619.2.370.4.279707905.1590284518.504256.png,0.07661236,0.05369308,0.00389987,0.98282,0.15082881,0.08822666,0.33617604,0.00200355,0.59131473,0.05736424,0.08014802,0.00087645,5.106e-05,0.01207703,9.791e-05,0.00024228,0.00013875,6.82e-06,3.35e-06
1.2.840.113619.2.370.4.279707905.1595568613.780643.png,2.837e-05,0.99896014,3e-08,3e-08,0.0,8.4e-07,0.00048001,0.00041116,4.88e-06,1.7e-07,0.00070424,0.37018484,0.99999034,9.61e-06,0.00907457,1.081e-05,8.6e-07,6.8e-06,3.5e-07
1.2.840.113619.2.203.4.279707905.1576179750.840004.1.png,0.02729586,1.231e-05,7.444e-05,0.01278077,0.08241622,2.2e-06,0.56572264,0.8397776,0.64338887,0.00042925,0.00031395,1.912e-05,3.169e-05,0.00461218,0.00018165,5.68e-06,1.047e-05,4.774e-05,3.1e-06
1.2.840.113619.2.370.4.279707905.1578359595.650492.png,0.00824107,0.00467428,1.83e-06,2.58e-06,0.00012937,5.844e-05,0.06205482,0.16691667,0.00240963,2.946e-05,0.62552273,0.00028011,0.0001555,0.0390934,0.00014059,1.323e-05,1.31e-06,0.00755229,0.00010848
1.2.840.113619.2.370.4.279707905.1595841711.351951.png,0.19487251,0.22976288,0.32442728,0.04622962,8.653e-05,0.00075639,0.00018761,0.00806116,0.00085647,0.0345716,4.692e-05,8.772e-05,1.1e-06,0.00050777,0.01559853,0.00073083,0.00066571,9.89e-06,0.00270262
1.2.840.113619.2.370.4.279707905.1589780269.896761.png,0.04310762,0.1967176,0.00051202,9.917e-05,6.616e-05,0.00088835,0.10824379,0.00116637,0.17315112,0.1051107,0.00113465,0.00044016,6.083e-05,0.00530161,0.09697072,0.00139186,3.197e-05,0.00613253,0.0011784
1.2.840.113619.2.370.4.279707905.1591584274.392863.png,0.21607433,0.01121736,0.00078139,0.14424278,0.00158634,0.00031392,0.00287994,2.01e-06,0.00047671,0.0626537,0.00717909,0.00014593,0.00029475,0.99782866,0.00113771,0.0002074,1.89e-06,0.00036196,0.00123407
1.3.12.2.1107.5.3.56.1642.11.202010271638480406.png,0.15470165,1.67e-06,0.03207775,0.9991309,0.00016052,0.0002487,7.09e-05,0.01017838,0.02426264,2.312e-05,0.01966601,9.075e-05,3.2e-07,2.508e-05,3.56e-06,0.9277103,0.00036331,2.516e-05,2.864e-05
1.2.840.113619.2.370.4.279707905.1575338544.986435.png,0.00013459,0.04683395,0.00051319,9.77e-06,0.00411979,0.01532704,0.6040329,0.01916152,0.3208228,0.30751863,0.03381652,0.01644266,0.00013844,0.00122056,0.01060857,3.721e-05,6.395e-05,0.00011087,8.08e-06
1.2.840.113619.2.203.4.279707905.1576874466.174207.1.png,1.71e-06,0.00141625,6e-08,2.89e-06,0.00127207,9.69e-06,0.00095655,0.9902429,0.01543589,0.00028995,9.996e-05,1.739e-05,0.00089973,7.094e-05,0.00047848,1.42e-06,1.06e-06,0.3596349,4.3e-07
1.3.12.2.1107.5.3.56.1642.11.202005061533280203.png,0.44578257,0.05951412,0.00572712,0.15256816,0.04692237,0.00018985,0.00273755,0.00113683,0.00862253,0.00078565,0.00097349,0.06031753,0.90492904,0.00132399,0.02222784,0.01235397,0.0364555,0.00271731,0.00152332
1.2.840.113619.2.370.4.279707905.1600500956.612359.png,0.0004673,0.01468497,0.00145755,2e-08,3.764e-05,0.00047203,0.762251,0.00314302,0.00159378,0.0002503,0.00114336,0.84626913,0.9970577,0.00439947,0.0023168,7.938e-05,3.4e-06,0.00129487,0.00011675
1.2.840.113619.2.370.4.279707905.1600477339.923044.png,0.00752418,0.9862174,1.8e-07,1.185e-05,9.18e-06,0.00013922,4.192e-05,1.1e-06,1.01e-06,0.3169694,0.00044484,1.76e-06,3.147e-05,0.00130545,0.9802725,0.00011895,7.143e-05,0.00045054,2.37e-05
1.2.840.113619.2.203.4.279707905.1579728933.320913.1.png,0.01712422,0.5381766,0.02721408,0.56979614,0.01794866,0.74925226,0.03347604,0.4692402,0.00825512,0.0027116,0.0001765,7e-05,0.06715482,0.00023065,0.0302163,0.00087508,3.945e-05,0.00138349,0.0008583
1.2.840.113619.2.370.4.279707905.1602659627.75618.png,0.74625975,0.00081406,0.99800205,0.99994826,0.5972395,0.72457576,0.6335263,0.07489468,0.01675517,9.784e-05,1.725e-05,8.94e-06,9e-05,0.000227,5.528e-05,8.668e-05,0.0024599,4.47e-06,0.00016655
1.2.840.113619.2.203.4.279707905.1591384470.852505.1.png,0.7827757,5.34e-06,7.05e-06,0.00567462,0.00083151,0.00106327,0.14250629,0.5249735,0.99912834,0.00206376,6.391e-05,0.00041141,0.00059699,0.9975847,9.673e-05,4.65e-06,1e-07,0.33048493,2.185e-05
1.2.840.113619.2.370.4.279707905.1597819324.884439.png,0.9817902,0.03389199,0.0852014,6.023e-05,0.00074439,0.01129408,0.02002368,0.00200955,1.34e-06,0.0217987,0.18349436,0.03006682,0.00076905,0.6597441,0.00228972,0.00239939,0.00300608,0.07661974,0.04671743
1.2.840.113619.2.370.4.279707905.1575529239.457868.png,0.01876245,0.58001333,0.00218401,0.22773819,0.01374877,0.01266639,0.05225824,0.00731513,0.0003717,0.07179925,0.54081637,0.00214153,0.00010346,0.03427342,0.00260362,0.00083987,2.548e-05,0.0016084,0.00028258
1.3.12.2.1107.5.3.56.1642.11.202007231520240687.png,0.33886865,0.5733209,0.30761334,0.09357841,0.00095185,1.188e-05,0.00504741,0.00106287,0.00137715,0.00071281,0.00076565,0.00035891,0.00012468,0.00095627,0.00295922,0.01086019,0.00775547,0.00036583,0.00130832
1.2.840.113619.2.203.4.279707905.1574786557.693718.1.png,0.98717314,0.00646357,0.02011331,8.528e-05,0.00187646,0.11321529,0.00102351,0.00482262,0.03894202,0.02890394,6.326e-05,0.00058722,0.00278596,0.0344902,1.749e-05,0.00017807,0.00030465,0.9568579,0.00029063
1.2.840.113619.2.370.4.279707905.1583048783.516579.png,0.00300205,0.00095589,0.0070871,0.99304307,0.00085699,0.00115022,0.01825458,0.07088959,0.9946084,0.00220245,0.01270539,1.59e-05,1e-06,2.738e-05,0.00119439,0.00091551,2.54e-06,3.12e-06,9.37e-06
1.2.840.113619.2.370.4.279707905.1579398261.459216.png,0.02970723,8.62e-06,0.17637981,0.998912,0.00018009,0.03838328,0.00076768,0.04887786,0.99394107,0.00140007,0.00090907,7.22e-06,4.79e-06,2.669e-05,0.00012141,0.00109682,4.45e-06,2.22e-06,1.31e-06
1.3.12.2.1107.5.3.33.2229.11.201911231412520765.png,0.00246976,0.00362035,0.0031733,0.14373124,1.047e-05,0.06240458,0.00052364,0.22038642,0.62630254,0.7552387,0.06225234,0.00065006,4.17e-06,0.00015587,2.556e-05,1.399e-05,0.00088464,6.9e-07,5e-08
1.2.840.113619.2.203.4.279707905.1575058775.500991.1.png,0.9987004,3.81e-06,0.00063715,0.32488003,0.00203653,0.35663587,0.0030395,0.00338194,0.10488826,0.2535666,9.14e-06,0.00023868,3e-06,0.00454143,2.236e-05,0.00591803,3.01e-05,0.18796596,7.61e-06
1.2.840.113619.2.370.4.279707905.1603092749.216156.png,0.66500103,2.154e-05,0.00099657,0.9778075,4.786e-05,5.972e-05,0.00216567,0.00012926,0.9995035,0.00024708,0.00059833,0.0106063,2.3e-07,0.01437275,0.00026618,8.501e-05,3.17e-06,5.25e-06,8.2e-07
1.2.156.112536.2.560.64226048152091077.1335098075387.22.png,0.00573834,0.01557345,0.00016324,0.89575315,0.00053288,0.0283526,0.01593076,0.011068,0.00587827,0.00393334,0.0244164,0.00367734,0.01656816,0.00060128,0.00064398,0.00137135,0.7326647,7.021e-05,1.193e-05
1.2.840.113619.2.370.4.279707905.1577944704.591524.png,0.93361646,1.23e-06,0.7834674,0.9996718,1.095e-05,0.04069669,0.00081936,0.00056291,0.99248064,0.00023219,5.656e-05,5e-07,2.5e-07,0.00179174,1.247e-05,0.0201661,2.82e-06,3.02e-06,1.07e-06
1.2.840.113619.2.203.4.279707905.1574783842.437607.1.png,0.9977384,4.316e-05,0.00176043,3.563e-05,0.0001819,0.17113803,0.1698599,0.00411679,0.19612303,0.02704194,8.41e-06,0.00029098,3.582e-05,0.01028074,1.498e-05,0.00021653,7.034e-05,0.76120985,2.162e-05
1.2.840.113619.2.370.4.279707905.1577329898.699947.png,0.4021867,0.00563387,0.9948612,0.36320245,0.00225993,6.29e-05,0.0542517,0.00603284,3.147e-05,7.5e-05,5.228e-05,0.00222213,2.484e-05,9.34e-05,0.00337891,0.10113329,0.00749855,5.7e-07,0.01127992
1.2.840.113619.2.370.4.279707905.1576890453.517600.png,0.25923675,0.08929045,3.683e-05,0.0003323,0.00449824,0.0477836,0.12557046,0.11858453,0.3480654,0.00595759,0.06598676,0.00252221,4.395e-05,0.05617942,0.07602773,0.00043082,9.31e-05,7.348e-05,0.00029093
1.2.840.113619.2.370.4.279707905.1602207476.108293.png,0.00033819,0.9933321,0.00042784,0.00028173,0.00240401,0.00017802,0.1794019,0.00152347,5.144e-05,3.891e-05,0.94523114,0.37527615,0.06128764,9e-05,0.00174198,0.00010874,0.00229495,2.1e-07,4.899e-05
1.2.840.113619.2.370.4.279707905.1578712545.283584.png,0.3517993,0.0268812,0.000541,0.02033417,0.00305234,0.00607976,0.13471393,0.00745051,0.03115766,0.00519,0.013878,0.00049778,0.00044544,0.08151706,0.00232623,0.00127671,0.00012804,0.02315821,0.00160272
1.2.840.113619.2.370.4.279707905.1587369482.43667.png,0.10897968,2.343e-05,0.04921628,0.03777371,0.18026745,0.00046942,5.996e-05,0.03519934,0.89419293,0.00027893,0.00197712,0.9974906,5.02e-06,0.00031502,0.00029885,9.036e-05,4.123e-05,3.5e-07,1.17e-06
1.2.840.113619.2.370.4.279707905.1579161231.782152.png,0.00010148,0.5925583,3.89e-06,0.00119822,0.00027948,0.00038611,0.06414144,0.6458506,0.1553447,0.1274449,0.00519751,9.36e-06,0.00011847,0.00012307,0.01713581,3.488e-05,3.588e-05,0.00015253,0.00013155
1.2.840.113619.2.370.4.279707905.1605572379.886074.png,0.00020504,0.38431555,0.00304644,0.00025913,0.00081671,0.00063425,0.00389796,1.873e-05,2.404e-05,0.7530004,0.6499103,0.00075467,7.251e-05,0.8522768,0.00026642,7.28e-06,1.216e-05,0.0001034,2.186e-05
1.2.156.112536.2.560.64226048152091077.1335489417288.4.png,0.04008084,0.43721753,0.00146386,0.00512688,0.01165498,0.05929904,0.00022107,0.01785901,0.00081982,0.00088973,0.14497256,0.00382528,0.13063492,0.00017912,0.00149119,0.00069994,0.41604596,0.00301708,0.00080817
1.2.840.113619.2.370.4.279707905.1605856134.267784.png,0.0049986,0.1904039,0.00054248,2.77e-06,0.00026158,9.57e-06,0.907429,0.00286435,0.00046269,0.00025049,0.24993695,0.7212756,0.20347483,0.0058518,0.4097576,0.00077168,9.036e-05,3.19e-05,0.00047791
1.3.12.2.1107.5.3.56.1642.11.202005041422160593.png,0.7997613,1.3e-07,0.74797595,0.99989146,8.75e-06,0.00142037,0.00193617,0.2146803,0.99954224,0.00016059,1.479e-05,6.887e-05,3.5e-07,4.57e-06,1.73e-06,0.0012859,3.666e-05,1.166e-05,8.6e-07
1.2.840.113619.2.370.4.279707905.1581995183.23694.png,0.37575367,0.8532398,0.01640672,0.00067766,0.00624859,0.06704443,0.00012643,2.82e-05,0.00013221,0.3953964,0.00039428,0.00015207,0.00074523,0.01605868,0.28873757,0.00131878,0.00985486,0.0379762,0.00044088
1.2.840.113619.2.370.4.279707905.1603439918.406654.png,0.52559626,0.05541042,0.5773707,0.40269685,0.05313748,0.00031987,8.16e-06,0.00016835,0.00030769,0.11623792,0.00032671,3.212e-05,0.00105292,0.03031314,0.04059117,0.00695449,0.01306211,0.00012481,0.07833914
1.2.840.113619.2.370.4.279707905.1597715841.912153.png,0.01112423,0.00468914,5.669e-05,0.00018302,0.00063499,2.381e-05,0.02040151,0.00269041,0.18798348,0.9818286,0.00046728,0.00511695,9.91e-05,0.9958055,0.0017063,3.575e-05,1e-06,3.379e-05,0.00018312
1.2.840.113619.2.370.4.279707905.1599896811.367621.png,0.06384188,0.9796087,0.00028015,7e-08,4.37e-06,3.371e-05,0.02033291,2.879e-05,0.00013913,5.99e-06,0.05515839,0.47429892,0.97471166,0.0126534,0.00075678,0.00011787,6.75e-06,0.00071685,0.00019066
1.3.46.670589.30.1.6.1.963334151171.1603715123562.2.png,0.00211099,4.222e-05,0.00684294,0.9987956,0.00050722,0.00083009,0.00140254,0.00077083,5.308e-05,0.00030033,0.00135846,5.82e-06,9.074e-05,0.00020425,8.309e-05,0.00054526,0.9948527,6.311e-05,0.00047362
1.2.840.113619.2.370.4.279707905.1603498682.843444.png,0.9336257,3.002e-05,0.9867187,0.6553769,0.00712608,0.00779776,0.00511117,0.00270008,0.00290602,0.00239501,5.703e-05,0.21496682,1.736e-05,1.003e-05,3.802e-05,0.00022227,2.274e-05,4.331e-05,1.94e-06
1.2.840.113619.2.370.4.279707905.1605749416.699541.png,0.13571492,2.362e-05,0.02034509,0.90257794,0.30648527,0.14523284,0.14625406,0.00073647,0.8445496,0.0241016,0.00139475,0.01105436,4.832e-05,0.2380739,0.00038024,0.00013007,0.00011403,8.832e-05,1.608e-05
1.2.840.113619.2.203.4.279707905.1574787021.232198.1.png,0.21016657,7.82e-06,0.01170844,0.16454366,0.273651,0.0083804,0.01591326,0.73626417,0.9988317,0.00036167,0.00016505,0.00012326,0.00020222,0.00077968,0.00041529,6.516e-05,0.00146449,0.00262137,7.13e-06
1.2.840.113619.2.203.4.279707905.1589834888.865134.1.png,0.99999493,5.86e-06,0.0872857,0.99890625,0.00036999,0.11616267,0.00081025,0.24818508,0.00068303,0.00404747,0.0001184,4.306e-05,4.16e-06,2.097e-05,1.315e-05,0.00038962,0.00036681,0.00051284,2.9e-06
1.2.840.113619.2.203.4.279707905.1584036456.741422.1.png,0.29631814,0.00026417,3.687e-05,0.00098109,0.0001437,0.0430798,0.91607183,0.01743625,0.93868995,0.37987652,0.00118955,0.00066563,0.00162406,0.45363733,0.00519435,1.569e-05,9.249e-05,0.00059388,0.00014135
1.2.840.113619.2.203.4.279707905.1603999255.598036.1.png,0.99801034,0.00159128,0.00335148,0.10484599,0.00012252,0.08721519,0.00599644,0.06033336,0.9834518,0.03103822,3.042e-05,3.898e-05,5.885e-05,0.00391657,0.00046872,0.00024691,0.00039121,0.49233115,1.984e-05
1.2.840.113619.2.370.4.279707905.1578099533.387025.png,0.0239886,0.3275288,0.02802118,0.0007018,0.00095828,2.778e-05,0.16877449,3.101e-05,4.786e-05,0.0005726,0.00013008,0.8383467,0.74128866,0.00040555,0.95576173,0.0026272,0.00127701,2.089e-05,7.151e-05
1.2.840.113619.2.370.4.279707905.1593580144.522823.png,0.19629785,0.00674396,0.58540493,1.4e-07,5.484e-05,3.887e-05,0.01011148,2.375e-05,1.29e-06,0.00051946,0.02525183,0.9891894,0.99194795,0.0314225,0.00022256,2.191e-05,1.873e-05,0.00055965,0.00010617
1.2.840.113619.2.370.4.279707905.1576545162.673535.png,0.9763216,0.01001591,0.01980408,0.00031945,5.627e-05,0.0028802,0.44208047,0.11510875,0.0026849,0.11443543,0.03661784,0.00887958,0.00028861,0.78561234,0.00102044,9.397e-05,0.0001789,0.00426088,0.06095395
1.3.12.2.1107.5.3.33.2229.11.202008241446500890.png,0.0165949,0.04590018,0.00149591,0.09558152,0.00022831,2.98e-06,0.6239071,0.00032002,0.00152924,2.258e-05,0.00078483,0.79752105,0.93468595,0.0001232,0.00038711,1.543e-05,0.00044794,3.546e-05,6.68e-06
1.2.840.113619.2.370.4.279707905.1601347244.587020.png,0.10657344,6.619e-05,0.75632,0.13601099,0.00155545,0.00371503,0.00087482,0.7139371,0.09680176,0.00097945,0.00322699,0.04269068,1.382e-05,6.081e-05,0.00031974,8.995e-05,5.31e-05,7.02e-06,1.793e-05
1.2.840.113619.2.370.4.279707905.1603246375.452110.png,0.02335305,0.6496209,0.00015229,1.036e-05,0.04130407,7.422e-05,0.52906644,0.00013977,0.3438657,0.00491615,0.61164606,0.925369,0.00107921,0.07895344,0.02285792,0.00025478,0.00023709,1.53e-06,1.945e-05
1.3.12.2.1107.5.3.56.1642.11.202008201601230687.png,0.8505411,0.00043355,0.99667007,0.99952745,8.985e-05,0.00217762,1.272e-05,1.728e-05,0.00084135,0.00364068,1.79e-06,6.62e-06,1.09e-06,1.341e-05,1.861e-05,0.03832072,0.00016414,8.77e-06,0.01838184
1.2.840.113619.2.203.4.279707905.1586803562.220047.1.png,0.00380614,1.714e-05,0.01142001,0.8545497,0.00042383,0.3162066,0.00032606,0.99872035,0.99656385,0.7945755,6.444e-05,1.255e-05,3.2e-06,7.333e-05,1.02e-06,3.761e-05,0.00930846,7.196e-05,2e-08
1.2.840.113619.2.203.4.279707905.1588270194.777524.1.png,0.37346333,0.00015211,0.00343244,0.00014532,0.03770573,0.91693455,0.4185508,0.01835028,0.33643767,0.3683142,0.00042087,0.00449232,0.0001842,0.03875958,5.07e-06,0.00053307,0.0001765,0.16889562,0.00047787
1.2.840.113619.2.203.4.279707905.1574969205.714954.1.png,0.01794185,0.00062305,0.03480587,0.16140456,0.79566866,0.18959534,0.74197906,0.00026285,0.08180474,0.06080283,0.01460763,0.00616025,0.00038327,0.03201415,0.00013754,0.00073417,9.93e-06,0.01165583,3.677e-05
1.3.12.2.1107.5.3.33.2229.11.201912181130340203.png,1.249e-05,8.595e-05,4.903e-05,0.99984306,5.64e-06,2.194e-05,4.46e-05,0.00084978,0.01026163,4e-07,0.03494646,4.65e-05,0.00012256,4.04e-06,0.00034141,0.00233512,0.09532668,2.24e-06,1.72e-06
1.2.840.113619.2.370.4.279707905.1578828047.478918.png,0.99569786,0.00011742,0.1828423,0.9995499,0.00024404,0.00438566,0.00011043,0.00080423,0.00031081,0.6730124,1.391e-05,0.00133789,1.44e-06,4.7e-06,0.00012825,0.00050156,8.57e-06,5.124e-05,1.3e-07
1.3.12.2.1107.5.3.56.1642.11.202007081546230921.png,0.7061467,0.00010579,0.3462096,0.8078254,3.36e-06,0.00158741,0.00027753,0.02298092,0.1273382,0.06526396,7.14e-06,4.1e-07,1.2e-07,6.555e-05,7.064e-05,0.08779642,0.01868644,5.373e-05,4.714e-05
1.2.840.113619.2.370.4.279707905.1603757682.824124.png,0.655341,0.00367642,0.96659744,0.00018989,0.00507746,6.084e-05,0.96199346,0.00218123,0.00019877,7.455e-05,1.53e-05,0.00011654,2.878e-05,0.00063738,0.00151763,0.00015682,0.00274404,0.00191252,0.3402641
1.2.840.113619.2.370.4.279707905.1576289302.915438.png,0.0005073,0.99812394,6.5e-07,4.87e-06,0.00014497,4.439e-05,0.01690219,0.00677497,0.00024486,0.15168996,0.56882024,7.75e-05,0.00189759,0.01117368,0.7735373,0.00018353,8.03e-06,8.237e-05,0.00040628
1.2.840.113619.2.370.4.279707905.1602291312.210877.png,0.525078,0.1736493,0.6753423,0.00033125,0.0002148,5.13e-06,0.02254802,0.00471876,0.00209317,0.0004185,8.722e-05,0.10263243,0.00020811,0.00066801,0.01352605,0.00034717,0.000976,3.756e-05,0.03485882
1.2.840.113619.2.203.4.279707905.1585840812.190395.1.png,0.93996674,0.01380182,0.00986516,0.00181155,0.5930068,0.98890823,0.00376946,0.00078878,0.01325312,0.3034185,0.00793326,0.04839859,0.00013525,0.31034157,0.00039036,0.00647716,6.777e-05,0.0924518,0.00207838
1.2.840.113619.2.370.4.279707905.1598325881.80636.png,0.8985791,0.00523284,0.04032322,0.12404002,0.00056332,0.00168542,0.02735088,1.672e-05,0.06460012,0.00113365,0.00581124,0.00118866,4.481e-05,0.4824269,0.00444457,0.00464545,7.128e-05,0.00089431,0.00023226
1.2.840.113619.2.370.4.279707905.1577928327.948570.png,0.02138769,0.01396688,0.00926556,0.71028554,0.02485906,0.00709775,0.0123093,0.00041884,0.1768265,0.43077993,0.0058678,0.00078855,0.00014664,0.00643655,0.11501953,0.00086398,0.00015183,5.282e-05,0.00133519
1.3.12.2.1107.5.3.33.2229.11.202010071415170046.png,0.008106,0.01725117,1.296e-05,0.00249469,4.701e-05,0.00023555,0.43858615,4.77e-06,0.03503228,0.03594352,5.419e-05,4.434e-05,1.89e-06,8.808e-05,0.26932532,0.00206542,2.39e-06,0.00037134,3.01e-06
1.2.840.113619.2.370.4.279707905.1599357722.112749.png,0.9881725,0.09722064,0.44508567,0.00089567,0.01313624,5.001e-05,0.00059835,0.0036134,0.00012286,0.00575852,1.054e-05,0.72822344,2.218e-05,0.00028266,0.00143755,7.17e-05,0.00765422,1.315e-05,0.00143186
1.2.840.113619.2.370.4.279707905.1578184896.437220.png,0.01933027,0.19715191,0.12668145,0.00233954,0.03288863,0.00036142,0.42449367,0.00359459,9.229e-05,8.883e-05,0.8429934,0.00553745,0.00120243,0.00201457,0.00424279,0.00017732,0.00135799,3.714e-05,0.00226059
1.2.840.113619.2.203.4.279707905.1578341227.469492.1.png,0.00039153,0.35103828,1.03e-06,6.55e-06,5.672e-05,0.08950037,0.00078103,0.4192187,0.00593336,0.7047852,0.00205506,3.729e-05,0.00112183,0.00076004,0.02721453,4.897e-05,2.73e-06,0.00957332,0.00010908
1.2.840.113619.2.370.4.279707905.1599284270.765612.png,0.01615798,0.00035956,0.45602557,0.91436297,6.145e-05,0.00617586,0.00607262,0.63505906,0.998024,0.04066567,3.99e-06,3.126e-05,1.23e-06,7.01e-06,4.51e-06,4.07e-06,0.00706484,4.56e-06,5.662e-05
1.3.46.670589.30.1.6.1.963334151171.1579955464078.2.png,0.01505206,6.914e-05,0.47179204,0.0008154,0.00024724,0.00548163,0.09503903,0.4832064,0.01465446,1.942e-05,0.53160155,7.275e-05,4.137e-05,8.38e-05,7.29e-06,0.00088802,0.00669418,2.616e-05,0.01155607
1.2.840.113619.2.370.4.279707905.1576479355.307278.png,0.02005594,0.08306996,0.00252116,0.00350011,0.00042052,0.00013778,0.16917798,0.00140683,0.02907328,0.0091342,0.0347426,0.00015051,0.00018314,0.00533081,0.00856849,9.989e-05,0.00186011,0.00597134,0.00080354
1.2.840.113619.2.370.4.279707905.1599541356.104587.png,0.00148556,0.69471115,0.16469856,0.00041689,0.01271212,0.00031898,7.514e-05,7.75e-06,2.011e-05,0.00498978,6.87e-05,0.60646665,0.9598836,0.0001222,0.64039606,4.562e-05,0.02441448,2.556e-05,4.107e-05
1.2.840.113619.2.370.4.279707905.1578727664.437038.png,0.0006189,0.21610092,0.00110033,1.7e-07,1.229e-05,0.00162698,0.08663299,0.95268655,0.07843218,0.00517749,0.02139378,0.00160879,0.0389093,0.0026641,0.00154282,2.72e-06,2.14e-06,3.19e-05,7.243e-05
1.2.840.113619.2.370.4.279707905.1600927998.854294.png,0.05049725,0.00818903,0.00746747,0.6072606,0.0060076,0.00030932,0.00142791,6.081e-05,0.9317817,0.00015805,0.16820292,0.0009915,4.06e-06,0.00204846,0.04344839,0.00902117,1.283e-05,7.88e-06,2.856e-05
1.2.840.113619.2.370.4.279707905.1579928863.226403.png,0.00295036,0.00196079,0.00010231,2.79e-06,0.00050172,0.00015585,0.18895578,0.00391759,0.00094632,0.00385855,0.73608106,0.8960038,0.0067637,0.1008677,0.00716299,2.484e-05,2.249e-05,4.37e-06,1.205e-05
1.2.840.113619.2.203.4.279707905.1576011317.75455.1.png,0.00180057,0.06073169,2.538e-05,0.00159591,0.00020537,0.86588293,0.14668891,0.36961395,0.00701791,0.7146033,0.00158913,0.0003917,0.00098453,0.02563802,0.00101959,0.00010354,6.83e-05,0.02629826,0.00030689
1.2.840.113619.2.370.4.279707905.1599717330.245777.png,0.00205414,0.9367148,0.06358563,0.00011356,0.00075041,0.00086936,0.01892627,0.00324565,0.00080206,0.00025553,0.8838032,0.01205102,0.00679632,0.00184933,0.00260711,0.00032657,0.00017522,1.182e-05,0.00067571
1.2.840.113619.2.370.4.279707905.1594779542.160339.png,0.16444634,0.19322371,0.00115661,0.6756025,0.00120741,0.00011885,0.00143779,6.834e-05,0.00074151,0.04811304,0.00044422,1.96e-06,9.094e-05,0.003523,0.73011935,0.01311185,0.00243872,0.0002777,0.00034302
1.2.840.113619.2.370.4.279707905.1602836682.225433.png,0.38181257,0.00015917,0.0402099,0.9704514,0.01314779,0.03295354,0.0086693,7.787e-05,0.972551,0.00925776,0.00654188,0.00658834,1.035e-05,0.84051746,8.488e-05,0.0004852,3.259e-05,2.34e-06,9.81e-06
1.2.840.113619.2.203.4.279707905.1574786492.677041.1.png,0.97206366,0.00183922,0.0089209,4.982e-05,0.0004764,0.03824777,0.02519908,0.00610491,0.03645764,0.0043784,2.228e-05,0.00012663,0.00098474,0.06690173,3.64e-05,5.751e-05,8.079e-05,0.987586,7.818e-05
1.2.840.113619.2.370.4.279707905.1602547759.370724.png,0.16689529,5.061e-05,0.4070135,0.9988564,1.34e-06,0.00667326,0.00704711,0.7898832,0.99979144,0.00251735,1.22e-06,2.1e-07,3e-08,9.77e-06,1.533e-05,9.045e-05,2.79e-06,7.1e-07,2.91e-06
1.2.840.113619.2.370.4.279707905.1579156655.565761.png,0.0015286,9.369e-05,0.00024184,7.02e-06,2.009e-05,2.696e-05,0.5915908,0.31321236,0.0023513,0.00125618,0.04700604,0.00421521,8.008e-05,0.01755431,0.00013065,1.494e-05,7.3e-07,0.00134297,6.96e-06
1.2.840.113619.2.370.4.279707905.1576044459.44485.png,6.85e-06,0.9963303,0.00019614,7.4e-07,0.00017896,0.00051263,0.01862552,1.15e-05,0.00022888,0.02948368,0.81634146,4.028e-05,0.00014671,0.00131656,8.957e-05,4.16e-06,3.75e-06,0.00073667,1.7e-07
1.2.840.113619.2.370.4.279707905.1577438352.507364.png,0.04243422,0.4147468,3.859e-05,0.00107068,3.667e-05,4.217e-05,0.00384196,4.8e-07,0.00160406,0.0680009,0.01439914,1.094e-05,0.0003795,0.05604218,0.7160356,0.00013171,6.1e-05,4.27e-05,0.00028695
1.2.840.113619.2.370.4.279707905.1578729306.198737.png,0.9532884,0.00523116,0.46587625,0.00792776,0.19396222,0.00015749,0.76813054,0.02160068,0.4219399,4.407e-05,0.00128069,0.32813743,2.917e-05,0.00715973,0.00465643,0.00017983,7.127e-05,7.9e-07,0.01473822
1.2.840.113619.2.370.4.279707905.1577141188.672105.png,9.804e-05,0.18972015,2.77e-06,0.00134015,0.00126124,0.00021843,0.13641441,0.0329048,0.06875168,0.00993378,0.19849847,6.34e-06,0.00050154,0.00016527,0.53144723,0.00013401,8.47e-06,8.603e-05,6.176e-05
1.2.840.113619.2.370.4.279707905.1598251426.632053.png,0.5362563,1.936e-05,0.2526084,0.99389887,0.00208003,0.00013905,0.00585127,4.33e-06,0.02486319,0.00039513,2.77e-06,8.9e-07,1.121e-05,6.134e-05,0.00029171,0.06374484,8.52e-06,4.303e-05,0.00148952
1.2.840.113619.2.370.4.279707905.1589856607.262456.png,0.01602939,0.801663,0.00550083,8.119e-05,4.135e-05,8.361e-05,0.00111853,2.43e-06,0.00302853,0.43884948,4.105e-05,5.2e-07,4.982e-05,0.0975926,0.15076374,5.48e-05,0.00011359,0.00019446,0.0265084
1.2.840.113619.2.370.4.279707905.1594176652.944616.png,0.9601806,0.4123414,0.6948652,0.65938836,0.00392982,0.00012192,0.01082595,0.00064724,0.00200149,0.00285135,0.00010643,6.222e-05,0.00039687,0.02083291,0.04855576,0.18544132,0.00993261,1.751e-05,0.00418576
1.2.840.113619.2.370.4.279707905.1581042838.759578.png,0.00587249,0.00112324,8.9e-07,1.35e-06,8.093e-05,0.00021095,0.01639633,0.00132147,0.00157003,0.00709885,0.13518502,7.936e-05,7.684e-05,0.01118346,0.11954888,0.0001916,8.011e-05,0.01785232,0.00024056
1.3.12.2.1107.5.3.56.1642.11.202009051515060703.png,0.04606574,0.00147114,0.06554903,0.9425188,4.026e-05,0.00052392,0.0001007,0.00444403,0.10868739,0.00197402,0.00132787,1.204e-05,2.4e-07,9.049e-05,0.00126445,0.60171556,4.4e-05,9.8e-07,1.257e-05
1.2.840.113619.2.370.4.279707905.1590475041.672270.png,0.7525482,0.16013838,0.2607977,2.07e-06,0.00013098,0.00047788,0.61057544,0.00018848,3.84e-06,0.00036226,0.09653178,0.03730238,0.1471653,0.33232182,0.09156638,6.892e-05,0.00060788,0.00039467,0.00356595
1.2.840.113619.2.370.4.279707905.1593571456.120464.png,0.01381031,0.01700706,0.00454138,0.00122462,0.01931221,0.783698,0.01382352,2.032e-05,0.00048695,0.97830224,0.03198556,0.00038141,0.00035139,0.01893361,0.01825251,6.388e-05,0.00020985,0.0017423,3.534e-05
1.2.840.113619.2.370.4.279707905.1576537123.905896.png,0.05194947,0.49282625,0.13782082,1.8e-07,7.81e-06,6.858e-05,0.00044006,1.969e-05,1.05e-05,0.00650749,0.17532139,0.09600612,0.05470192,0.05477151,0.29293537,4.2e-06,0.00080141,8.14e-06,0.00096072
1.2.840.113619.2.370.4.279707905.1578101762.907445.png,0.06988662,0.01150488,0.00436169,0.0002174,0.00026284,4.59e-06,0.42662215,0.01599066,0.00246511,1.208e-05,0.06995657,0.10638817,0.03680064,0.00722653,0.03049804,0.0051338,0.00079264,8.938e-05,0.03767759
1.2.840.113619.2.370.4.279707905.1576485556.249278.png,0.7344208,0.0733943,0.01925019,0.0078293,0.01200912,0.00448085,0.00116432,0.00011645,0.00011005,0.1283259,0.00665063,0.00018217,1.283e-05,0.09547839,0.1213202,0.00053142,0.00198568,6.56e-06,0.00030591
1.2.840.113619.2.370.4.279707905.1578107680.133175.png,0.0054617,2e-07,0.919992,0.99995005,0.00019833,0.66014576,0.00098086,0.00011359,0.92001826,1.671e-05,8.2e-05,2.693e-05,3.6e-07,8.6e-07,9.9e-07,0.00194178,4e-06,4.7e-07,1.69e-06
1.2.840.113619.2.370.4.279707905.1604880827.864288.png,0.02152594,0.2387052,0.01399038,0.00239876,0.00013315,7.498e-05,0.59766215,0.19143564,0.4480686,0.06478318,2.758e-05,0.00046876,1.667e-05,6.544e-05,0.08390971,1.783e-05,0.00119691,1.44e-06,8.046e-05
1.2.840.113619.2.370.4.279707905.1598936916.231071.png,0.57855666,0.00182932,0.7357064,0.2039948,0.9434693,0.03257584,0.45021483,0.00028479,0.02396169,0.00379532,0.05246371,0.07705166,1.976e-05,0.00405456,0.00010253,0.00018204,0.00016017,0.00018191,0.00035765
1.2.840.113619.2.370.4.279707905.1577054881.939391.png,0.21697395,0.00021796,0.00966611,0.97990453,0.05670701,0.00159123,0.10680571,2.481e-05,0.9971077,0.00122197,0.1906524,0.03237757,3.3e-07,0.00688898,0.00019301,0.00152883,1.33e-06,1.93e-06,2.839e-05
1.2.840.113619.2.203.4.279707905.1578345099.158516.1.png,0.9999194,6.542e-05,0.5690006,0.536327,0.44803867,0.05096096,0.01213608,0.00018584,0.9966445,0.00249287,0.00066696,0.28236514,3.768e-05,0.98573667,7.6e-06,0.00024962,2.73e-06,0.00058066,5.232e-05
1.2.840.113619.2.370.4.279707905.1600935360.334621.png,0.55193484,0.44257167,0.0364664,0.00172583,4.95e-05,1.39e-06,0.06518024,0.00068515,0.00246385,0.00400487,0.00204628,0.8067924,3.4e-06,0.00070255,0.06442682,0.00031892,0.00044548,1.183e-05,5.714e-05
1.3.46.670589.30.1.6.1.963334151171.1576590941437.2.png,0.00128126,1.999e-05,0.13574219,0.9599695,1.282e-05,0.00605716,0.6367923,1.808e-05,9.65e-06,0.00027573,0.0011325,1.706e-05,7.856e-05,3.54e-06,1.907e-05,2.1e-06,0.78061306,7.97e-06,8.705e-05
1.2.840.113619.2.203.4.279707905.1579292861.924500.1.png,0.9524144,0.00019345,6.083e-05,0.0175007,0.00011635,0.00018729,0.52521706,2.248e-05,0.9999389,0.0097909,0.00109936,0.00018162,1.74e-06,0.99804,6.026e-05,6.266e-05,4.75e-06,3.236e-05,1.062e-05
1.3.12.2.1107.5.3.33.2229.11.201912291619010390.png,0.5399733,1.624e-05,0.2548651,0.99509215,0.00634199,0.00095835,0.02818264,0.00705811,0.44158527,0.12410078,0.00030694,0.13399494,0.00010035,0.00079755,0.00011048,6.8e-06,0.00012452,5.2e-07,6.4e-07
1.2.840.113619.2.370.4.279707905.1578621044.864252.png,0.947972,0.00046721,0.06231208,0.73739547,9.731e-05,0.01348406,0.00176854,8.3e-07,0.01274424,0.0188967,0.00114526,0.00064834,0.00052119,0.9810234,8.078e-05,2.804e-05,3.6e-07,0.04890084,0.00010164
1.3.12.2.1107.5.3.56.1642.11.202009041559360531.png,0.90362126,0.00154532,0.9607405,0.9986577,0.00082845,0.12406359,0.01598038,0.01482766,0.00408803,0.00633103,0.00069705,5.432e-05,0.00011743,0.00204303,0.00066426,0.04980392,0.00152753,0.00065443,0.00026717
1.2.840.113619.2.370.4.279707905.1594524167.124275.png,0.5516538,0.00289589,0.8326447,7.05e-06,0.82891995,0.0055639,0.9612909,1.642e-05,0.01514073,3.942e-05,0.05057218,0.98633605,0.00774132,0.00249394,0.00021582,0.00025433,3.813e-05,7.2e-06,0.00017831
1.2.840.113619.2.370.4.279707905.1605244271.296469.png,0.94280875,0.00722879,0.34635893,0.10202782,7.52e-06,5.22e-06,0.00059206,0.00050385,0.01277104,0.01109315,0.00039193,0.36336347,8.4e-07,0.0001484,0.03024024,0.00029514,1.806e-05,2.81e-06,3.38e-06
1.2.840.113619.2.370.4.279707905.1579354121.719015.png,0.00110622,0.945985,8.55e-06,3e-08,3.7e-07,2.148e-05,0.16754238,0.00026835,0.00130737,0.00011405,0.03317774,0.00183979,0.02706323,0.05969456,0.00179139,8.84e-06,1.13e-05,0.0032488,0.00093869
1.2.840.113619.2.370.4.279707905.1576386825.452956.png,0.00733201,0.9536244,0.00070965,0.0011791,0.00360325,0.0003191,0.01118465,0.00080739,0.22221944,0.00435458,0.3342561,0.01947312,3.174e-05,0.00818224,0.01039856,0.00038976,0.00129834,2.3e-06,5.521e-05
1.2.840.113619.2.370.4.279707905.1600397027.891235.png,0.9942746,0.00094103,0.29016736,0.8121579,0.04979854,0.9459124,0.42206025,4.01e-05,7.31e-05,0.0100945,0.00015622,0.00067396,3.152e-05,0.09260388,5.93e-05,0.01117659,0.00014263,0.6709644,3.586e-05
1.2.840.113619.2.370.4.279707905.1604974455.958466.png,0.03939939,0.14506796,0.07084466,4.748e-05,0.0362299,0.00144878,0.79777515,0.00074742,0.00391409,0.00021563,0.24789345,0.93394333,0.0469963,0.00777121,0.01634092,0.00063677,0.00069193,1.23e-06,0.00020881
1.2.840.113619.2.203.4.279707905.1576004666.554842.1.png,0.9996743,3.269e-05,0.58722,0.2968692,0.20288408,0.35904425,0.0207125,1.344e-05,7.164e-05,6.604e-05,0.00057136,0.00103102,0.0008657,0.9754798,1.423e-05,0.01644055,6.82e-06,0.8586976,0.00011005
1.2.840.113619.2.370.4.279707905.1582766883.649603.png,0.627413,0.15098704,0.3067794,0.00533809,0.02520002,0.00079524,0.00653616,0.00154943,0.00064523,0.00223479,0.00885643,0.02636805,0.000105,0.01090242,0.00546484,0.00128469,0.00070791,0.00060168,0.00339205
1.2.840.113619.2.370.4.279707905.1595208426.198377.png,0.88796103,0.00088136,0.8129874,0.58702785,0.00054276,0.00300554,0.00042987,0.17575546,0.865481,0.0026733,3.02e-06,5.324e-05,7.3e-07,6.13e-06,3.39e-06,0.00017278,0.00129445,2.298e-05,0.00010568
1.2.840.113619.2.203.4.279707905.1592514230.759654.1.png,0.9985034,0.3744404,0.78187627,0.9866443,0.00022791,0.03286726,1.37e-06,0.00101155,0.00056088,0.00636192,0.0001353,3.148e-05,0.00155284,0.07608773,0.00036272,0.1571554,0.00132668,0.00297808,0.00112505
1.3.12.2.1107.5.3.33.2229.11.202010211346150875.png,0.3797146,0.37206405,0.00049207,0.00030619,8.276e-05,0.06147396,0.00610193,0.01928723,0.00330927,0.00881676,0.00058658,0.01497333,0.17624465,0.00358252,0.00025157,0.00024634,0.04969054,0.01384047,0.00317769
1.2.840.113619.2.370.4.279707905.1575266443.154198.png,0.04800376,0.14097194,0.18037556,1.3e-07,0.00872491,0.00013676,0.31915352,0.0482672,0.0038795,0.06026422,0.00625895,0.03581156,0.00085133,0.5748423,0.05789718,7.094e-05,0.00012594,0.00125107,0.1192449
1.2.840.113619.2.370.4.279707905.1605755511.550712.png,0.99651897,9.69e-06,0.75283575,0.9993524,0.00015733,0.00063605,0.00074796,1.892e-05,0.01882809,0.00038021,1.082e-05,9.42e-06,6.44e-06,0.00047628,0.00150687,0.18725824,0.00017106,1.806e-05,4.927e-05
1.2.840.113619.2.370.4.279707905.1578966766.243194.png,8.44e-06,0.8425694,2.069e-05,2e-08,1.035e-05,1.212e-05,0.86093354,0.00023348,0.00041173,0.0016363,0.08947204,5.42e-06,6.24e-06,5.621e-05,0.00439382,8.28e-06,5.48e-06,0.00091293,6.01e-06
1.2.840.113619.2.203.4.279707905.1579028870.407000.1.png,0.00199099,4.105e-05,0.00038069,0.02992526,0.00048569,0.00055011,0.97671366,0.9730402,0.9991348,0.0008536,4.908e-05,3.645e-05,7.28e-06,0.00202504,9.473e-05,1.15e-05,3.79e-06,2e-08,6.73e-06
1.2.840.113619.2.203.4.279707905.1577995281.287903.1.png,0.14597017,1.373e-05,0.01117636,0.93511176,0.00052769,0.0076492,0.07693188,0.00699679,0.99869525,0.0015817,0.00033983,1.69e-05,2.09e-06,0.00028545,0.00020048,6.203e-05,3.86e-06,2.89e-06,4.3e-07
1.2.840.113619.2.370.4.279707905.1575351888.56262.png,0.00161176,0.43080777,1.025e-05,1e-08,0.00022486,6.72e-05,0.27760884,0.00597755,0.00023788,0.00287209,0.15898319,0.00032595,9.778e-05,0.02263292,0.1132338,9.774e-05,3.579e-05,0.00177077,0.00289163
1.2.840.113619.2.370.4.279707905.1591925873.623450.png,0.05674251,0.2836994,0.22204287,0.00316665,4.33e-06,2.609e-05,0.00047339,0.0003669,0.00012755,0.00249955,3.13e-06,2.98e-05,6.3e-07,2.955e-05,0.04139615,0.00039615,4.622e-05,3.81e-05,0.00078685
1.2.840.113619.2.203.4.279707905.1574980369.859090.1.png,0.3114621,8.816e-05,6.469e-05,0.08190801,0.00207071,0.9393486,0.00660217,0.9958561,0.8601084,0.00971966,9.445e-05,0.0025304,0.00065655,0.00286638,2.744e-05,9.35e-06,0.00030509,2.514e-05,3.52e-06
1.2.840.113619.2.370.4.279707905.1579508820.510809.png,0.00124876,0.77402055,8.99e-06,0.0,5e-08,2.16e-06,0.07415456,1.175e-05,0.00250259,8.2e-07,0.00014988,0.00311888,0.93609816,3.334e-05,0.00887415,9e-08,0.00094809,1.097e-05,1.428e-05
1.2.840.113619.2.203.4.279707905.1579548470.777967.1.png,0.98866874,6.55e-06,0.14449377,0.9498189,0.00039287,0.43963617,0.01419521,0.71786,0.887754,0.03396133,7.919e-05,7.806e-05,1.017e-05,0.00023651,9.289e-05,0.00347907,8.599e-05,0.0156342,2.71e-06
1.2.840.113619.2.370.4.279707905.1577408710.914079.png,0.00263327,0.03571212,1.693e-05,7.43e-06,4.724e-05,3.91e-06,0.06630956,0.00010638,0.39503852,0.00421748,0.00071128,1.795e-05,2.14e-06,0.01038686,0.00087682,2.47e-06,1.47e-06,0.00042995,1.992e-05
1.2.840.113619.2.203.4.279707905.1576092420.49763.1.png,1.589e-05,4.728e-05,5.2e-07,1.11e-06,0.00077906,9.8e-07,0.00054806,0.00114588,0.000771,1.33e-06,0.01193812,0.08194933,0.00011925,0.00551369,8.978e-05,9.9e-07,1.6e-07,0.9671059,1.26e-06
1.2.840.113619.2.203.4.279707905.1575314549.965183.1.png,0.9804884,0.000201,0.00258487,6.999e-05,7.174e-05,0.11199172,0.07079813,0.00280852,0.10266142,0.01414162,4.21e-06,0.0001898,0.00042713,0.00255416,3.768e-05,0.00013332,3.886e-05,0.74079525,8.18e-06
1.2.840.113619.2.203.4.279707905.1578683307.211545.1.png,0.00021965,0.9471464,5.84e-06,0.01525871,0.00045488,0.91962427,0.0009489,0.15511684,0.00017688,0.9030418,0.01321131,4.033e-05,0.00292574,0.00261043,5.427e-05,4.423e-05,4.22e-06,0.04025159,2.549e-05
1.2.840.113619.2.370.4.279707905.1576735437.775653.png,0.00174597,0.7711982,0.00127093,0.00012327,0.0070048,0.01164418,0.00671055,0.00034992,0.00019309,0.3858585,0.71887976,0.13207802,0.01001811,0.022504,0.01581172,0.00010633,2.823e-05,3.374e-05,2.806e-05
1.3.46.670589.30.1.6.1.963334151171.1576139744296.2.png,0.9912164,0.00106379,0.35693213,0.77406424,0.11882452,0.04382194,0.14372137,0.0568048,0.04220552,4.37e-05,0.00221487,0.00034396,0.00183842,0.00031411,0.00047593,0.00030863,0.01772314,0.00109186,0.00039408
1.2.840.113619.2.370.4.279707905.1588472355.154409.png,0.03978145,0.04645512,0.01641496,0.9310784,0.00349856,0.04169872,0.00219443,3.284e-05,0.5485748,0.0104422,0.07604206,0.00241395,0.00011469,0.04089952,0.00132053,0.05757783,1.073e-05,1.438e-05,1.68e-05
1.2.840.113619.2.370.4.279707905.1603855015.125119.png,0.987948,0.00108401,0.9113122,0.02913121,4.227e-05,0.01220936,0.00297401,0.01412465,0.00023604,0.00052266,0.19486137,0.01787451,0.00010043,0.07067638,2.73e-05,2.812e-05,6.409e-05,0.00972885,0.00036632
1.2.840.113619.2.203.4.279707905.1577139181.183284.1.png,8.202e-05,0.26233727,3.25e-06,3.24e-06,6.62e-06,1.019e-05,0.00580005,0.01608034,0.00084094,0.00044935,0.01870512,0.00047119,0.01540445,0.00018772,8.979e-05,2.7e-07,4e-08,0.00347669,4e-08
1.2.840.113619.2.203.4.279707905.1575661529.702471.1.png,0.022419,0.00597839,0.0014472,0.02844928,0.09203099,0.00784947,0.0079912,0.8911091,0.999912,0.77249384,0.00134707,6.93e-06,0.00047661,0.00904375,0.00351178,1.02e-05,7.085e-05,0.00012356,1.66e-06
1.2.840.113619.2.370.4.279707905.1577635555.209274.png,0.02766641,0.14172918,0.01562656,0.00040288,1.92e-06,1.848e-05,0.38795567,0.00029685,4.074e-05,0.00091273,0.00281543,0.01171072,0.02473169,0.00175415,0.01942743,0.00036986,2.737e-05,1.51e-05,4.516e-05
1.2.840.113619.2.370.4.279707905.1592890243.783510.png,0.18749347,0.00180827,0.00421817,0.29061282,0.00733929,0.00740996,0.10295218,0.00380128,0.12216555,0.01056634,0.00157474,0.00017212,4.994e-05,0.00296961,0.08561329,0.00306064,2.175e-05,0.00052872,6.073e-05
1.2.840.113619.2.203.4.279707905.1577387185.49504.1.png,0.7659622,0.00261557,0.00073407,0.0001672,2.23e-06,0.00014333,0.28159842,0.13949786,0.1421318,0.00191897,0.00133369,0.00654952,0.0002067,0.38307327,0.00015208,0.00021908,3.43e-06,0.003413,0.00013534
1.3.12.2.1107.5.3.33.2229.11.202009161600260406.png,0.600455,8.93e-06,0.9904371,0.33734277,2.416e-05,0.00811489,0.09830594,0.00024993,0.00304338,0.00028271,9.196e-05,8.954e-05,1.34e-06,4.195e-05,1.357e-05,0.00675718,1.267e-05,0.00012568,4.121e-05
1.3.12.2.1107.5.3.33.2229.11.202008211602070171.png,0.0455483,0.00381502,0.01306465,0.00816991,8.321e-05,0.02483022,0.00033264,4.743e-05,0.2721261,0.03347038,4.064e-05,5.073e-05,1.496e-05,0.00058923,0.00234736,0.00873504,0.00026134,0.56433415,0.00031002
1.2.840.113619.2.203.4.279707905.1578425069.185641.1.png,0.02650662,0.00232551,0.2482864,5.327e-05,0.01443057,0.00970285,0.12026729,0.05561822,0.09878694,0.00037628,0.00323205,0.5561719,0.98133093,0.00727073,0.01054967,5.774e-05,0.00136269,3.97e-05,0.00184411
1.3.12.2.1107.5.3.56.1642.11.202001181446570625.png,0.14882427,0.011321,0.00037352,0.9747266,0.7933084,0.00302543,0.18832994,0.7744104,0.9964256,0.02100682,4.2e-07,0.00013818,0.9999523,4.732e-05,0.00398419,5.706e-05,7e-08,1.591e-05,2.7e-06
1.2.840.113619.2.370.4.279707905.1599110769.943015.png,0.99670213,0.06197407,0.96844494,0.00243518,1.521e-05,8.81e-06,0.00018942,0.00015365,3.08e-06,2.397e-05,3.96e-05,0.47980437,0.00206535,0.00010093,0.00737135,6.552e-05,0.00031491,7.04e-06,0.00041866
1.2.840.113619.2.370.4.279707905.1600647889.140772.png,0.01052986,0.9937735,0.00534624,0.01283318,0.4257288,0.00213545,0.83581287,0.01347734,0.00164336,0.01424089,0.26819962,0.0022649,0.00026009,0.0001749,0.13403593,0.00042344,0.00703872,2.43e-06,6.934e-05
1.3.46.670589.30.1.6.1.963334151171.1585746751781.2.png,0.00331016,0.00025487,0.07433557,0.5277514,0.00042545,0.03178729,0.8919392,6.7e-07,0.987543,0.00017282,0.00105155,1.014e-05,9.83e-06,4.296e-05,0.00043979,2.908e-05,2.073e-05,5.04e-06,3.51e-06
1.2.840.113619.2.370.4.279707905.1582158939.264438.png,0.00274299,9.54e-06,0.00516657,0.43603197,0.00030603,9.843e-05,0.8493974,7.382e-05,0.2045371,0.00096388,5.091e-05,7.3e-06,5.04e-06,2.868e-05,0.00010783,0.00245416,6.708e-05,0.00103095,0.00017334
1.3.12.2.1107.5.3.56.1642.11.202001111359510531.png,0.24292308,0.00115074,0.8989296,0.9885926,1.026e-05,0.2841639,0.00175907,0.04041557,0.12769781,0.04051331,0.00023194,1.505e-05,3.52e-06,0.00018923,0.00088181,0.00398726,1.572e-05,1.202e-05,4.696e-05
1.2.840.113619.2.370.4.279707905.1574730656.923968.png,0.31803155,0.00575654,0.00063014,0.00985755,0.00154083,0.00544207,0.8810946,0.02993097,0.65617025,0.41439155,0.07216216,0.00072153,0.00036728,0.3263387,0.00722284,0.00030054,0.00482406,0.02725265,0.00052323
1.2.840.113619.2.370.4.279707905.1577598533.627109.png,0.3358288,0.00013645,0.7486448,0.9161051,0.06762718,0.00025696,0.00014553,0.05549312,0.00904755,1.087e-05,0.00070707,0.14490974,0.00036586,6.317e-05,1.427e-05,0.3598052,0.00040453,0.00021149,0.00470844
1.2.840.113619.2.370.4.279707905.1601105160.897318.png,0.19265369,0.37305796,0.2986259,1.8e-06,0.00034742,0.0009725,0.27755964,9.6e-07,0.00014486,0.0030929,0.01253461,0.0010115,0.00036257,0.38660267,0.00121973,7.511e-05,1.54e-06,0.00083706,0.00758521
1.2.840.113619.2.370.4.279707905.1577946743.109072.png,0.1478095,0.82889825,8.413e-05,0.00700617,0.0002048,0.00352873,0.01954172,0.00867815,0.04415128,0.40454605,4.362e-05,1.77e-06,0.00016382,0.01548527,0.74867016,0.00057323,0.00106043,1.653e-05,0.00093811
1.3.12.2.1107.5.3.56.1642.11.202010141558540890.png,0.96232224,1.67e-05,0.727464,0.99975306,0.00221698,3.272e-05,2.273e-05,1.809e-05,7.134e-05,8.6e-07,0.0018456,0.0001319,1.007e-05,1.69e-05,7.46e-06,0.6011001,0.00015464,1.983e-05,0.0007284
1.2.840.113619.2.370.4.279707905.1594878211.721546.png,0.00243511,0.9482715,0.00041557,1.006e-05,7.492e-05,2.265e-05,0.02256896,2.6e-07,6.81e-06,0.00101483,0.08474972,0.00333127,0.3789964,0.00141218,0.92630595,5.096e-05,0.00045044,0.00111217,3.393e-05
1.3.46.670589.30.1.6.1.963334151171.1580459700265.2.png,0.92768747,0.02022261,0.11454967,0.89560574,0.14683498,0.11631502,0.03096726,0.0009511,0.00048796,0.03274778,0.00646641,0.00348443,0.00158697,0.00191741,0.00946907,0.00011804,0.00407237,0.00012697,0.0022293
1.3.12.2.1107.5.3.33.2229.11.201911301814300593.png,0.03576874,5.175e-05,0.00193307,0.9991186,0.00020614,0.00020368,0.00027487,0.00052985,0.00041256,2.194e-05,0.54693574,5.768e-05,6.8e-07,9.375e-05,1.732e-05,0.00266596,0.00086545,5.262e-05,6.3e-06
1.2.840.113619.2.370.4.279707905.1594254219.105946.png,0.95801514,0.00136986,0.8287514,0.9588607,0.00161237,0.01368358,0.00917783,0.01873184,0.07198409,0.00108883,0.00069349,0.03510769,0.00013219,0.2141506,7.894e-05,0.00148755,0.00210458,3.177e-05,0.00282508
1.2.840.113619.2.203.4.279707905.1578080180.631942.1.png,0.69759107,0.00035422,0.00811165,0.01347366,0.016863,0.5040356,0.9665384,0.44099617,0.9556253,0.02095162,0.00070315,0.00014382,7.016e-05,0.00022903,0.00018899,0.00039323,0.00170657,0.00050175,1.268e-05
1.2.840.113619.2.370.4.279707905.1575349565.702260.png,0.89391166,0.08329081,2.391e-05,0.05134816,0.02649688,0.00011258,4.232e-05,8.732e-05,0.00019439,0.11770681,4.06e-05,8.54e-06,6.889e-05,0.00269961,0.7506319,0.00020536,0.00055538,1.69e-05,5.478e-05
1.2.840.113619.2.370.4.279707905.1589680222.913395.png,0.17936967,0.37880707,0.01488097,0.00066481,0.00031217,0.0025032,0.00529563,0.0005325,0.00207051,0.14138347,0.00109429,2.174e-05,3.795e-05,0.00335775,0.06297501,0.00072009,0.00872296,0.0022052,0.00685641
1.2.840.113619.2.203.4.279707905.1574886939.564806.1.png,0.2058755,0.8221256,0.01401223,3.56e-06,0.00032105,0.954509,0.00118779,1.122e-05,9.578e-05,0.8352724,0.00069697,0.00444935,0.00078808,0.00426418,0.5313474,3.377e-05,3.37e-05,0.00070976,0.00031693
1.2.840.113619.2.370.4.279707905.1593999245.282031.png,0.17792647,0.5004476,0.64022946,0.03574479,0.2894692,0.01258465,0.00150791,1.821e-05,0.00092789,0.04205516,0.00237448,0.29387257,1.733e-05,0.00102745,0.04258246,0.00062195,6.164e-05,1.203e-05,0.00141102
1.2.840.113619.2.370.4.279707905.1574647319.193766.png,0.02266499,0.5343757,2.851e-05,0.00041219,0.00011812,9.771e-05,0.02182232,0.00361591,0.00455463,0.0680149,0.10693017,0.00955932,0.00043617,0.09983451,0.4884351,0.00055712,3.158e-05,0.00045331,0.00129337
1.2.840.113619.2.370.4.279707905.1575269011.982124.png,0.4850303,0.0125177,0.739148,1.306e-05,0.07341208,0.00163435,0.584485,0.00017253,2.73e-06,0.1677106,0.3754531,0.00471871,0.00065289,0.6802927,0.01175312,0.00011964,0.00066802,0.00022628,0.0282644
1.2.840.113619.2.370.4.279707905.1579572062.362825.png,0.1070765,0.18447547,0.47942287,1.529e-05,0.00702628,0.00253328,0.13690865,0.00512124,0.0007577,0.00218495,0.00328676,0.1029634,0.9689372,0.24667399,0.3689475,0.00010922,0.00057269,0.00375216,0.1059141
1.2.840.113619.2.370.4.279707905.1591666209.575538.png,0.0105343,0.0003557,0.18156809,0.9994772,0.00407398,0.30702543,0.0298655,0.02617558,0.9984872,0.12077744,0.00020613,5.091e-05,1.01e-06,8.309e-05,6.186e-05,0.00044736,0.00015227,1.164e-05,3.409e-05
1.2.840.113619.2.370.4.279707905.1589420613.369866.png,0.02707433,0.13517375,0.5598142,1e-08,0.00142603,0.00023117,0.15099898,0.00480654,0.00049076,0.32597566,0.00109351,0.00066137,0.00010573,0.18682063,0.00481926,4.52e-06,0.00041492,0.0001082,0.17047492
1.2.840.113619.2.370.4.279707905.1596087883.628672.png,0.00067448,0.05634404,5.6e-07,2.489e-05,0.00030412,3.8e-06,0.16970874,0.03027582,0.06668458,0.00051864,0.06368894,0.00011132,8.927e-05,0.03147055,0.0099018,1.624e-05,4.363e-05,0.00948281,5.836e-05
1.2.840.113619.2.370.4.279707905.1574900329.838058.png,0.35935637,5.474e-05,0.01190617,0.99495894,0.0266544,0.0097797,0.00452868,2.43e-06,0.07779616,0.22350596,8.704e-05,6.83e-06,0.00014347,0.8938765,0.00065784,0.00010496,7.8e-07,1.865e-05,0.00141724
1.2.840.113619.2.370.4.279707905.1581302674.983947.png,0.00229348,0.00010012,0.00152596,0.00887423,0.00061004,0.00066972,0.98659,0.00358977,0.12122737,0.0039001,0.00118332,5.623e-05,0.00016823,0.00791228,0.00039655,0.00039055,1.337e-05,0.00725836,2.737e-05
1.2.840.113619.2.370.4.279707905.1576522768.957738.png,0.00133462,0.10540491,2.376e-05,6.928e-05,4.524e-05,6.286e-05,0.05405192,0.00319826,0.00899061,0.07660277,0.14736904,0.00908043,0.0001204,0.04240983,0.02430284,0.00062128,1.23e-06,0.0004152,9.1e-06
1.2.840.113619.2.370.4.279707905.1601361070.194937.png,0.01898586,1.42e-06,0.10302132,0.99912864,5e-07,0.00286545,8.229e-05,1.985e-05,0.9993026,0.00016368,5.11e-05,9.4e-07,1e-08,2.58e-06,6.129e-05,0.00060724,3.7e-07,1.93e-06,3e-08
1.2.840.113619.2.370.4.279707905.1577644455.120206.png,0.91581714,0.00118966,0.01455994,0.20973478,0.04818586,0.0012209,0.02402262,9.8e-07,4.009e-05,0.04677106,0.00122487,0.00068345,5.941e-05,0.00102613,0.00046496,0.00220733,4.348e-05,0.00037016,3.707e-05
1.3.46.670589.30.1.6.1.963334151171.1604692683781.2.png,0.19687603,0.00043418,0.5958114,0.920866,0.00015043,0.00217964,0.00293133,9.342e-05,4.382e-05,3.922e-05,0.00065413,7.537e-05,0.00020241,8.42e-06,8.267e-05,0.00018542,0.03496488,7.121e-05,0.0002095
1.2.840.113619.2.370.4.279707905.1574909547.516364.png,0.00185372,0.00014159,0.04089526,0.9931203,0.00714164,0.18963999,0.11248588,0.00132988,0.96288186,0.0337274,0.00047975,6.152e-05,6.398e-05,0.00022449,0.00030807,0.00038514,0.00073781,0.00016402,8.709e-05
1.2.840.113619.2.203.4.279707905.1578078488.530724.1.png,0.08423108,6.642e-05,4.237e-05,0.00251246,7.25e-06,1.441e-05,0.12314484,0.11232196,0.99831206,0.00026401,0.00416133,0.00265802,1.988e-05,0.00436652,0.00334903,8.756e-05,7.08e-06,0.00010079,1.037e-05
1.3.46.670589.30.1.6.1.963334151171.1575281754500.2.png,9.548e-05,0.0797452,0.00010049,8.285e-05,0.00012217,0.00133307,0.09652303,0.00198315,0.00020905,0.00136452,0.98087627,6.277e-05,0.00016015,0.00053809,0.01143914,7.52e-06,0.00717387,4.65e-06,0.00011233
1.2.840.113619.2.370.4.279707905.1575600513.314821.png,0.48332575,0.00287394,0.00353095,0.01237111,9.371e-05,0.02377312,0.02197495,0.00674854,0.00021694,0.01134604,0.33594343,0.5669713,1.69e-05,0.07346188,0.00020969,0.00152128,0.00017285,0.0840818,1.82e-05
1.2.840.113619.2.370.4.279707905.1574647840.189277.png,0.00624898,0.001054,4.849e-05,3.405e-05,0.00010503,3.42e-06,0.43454793,7.631e-05,0.41925508,0.22883277,0.00041187,0.00255072,7.48e-06,0.02887501,0.00844439,0.00019947,4.48e-06,0.00012809,2.028e-05
1.2.840.113619.2.370.4.279707905.1600565745.426634.png,0.9547622,0.00105158,0.02593552,0.99082255,0.03786608,0.0010965,0.01185326,0.00018622,8.523e-05,0.00738928,0.00064937,5.39e-06,0.00011049,0.00303642,0.01379876,0.00243705,0.00041768,1.134e-05,0.00039158
1.2.840.113619.2.370.4.279707905.1591943706.847151.png,0.04661954,0.976258,0.01275521,0.00078881,0.00160716,8.258e-05,0.6645797,0.00036827,0.00015621,4.76e-06,0.14873295,0.04458025,0.04678518,0.00045232,0.19177972,0.00028157,0.00032741,3.27e-06,0.00050189
1.3.46.670589.30.1.6.1.963334151171.1576921731359.2.png,0.08719601,1e-08,0.9957385,0.3753,5.454e-05,0.00076337,0.98005,1.39e-06,7e-08,9.3e-07,0.0238213,4.447e-05,2.327e-05,1.681e-05,3e-08,2.28e-06,0.54780155,3.2e-07,0.00037823
1.2.840.113619.2.203.4.279707905.1575489716.177698.1.png,0.999994,0.00647604,0.00910777,0.00098849,0.00021092,0.00040613,0.04287742,2.45e-06,0.12450398,0.00593595,0.00017874,0.00881167,0.00034581,0.99996734,5.284e-05,0.00033487,1.393e-05,0.02219153,0.00012434
1.2.840.113619.2.370.4.279707905.1600580223.344513.png,0.00515158,0.05346968,0.00525076,0.33584505,2.645e-05,0.00133886,0.00053863,0.00124408,0.7384643,0.00123703,0.6682648,0.00102603,2.06e-06,0.00021478,0.00100258,0.00110154,5.295e-05,2.1e-05,9.08e-06
1.2.840.113619.2.370.4.279707905.1578982707.256801.png,0.02369997,0.8299539,0.00739981,0.00757121,0.00135157,0.00977958,0.00060901,8.1e-07,0.00139312,0.0592247,0.5750821,0.0009176,0.0003283,0.51344115,0.00905968,0.00011982,1.1e-06,8.328e-05,0.00171445
1.2.840.113619.2.370.4.279707905.1590801765.339057.png,0.05385048,0.1461977,0.05937852,0.00221512,0.17716867,0.10911507,0.08330596,0.01088827,0.00256345,0.65698254,0.08279785,0.0185361,0.00651258,0.10291438,0.2483718,0.0002905,0.00106342,0.00014137,0.00083605
1.2.840.113619.2.370.4.279707905.1577513077.512633.png,4.05e-06,0.09288874,0.00046059,0.00506531,0.00011494,0.07119292,0.42722097,5.474e-05,0.27355847,0.01133855,0.25140095,5.89e-06,6.79e-06,1.561e-05,5.482e-05,0.00043291,0.0002387,9.309e-05,2.138e-05
1.2.840.113619.2.370.4.279707905.1602742373.94484.png,0.00102603,0.96363413,0.00464649,1.003e-05,0.00212563,0.00169316,0.00219165,0.00017755,0.00033558,0.00125736,0.95516527,0.3520173,0.00090307,0.00122565,0.01713863,3.381e-05,0.00525538,1.34e-06,4.815e-05
1.2.840.113619.2.370.4.279707905.1603327713.585801.png,0.00149278,0.89405704,0.02980868,0.879864,0.00027335,0.00031982,1.9e-07,0.0005546,0.00014161,0.9334757,5.584e-05,2.044e-05,3.54e-06,0.00020553,0.64733016,0.00600652,0.00541506,1.7e-06,0.00020757
1.2.840.113619.2.370.4.279707905.1576290679.844442.png,0.00037636,0.9144691,0.02373276,1.5e-07,0.00151586,0.01106438,0.03803484,0.01245814,0.00319337,0.00136099,0.11825441,3.168e-05,0.00277366,0.00031517,0.00044844,1.903e-05,1.493e-05,0.00299557,9.716e-05
1.2.840.113619.2.370.4.279707905.1588388314.310784.png,0.00423353,0.00017345,0.00290861,0.9998358,6.61e-06,0.02423629,0.00325414,0.00057102,0.9998055,0.00108867,0.00025583,1.011e-05,2e-08,2.99e-06,0.0001109,0.00058077,2.7e-07,1.2e-07,3e-07
1.2.840.113619.2.370.4.279707905.1600653092.982208.png,0.06288957,0.00012605,0.1838423,0.99424994,0.00195158,0.00013417,0.00460557,0.00070194,0.32255566,0.00149651,0.00023347,0.0002849,1.7e-07,1.424e-05,0.00062676,0.00131624,8.07e-06,4.69e-06,2.489e-05
1.2.840.113619.2.370.4.279707905.1598150220.463472.png,0.00613435,0.03866509,0.5861791,9.213e-05,0.7372885,0.4554082,0.74225825,7.03e-05,0.01573114,0.03242508,0.00196832,0.01171933,0.00529786,0.0004265,0.00946969,0.00047739,3.371e-05,0.01604765,3.893e-05
1.2.840.113619.2.370.4.279707905.1582786260.181963.png,0.00050047,0.90338,0.00142539,0.02627538,0.0005591,0.00052562,0.00472232,0.00280136,0.00376773,0.01053456,0.00072309,0.00062651,0.00023928,7.501e-05,0.94581306,0.0145962,0.00024565,1.763e-05,0.00021196
1.2.840.113619.2.370.4.279707905.1600735648.61354.png,0.03545172,7.241e-05,0.04337193,0.99878424,0.00028028,0.08394337,0.00025807,0.00173439,0.9931907,0.00101725,0.00082549,8.275e-05,8.23e-06,0.00107763,0.00015851,0.00047716,4.02e-05,1.968e-05,1.55e-06
1.2.840.113619.2.370.4.279707905.1597365783.809168.png,0.752538,0.51471174,0.65622455,0.0071212,0.03342244,0.00047452,0.07946141,0.02831282,0.00101423,0.00015977,0.00057552,0.1494649,0.00063976,0.00109022,0.00403925,0.0001708,0.00862168,2.678e-05,0.05725926
1.2.840.113619.2.370.4.279707905.1575946097.961041.png,0.59011614,3.17e-05,0.982778,0.9771129,0.00565662,0.0123,9.043e-05,0.01396535,0.03663168,0.00466608,5.595e-05,0.13769221,5.73e-06,1.504e-05,3.046e-05,4.086e-05,9.837e-05,1.53e-06,1.42e-06
1.3.12.2.1107.5.3.33.2229.11.202011191105060234.png,1.8e-06,3.3e-07,0.00011462,0.30176106,1.86e-05,6.441e-05,0.00647633,0.00054062,0.00016389,1e-08,0.00380759,0.14972982,0.91801226,2.28e-06,0.00048991,3.891e-05,0.5842377,4.93e-06,3.3e-07
1.2.840.113619.2.370.4.279707905.1576300822.338022.png,0.01026727,0.9981944,4.22e-06,0.00302803,5.108e-05,0.00799827,2.598e-05,0.00414602,0.00105511,0.47907653,0.00278208,2.98e-06,0.00025287,0.00129511,0.99203074,0.00025244,0.00194999,1.515e-05,0.00042942
1.2.840.113619.2.370.4.279707905.1578911121.848785.png,0.00488274,0.5143187,0.02693054,1.277e-05,0.01047548,0.00425098,0.00496597,1.29e-06,1.967e-05,0.4757898,0.03869742,0.00044966,0.00051453,0.00781902,0.3556403,0.00017613,0.00022697,0.00144403,0.00258482
1.2.840.113619.2.203.4.279707905.1574700255.807089.1.png,0.3312757,0.00103144,0.00074483,0.02080005,0.00204412,0.00276222,0.05196129,0.01095432,0.28666967,0.01498959,0.00070357,0.00026544,0.0001008,0.8929373,0.00043252,0.00011006,1.59e-06,0.0003877,3.268e-05
1.3.12.2.1107.5.3.33.2229.11.202011230819470859.png,0.00181687,0.9420184,0.00256344,0.00013466,0.00057002,7.58e-06,0.05461727,9.6e-07,0.00014356,5.291e-05,0.00251773,0.02125164,0.8306342,0.00016486,0.00791539,3.244e-05,0.00794073,5.241e-05,4.001e-05
1.3.46.670589.30.1.6.1.963334151171.1577008818656.2.png,0.01397153,1.108e-05,0.12052822,0.8937494,0.00051294,0.00576075,0.556681,0.00072384,0.00014607,2.833e-05,0.02145046,5.728e-05,0.00104809,0.00023441,0.00020352,0.00107292,0.2562551,0.00022529,0.0040489
1.2.840.113619.2.370.4.279707905.1585010192.311747.png,0.8208234,0.00111754,0.00025075,0.0372023,0.03505053,2.586e-05,0.00331795,9.3e-07,0.00081385,0.45207873,0.0290515,0.00259057,3.073e-05,0.7374882,0.01188975,2.446e-05,6.17e-06,6.59e-06,2.53e-05
1.2.840.113619.2.370.4.279707905.1604625612.61263.png,0.9999407,0.00219568,0.34897247,0.6271204,0.00250468,0.00011896,5.855e-05,2.8e-07,0.00038527,2.389e-05,1.032e-05,2.207e-05,9.156e-05,0.9845932,0.00541691,0.07547966,5.424e-05,0.02404282,0.00017011
1.2.840.113619.2.370.4.279707905.1602729879.508562.png,0.23976518,0.00245685,0.00500248,0.98895645,0.0003539,0.01769042,0.00634195,0.00353168,0.9741454,0.2752145,0.00445311,0.00038518,4.63e-06,0.13133651,0.00258603,0.01055579,6.59e-06,3.44e-06,1.024e-05
1.2.840.113619.2.370.4.279707905.1604018491.533540.png,0.1690054,0.00477107,0.00034771,0.00707504,0.00058139,0.01506429,0.18642816,0.3861391,0.4355144,0.33612373,0.01005921,0.00592199,0.00029879,0.61742413,0.00079512,0.00049488,9.12e-06,0.00285175,0.00051314
1.2.840.113619.2.370.4.279707905.1589336891.486111.png,3.706e-05,0.15907052,4e-07,4.2e-07,2.72e-05,2.44e-06,0.00166642,0.00682129,8.459e-05,0.00048537,0.8207645,0.00102173,0.00158333,0.03973694,0.00352529,7.68e-06,7.3e-06,0.01675806,0.00024261
1.2.840.113619.2.370.4.279707905.1586220363.162910.png,0.01476641,0.99080855,0.01860712,9.617e-05,9.909e-05,3.824e-05,0.00013638,4.14e-06,8.274e-05,0.01436734,7.7e-07,5e-07,4e-08,8.11e-06,0.9350288,0.00091452,0.00015713,6.7e-07,0.00111104
1.2.840.113619.2.370.4.279707905.1604650866.996708.png,0.00456677,8.316e-05,0.00014364,0.82488,2.2e-07,0.00247969,0.02704637,0.39447036,0.999945,0.26893649,3.793e-05,1.081e-05,1.3e-07,3.629e-05,0.0001389,6.227e-05,0.00051122,2.82e-06,5e-08
1.2.156.112536.2.560.64226048152091077.1335297324302.24.png,0.9999007,0.00422592,0.0748312,0.03938744,0.0005626,0.04395297,0.00045079,8.139e-05,5.149e-05,0.00287411,1.21e-05,0.00039615,1.73e-05,0.00772987,1.762e-05,0.01424227,0.00663485,0.7738756,5.836e-05
1.2.840.113619.2.370.4.279707905.1575622106.632998.png,0.01291278,0.02885981,0.21931323,0.43537384,0.04141338,9.147e-05,0.00484923,0.003919,0.00526343,1.19e-05,0.01236429,0.0270664,0.00067132,0.00025212,0.03711568,0.03282621,0.01141796,4e-07,0.01449998
1.2.840.113619.2.370.4.279707905.1597029155.5728.png,0.7570247,0.00021181,0.48794755,0.14557555,0.76940453,0.14523037,0.12830682,4.46e-06,0.47568533,0.00563586,0.00807213,0.1289382,4.316e-05,0.02084509,0.00022183,0.00029329,3.28e-06,0.0010486,6.185e-05
1.3.46.670589.30.1.6.1.963334151171.1577638364656.2.png,0.00466753,2.13e-06,0.00441389,4.922e-05,1.244e-05,0.00015843,0.55842066,0.00013145,1.84e-06,8.2e-07,0.910678,0.00041959,0.00118187,0.00044298,6.018e-05,4.87e-06,0.00808415,2.1e-07,0.00582253
1.2.840.113619.2.370.4.279707905.1594630045.790005.png,0.28376812,3.3e-07,0.21457557,0.99999046,8.4e-07,0.0002762,0.00109783,0.02701488,0.99296266,0.00145549,2e-05,7.7e-07,1.7e-07,9.28e-06,6.7e-07,0.00352932,1.094e-05,2.3e-07,1.84e-06
1.2.840.113619.2.203.4.279707905.1574782771.855289.1.png,4.091e-05,0.00090471,0.00018352,0.0002763,0.04412412,0.44835407,0.9388914,3.3e-06,0.59648246,0.8290385,0.00071053,0.00066894,0.00022885,0.00778402,0.00011354,5.268e-05,2.633e-05,0.28207543,0.00011389
1.2.840.113619.2.203.4.279707905.1577823122.149534.1.png,0.28063437,2.28e-06,3.11e-05,0.98496014,0.00019274,0.00684,0.01082506,0.925096,0.99714214,0.00157848,0.00021777,3.79e-06,2.501e-05,0.00588432,0.00041162,2.503e-05,3.87e-06,0.00141997,3.1e-07
1.2.840.113619.2.203.4.279707905.1576530017.162674.1.png,0.84120375,1.631e-05,6.982e-05,0.02983375,7.53e-06,0.27397728,0.00633899,0.171835,0.99752,0.00689341,8.21e-06,1.6e-06,4.57e-06,0.00026927,6.508e-05,0.00019466,9.59e-06,0.46714437,2.5e-06
1.2.840.113619.2.370.4.279707905.1584178304.191336.png,0.9471552,0.4341552,0.996603,0.00094773,0.0146004,3.567e-05,0.00697704,0.00076515,3.665e-05,0.00015784,5.018e-05,0.25971973,0.00031429,0.00049348,0.00384616,3.794e-05,0.00116848,1.748e-05,0.33481443
1.2.840.113619.2.370.4.279707905.1586740723.318110.png,0.00011793,0.534775,0.0014211,7.666e-05,0.0590449,0.00212625,0.01516365,1.2e-07,0.00033413,0.11210717,0.30166167,0.00743243,0.00134601,0.00086593,0.07142525,8.682e-05,3.986e-05,0.00035285,2.174e-05
1.2.840.113619.2.370.4.279707905.1578891621.326681.png,0.04160802,0.06210527,0.00155079,0.0,0.00036092,0.00234043,0.21850877,0.09691553,0.00040021,0.00014609,0.21922642,0.03513649,0.00010526,0.0329511,0.00080799,3.57e-06,5.72e-05,4.48e-06,0.04745042
1.2.840.113619.2.203.4.279707905.1591037438.436287.1.png,0.14397325,0.00912022,0.7293389,0.00054891,0.00063347,0.00993842,0.09376001,0.06146372,0.14004672,0.00786241,0.00024859,0.10868426,0.0035295,0.0020016,0.00071094,9.681e-05,0.00020433,0.00189988,0.00047812
1.2.840.113619.2.370.4.279707905.1575521506.345156.png,0.93619245,0.00072386,0.00436948,0.5704748,0.00711126,0.0177791,2.261e-05,0.00053578,0.00099174,1.331e-05,0.002972,0.00044036,0.00256783,0.8772111,0.0224393,0.00444602,0.00068532,0.05515019,0.00097216
1.3.12.2.1107.5.3.56.1642.11.202011021537560656.png,0.97296554,0.87271935,0.03870362,0.00240843,0.00045448,7.203e-05,0.00708793,0.00091756,0.00103146,0.00014673,0.00059039,0.49658132,0.51070714,0.02686828,0.00057924,4.547e-05,0.00026311,0.00187547,0.00217465
1.2.840.113619.2.370.4.279707905.1604558361.703924.png,0.04308111,1.8e-07,0.00232274,0.99999857,1e-07,7.623e-05,3.062e-05,0.0002867,0.99967337,0.00026134,4.94e-06,1.1e-07,0.0,2.8e-07,1.296e-05,0.00601493,2.4e-07,9e-08,1e-08
1.2.840.113619.2.370.4.279707905.1596442175.36644.png,0.02235934,0.04198074,0.04872614,1.895e-05,0.25923342,0.0002547,0.93157214,4.624e-05,0.00025446,0.00049791,0.20879956,0.14696702,0.00469784,0.01089658,0.00575169,0.00334177,3.184e-05,0.00017383,9.752e-05
1.2.840.113619.2.203.4.279707905.1578520266.818527.1.png,0.0105416,0.00013535,9.17e-05,7.79e-06,0.17662886,0.00164186,0.02275386,0.01219522,2.21e-05,0.00040655,0.0487211,0.04815236,1.542e-05,0.02381211,1.362e-05,9.78e-06,3.3e-07,0.10357251,1.583e-05
1.2.840.113619.2.370.4.279707905.1575944472.509258.png,0.11197823,0.82257867,0.04008098,0.0037293,0.03783149,0.02034138,0.1967447,0.00073736,0.00019515,0.03368339,0.00526056,0.16780055,0.01397241,0.00481542,0.06824904,0.00218528,0.02486693,8.39e-06,4.681e-05
1.3.12.2.1107.5.3.56.1642.11.202010041634480000.png,0.96102023,0.00651342,0.02865076,0.00017026,0.00317572,0.00048791,0.56634825,0.00016002,0.0003344,0.00660862,0.00292103,0.03646082,0.00026879,0.00064757,0.03940138,0.00025245,0.00063729,0.00010336,0.00028154
1.2.840.113619.2.370.4.279707905.1578793641.33218.png,0.00338972,0.00194471,0.00014601,0.01954408,0.0013784,0.0003392,0.02946229,0.0073088,0.00141082,0.31749886,0.01598236,0.00017242,8.388e-05,0.9974247,0.00019107,2.154e-05,7.1e-07,0.00068101,0.00011201
1.2.840.113619.2.370.4.279707905.1600220567.791985.png,0.00041032,0.85072166,0.00160032,7.286e-05,0.00171541,0.00082271,0.10792057,0.00509783,0.00343264,0.00222879,0.2846418,0.9477112,0.2948528,0.00048598,0.00549224,0.0003124,0.00869312,9.8e-07,1.767e-05
1.2.840.113619.2.370.4.279707905.1599524735.713192.png,0.01399288,0.9214312,0.00019907,0.00317575,0.02774235,0.00017921,0.97507304,0.01462749,0.5743609,0.00065394,0.39848256,0.3334666,0.00037677,0.00021947,0.02481977,0.00028318,0.00027359,2.6e-07,1.332e-05
1.3.12.2.1107.5.3.33.2229.11.201911231505210921.png,0.00222885,0.9592658,0.00098388,0.00025207,0.09655434,3.836e-05,5.882e-05,2.983e-05,0.00013875,7.406e-05,0.00014957,0.02014434,0.8981511,0.00024094,0.425489,1.596e-05,0.00032121,8.47e-06,6.883e-05
1.2.840.113619.2.203.4.279707905.1576788019.555578.1.png,0.9997937,5.534e-05,0.777585,0.13485612,0.02745415,0.3443457,0.00162319,0.00014366,1.04e-06,0.00751399,2e-06,8.902e-05,0.00012027,2.189e-05,1.105e-05,0.00249396,0.00113137,0.24217688,5.591e-05
1.2.840.113619.2.203.4.279707905.1594754517.899573.1.png,0.00243118,0.00321012,8.02e-05,0.01873554,0.00013341,0.03058891,0.00052947,0.00043849,0.00317337,0.9999452,0.00044455,7.407e-05,2.23e-05,0.99839187,1.918e-05,5.54e-06,3.6e-07,1.86e-06,0.00032693
1.2.840.113619.2.370.4.279707905.1604384697.412028.png,0.67151135,6.4e-06,0.00010984,0.01655437,0.00041633,0.00072084,0.2622767,6.694e-05,0.883716,0.61834407,0.00145565,2.585e-05,9.77e-06,0.9972459,4.611e-05,2.6e-06,2.2e-07,0.00332807,0.00010243
1.2.840.113619.2.370.4.279707905.1592186427.518467.png,0.00034458,0.977294,0.00056764,0.0026122,0.01972738,0.00010453,0.786045,0.00090182,2.23e-05,4.84e-06,0.94025433,0.9289954,0.97030145,3.305e-05,0.00036717,0.00034428,7.014e-05,1.3e-07,4.33e-06
1.3.12.2.1107.5.3.56.1642.11.202006071521330109.png,0.00488742,0.9750899,9.964e-05,3.62e-06,1.841e-05,4.529e-05,0.00799328,0.00128347,0.00234749,0.680714,0.00039509,0.0039468,3.92e-06,0.00031998,0.15513906,2.141e-05,0.10275431,6.7e-07,1.777e-05
1.3.46.670589.30.1.6.1.963334151171.1594393339421.1.png,0.03935613,7e-08,0.75338334,0.2255411,6.842e-05,0.0050234,0.32741034,0.00317432,3.828e-05,1.1e-07,0.6401529,4.151e-05,0.00052381,0.00022668,3.81e-06,0.0001601,0.00462218,6e-08,0.00188399
1.3.12.2.1107.5.3.56.1642.11.202003031522520500.png,0.21336344,0.7177492,0.00352151,0.01403857,0.00384911,0.00052919,0.0323865,0.00670606,0.0022744,0.00043923,0.07109566,0.79920936,0.9334446,0.01103209,0.1344722,0.00195808,0.00883757,0.00388408,0.00076325
1.2.840.113619.2.203.4.279707905.1577138813.85871.1.png,0.01372173,0.00026111,0.00123995,7.273e-05,3.051e-05,2.216e-05,0.3485582,0.0008341,0.83559895,0.00061147,5.369e-05,3.31e-06,2.66e-06,0.00527009,0.00010907,5.715e-05,0.00017583,0.15995225,9.7e-06
1.2.840.113619.2.370.4.279707905.1599979238.362127.png,0.00144679,0.98879755,5.457e-05,7.01e-06,2.72e-06,3.7e-07,0.02685325,5.88e-06,3.892e-05,0.00143747,0.01317548,0.00079705,0.00072853,0.00100895,0.9809935,0.00022381,0.00015829,0.00010988,8.859e-05
1.2.840.113619.2.203.4.279707905.1578943140.559128.1.png,0.9960074,0.00020517,0.00264985,0.0764079,0.03872363,0.00134469,0.01392502,0.08600717,0.34499708,0.0001123,0.00193081,0.00263616,0.00186067,0.16828687,0.00034916,0.00020114,0.00026937,0.12530501,0.00012953
1.2.840.113619.2.370.4.279707905.1577927743.825099.png,0.22089139,0.03158114,0.16895162,0.00018608,0.24604884,0.05725876,0.00746692,7.79e-06,0.00025933,0.68013096,0.4031762,0.245451,0.00044261,0.4618788,0.00524606,0.0004488,5.351e-05,0.00055363,0.00044616
1.2.840.113619.2.203.4.279707905.1593720922.325936.1.png,0.5567454,0.0027415,0.52037674,0.9225967,0.0020811,0.01381319,0.00107171,0.3125682,0.5310386,0.00194657,0.00178503,3.694e-05,8.983e-05,0.00305493,0.0016165,0.21348809,0.00823735,0.00291579,0.00047854
1.3.12.2.1107.5.3.33.2229.11.202003261105550234.png,0.79865533,0.00069872,0.00862614,0.02044762,0.00217225,0.05593233,0.00158208,0.13832761,0.18645377,0.03185148,1.204e-05,0.01121489,0.01231926,0.00389351,1.144e-05,0.00029006,0.0011226,0.22934075,0.00059536
1.2.840.113619.2.370.4.279707905.1604276124.477381.png,0.54879117,0.29371744,0.00823646,0.00026521,0.01948787,8.42e-06,0.63364446,0.00010751,0.00746861,0.00028605,0.00651675,0.96163106,0.00015987,0.00073188,0.34043548,0.0003535,0.0027234,5e-08,0.00033194
1.2.840.113619.2.370.4.279707905.1579572290.615132.png,0.29340702,0.92166626,0.00078692,3.285e-05,0.00025658,0.24900234,8.586e-05,3.29e-06,0.00035197,0.33294484,0.00017156,0.00031389,0.0002653,0.04188093,0.01573254,0.00068317,5.935e-05,0.3650406,0.00202353
1.2.840.113619.2.203.4.279707905.1586801412.447547.1.png,0.9774395,0.00542903,0.991421,0.29641435,0.9162344,0.00511557,0.06983904,0.10899501,0.02730326,0.00830644,0.0019599,0.0075464,0.00710739,0.00496246,0.00039877,0.00190625,0.00075677,0.00064284,2.195e-05
1.3.12.2.1107.5.3.56.1642.11.202006011540020984.png,0.09853019,0.00179842,0.9320696,0.9594127,0.00876421,0.7849359,0.00092471,0.29902345,0.53845435,0.7351669,0.00020231,4.059e-05,2.21e-06,0.00069152,0.00016387,0.01812316,0.00028749,5.089e-05,0.00012034
1.2.840.113619.2.370.4.279707905.1588385482.270625.png,0.6575291,4.17e-05,0.05350988,0.9505858,7.815e-05,0.00639537,0.00120145,3.59e-06,0.53146094,0.05034058,0.00021499,0.00551833,2e-08,4.82e-06,0.00054193,0.00303848,3.55e-06,1.6e-06,4e-08
1.3.12.2.1107.5.3.56.1642.11.202004171543200765.png,0.28474998,0.00014824,0.7400201,0.9999513,3.386e-05,0.00304137,0.0002628,0.58554703,0.00728075,0.0001373,0.0627329,7.7e-06,9.5e-07,6.413e-05,3.76e-06,0.08732443,0.00030775,1.806e-05,0.0007779
1.2.840.113619.2.370.4.279707905.1596764894.426052.png,0.02538416,0.9855348,0.00276451,0.00762766,0.06106358,0.00098452,0.9998696,0.32351753,0.00322126,8.587e-05,0.00068033,0.00035395,0.08843657,0.00015872,0.02077779,3.728e-05,0.00057926,1.29e-06,0.00011103
1.2.840.113619.2.370.4.279707905.1595220753.70329.png,4.145e-05,0.00109307,0.00837056,0.91633475,0.00117083,0.05276079,0.00017595,0.01285372,0.8590623,0.01096161,0.17879371,0.00230074,1.41e-06,0.00012088,5.161e-05,0.00018557,6.75e-06,1.24e-06,1.07e-06
1.2.840.113619.2.203.4.279707905.1574698253.302112.1.png,0.08519766,0.00367479,0.00975143,0.00014338,0.00564228,0.56642807,0.0098625,1.248e-05,0.00089353,0.4760995,5.655e-05,0.9335576,0.42909613,0.00118254,0.00099471,7.973e-05,9.1e-06,0.04203252,6.2e-06
1.2.840.113619.2.370.4.279707905.1576561777.514649.png,0.0212034,0.65505904,0.00377887,0.00018599,0.00138518,0.00038088,0.09248397,0.00016263,0.00154733,0.05892423,0.11665771,0.00113036,0.00324363,0.01455864,0.6673084,0.000258,0.00184969,0.00157841,0.00283976
1.2.840.113619.2.370.4.279707905.1583826136.712063.png,0.7664324,0.27872908,0.13953222,0.06240186,4.56e-06,9.69e-06,0.00047678,0.00115844,5.427e-05,0.00827237,5.224e-05,0.00120672,1.08e-06,0.00137187,0.05636046,0.00118032,0.00048327,1.71e-06,0.00033918
1.2.840.113619.2.370.4.279707905.1599868670.902371.png,0.17812142,0.06777178,0.20118862,0.00350968,0.01572228,0.01023668,0.1665061,1.65e-06,0.00017149,0.03615846,0.6524341,0.00369615,0.00053618,0.8336596,0.00017503,0.0004942,4.56e-06,0.00152649,0.0004101
1.2.840.113619.2.370.4.279707905.1603163031.506302.png,0.00019566,0.9958178,0.00306867,0.00573567,0.10907514,0.03340999,0.8571532,0.03886962,0.00155572,0.00054905,0.00060861,0.00112901,0.41110164,1.29e-05,0.00497503,0.00047732,0.00583534,1.53e-06,1.206e-05
1.2.840.113619.2.370.4.279707905.1597303208.689982.png,0.98607653,0.00017789,0.9987896,0.07678898,9.23e-06,5.282e-05,0.00102133,0.00084507,0.00073245,0.00035767,1.115e-05,0.00016223,4.2e-07,1.279e-05,3.376e-05,7.145e-05,1.483e-05,1.26e-06,7.783e-05
1.2.840.113619.2.370.4.279707905.1602221601.46748.png,0.39652756,1.5e-07,0.00023714,0.9935959,9.2e-07,0.00123251,0.02431566,0.30102837,0.9998647,0.00047228,1.293e-05,1.97e-06,1e-08,1.376e-05,2.644e-05,1.667e-05,2.6e-07,7.62e-06,2e-08
1.2.840.113619.2.370.4.279707905.1575079633.773338.png,0.7835234,0.01001539,1.622e-05,0.9193761,0.00425898,0.00051874,0.00754229,6.2e-06,0.00612808,0.41538557,0.00045033,2.951e-05,0.00019748,0.89629835,0.02186712,0.00091662,1.55e-06,0.02285301,0.00031352
1.2.840.113619.2.370.4.279707905.1602554157.334945.png,0.71059865,1.504e-05,0.02645451,0.4669302,7.088e-05,0.00081285,0.00432269,0.0015826,0.99420565,0.00854644,0.00187971,0.26349223,4.4e-07,0.00016018,6.041e-05,0.0001565,3.93e-06,1.349e-05,5e-08
1.2.840.113619.2.370.4.279707905.1576388133.366071.png,0.02217634,0.00047089,0.03983846,0.999984,7.828e-05,0.00356626,1.404e-05,0.00044711,0.4064387,0.71227974,0.00045585,5.29e-06,1.6e-07,0.00056834,0.00036017,0.00177291,1.55e-06,1.38e-06,3.58e-06
1.2.840.113619.2.370.4.279707905.1598248441.510195.png,0.09557831,0.34233373,0.01613852,0.0,0.00037107,0.00029203,0.20215516,0.00062894,6.24e-06,0.18895712,0.00145925,0.00158838,5.996e-05,0.5022433,0.01962201,3.18e-06,0.00010506,8.145e-05,0.48485377
1.2.840.113619.2.370.4.279707905.1579669625.28892.png,0.99181,6.65e-06,0.00071048,1.058e-05,0.00014102,4.675e-05,0.5055952,0.00021271,0.00013499,0.05213274,0.9565948,0.8942591,1.991e-05,0.99499655,3.04e-06,1.13e-05,4.373e-05,0.00019855,7.67e-06
1.2.840.113619.2.370.4.279707905.1578705072.209698.png,0.06881632,1.287e-05,0.00880249,0.92986417,0.0003891,0.07100234,0.05422986,0.8935393,0.9963387,0.00203776,0.00023933,0.00147025,1.443e-05,0.00030314,0.00010934,0.00053196,4.249e-05,2.868e-05,3.17e-06
1.2.840.113619.2.203.4.279707905.1576005399.740986.1.png,0.00562294,0.00058907,0.0003715,0.99027646,0.00168467,0.9333144,0.11413415,0.99355584,0.09776403,0.6303565,0.00053445,0.00027087,6.875e-05,0.0007528,2.98e-05,3.839e-05,5.38e-06,0.00066963,3.35e-06
1.2.840.113619.2.370.4.279707905.1602210317.193741.png,0.09622477,0.7237891,0.00343675,0.00024156,0.00068056,3.949e-05,0.00959243,0.00015406,0.00060933,0.0042185,0.04325088,0.07822708,8.047e-05,0.00034359,0.6238754,0.00374752,0.00390583,2.477e-05,0.00031041
1.3.12.2.1107.5.3.56.1642.11.202011061507190843.png,0.9525126,6.652e-05,0.00050857,0.9643868,0.00466003,0.00549391,0.00318798,0.4323935,0.0689195,1.598e-05,0.21453854,0.03316507,0.02557232,0.001644,0.00067019,0.59149164,0.00254863,0.00090947,0.00010186
1.2.840.113619.2.370.4.279707905.1587881800.790014.png,0.1841339,0.7775676,0.00075562,0.01047694,0.04173225,0.01585074,0.07906138,0.01856796,0.04225288,0.79164416,0.02315676,0.0452651,0.00160658,0.2436847,0.12593934,0.00091759,0.00017754,3.435e-05,0.00024214
1.2.840.113619.2.370.4.279707905.1591063488.699987.png,0.0029421,0.11685905,0.00034406,1.2e-07,1.644e-05,0.00379331,0.05248167,0.00832173,0.00013814,0.00320354,0.69829977,0.03955436,0.0026284,0.06863226,0.00014552,1e-06,4.191e-05,0.00019241,0.00077712
1.2.840.113619.2.370.4.279707905.1604557952.961575.png,0.00109995,0.7439767,0.02661765,0.00129506,0.01436501,0.0009277,0.032406,0.00052964,0.05741496,9.076e-05,0.8980768,0.02099748,3.25e-06,7.395e-05,0.00303645,3.493e-05,2.257e-05,2.4e-07,4.61e-05
1.2.840.113619.2.370.4.279707905.1594012719.74938.png,0.00019125,0.9680998,0.01927699,0.00019186,0.18396424,0.0014145,0.02623894,1.944e-05,0.00285939,0.00014201,0.99067056,0.02208932,1.135e-05,0.00022194,0.0028948,6.009e-05,1.678e-05,6.62e-06,3.061e-05
1.2.840.113619.2.370.4.279707905.1576129507.122956.png,3.248e-05,0.9997124,1.032e-05,0.0,1.6e-07,1.5e-07,9.609e-05,1.9e-07,4.244e-05,1.01e-06,1.596e-05,0.00010945,0.9986664,5.218e-05,0.9013239,1.4e-06,1.92e-05,0.00159991,2.977e-05
1.3.46.670589.30.1.6.1.963334151171.1578995425812.2.png,2.54e-06,0.00027089,0.00017641,1.02e-06,5.54e-06,8.169e-05,0.01006449,0.00063776,0.00025027,7.2e-07,0.96597767,0.00037398,0.00087492,4.02e-06,6.018e-05,7.48e-06,0.00358444,6.2e-06,0.00182176
1.2.840.113619.2.203.4.279707905.1575576410.949382.1.png,0.04328273,0.3013163,9.47e-06,1.7e-07,1.36e-06,0.5997607,0.00166306,0.00239934,0.00043853,0.11310338,0.12071034,0.2750146,0.01270926,0.1144887,0.00018584,7.8e-07,4.62e-05,0.000371,1.909e-05
1.2.840.113619.2.370.4.279707905.1588041256.893727.png,0.00208228,0.6359155,0.00011828,0.0,5.28e-06,2.5e-07,0.03539926,3.726e-05,1.715e-05,8.43e-06,0.26715577,0.2610222,0.9892038,0.130412,0.14555576,5.69e-06,4.173e-05,0.00250932,5.65e-06
1.2.840.113619.2.370.4.279707905.1591339858.220993.png,0.00781458,0.03035466,0.00594681,9.082e-05,0.00230065,0.00024239,0.08632333,0.00202662,0.00397986,0.00658958,0.02189398,0.00021499,0.00202384,0.00767642,0.1588163,0.00034106,0.00143395,0.00171748,0.0085676
1.2.840.113619.2.370.4.279707905.1605060453.43025.png,0.15393668,0.2222152,0.08442637,0.9953194,0.00213683,0.05642173,0.02906207,0.08926951,0.0105152,0.00555762,0.00090757,0.0001041,1.416e-05,0.00088106,0.0004201,0.00567203,0.0698882,2.602e-05,0.00019994
1.3.46.670589.30.1.6.1.963334151171.1575675711937.2.png,0.48794457,8.876e-05,0.8154611,6.878e-05,0.0001398,0.00316423,0.6013965,0.32501453,0.00186557,3.582e-05,0.11385698,0.00135101,0.00677923,0.00046019,1.612e-05,4.89e-06,0.00195901,8.53e-06,0.01856253
1.3.12.2.1107.5.3.56.1642.11.202003201517240906.png,0.30568323,0.00212021,0.99583983,0.00744174,0.00105119,0.01665451,0.01403874,0.00059198,5.312e-05,0.00121673,0.03611316,0.06231402,0.00041282,0.00363105,0.00011771,0.00037014,0.00530212,0.00011773,0.00158204
1.2.840.113619.2.370.4.279707905.1600755108.114472.png,0.20299056,0.0786612,0.9036056,0.00079915,6.3e-07,4.811e-05,0.00019643,0.00121959,3.434e-05,0.00201621,5.77e-06,0.00561308,8.45e-06,1.942e-05,0.0048286,5.818e-05,8.757e-05,8.37e-06,0.00153025
1.2.840.113619.2.370.4.279707905.1597893755.257250.png,0.00086955,0.4448135,0.607415,0.00060177,0.00097713,0.0076629,0.00063233,0.00263855,0.00184051,0.00078434,0.43939024,0.4015228,0.00038312,0.00111316,5.836e-05,2.105e-05,8.846e-05,2.75e-06,4.363e-05
1.3.12.2.1107.5.3.56.1642.11.202003111602010953.png,0.9876654,1.45e-06,0.33607328,0.9575976,0.94304514,0.00168133,0.11444268,0.02603577,0.03034298,3.3e-07,0.03324678,0.02184462,0.00377606,0.00334971,2.104e-05,0.48495123,0.00335575,4.639e-05,0.00736251
1.2.840.113619.2.370.4.279707905.1600065678.825398.png,0.1397302,0.03868612,0.74520266,0.3664561,0.83744425,0.16258776,0.00127332,0.00071228,0.00799679,0.00405553,0.6859,0.06547082,0.00013371,0.01486725,0.00045037,0.00048618,1.314e-05,3.21e-06,0.0014721
1.2.840.113619.2.370.4.279707905.1576894831.452239.png,0.00221965,0.0071564,0.00048129,2.3e-05,0.00018304,1.443e-05,0.89183193,0.00613794,0.00363801,0.0005921,0.5256758,0.00011062,5e-06,0.00360146,0.00012535,2.416e-05,3.45e-06,0.00032168,4.671e-05
1.2.840.113619.2.370.4.279707905.1576737291.80454.png,0.02989682,0.84174615,0.01775522,1.995e-05,0.00303558,9.568e-05,0.75945705,0.00284405,0.00016954,0.00055477,0.20223784,0.00164817,0.00697702,0.00375524,0.00445232,2.475e-05,4.321e-05,0.01118887,0.0001569
1.2.840.113619.2.370.4.279707905.1576846267.710041.png,0.00037547,0.02843653,0.00074713,0.07583812,0.00494225,0.01367676,0.7902812,9.31e-06,0.39413923,0.6192002,0.00781279,0.00010582,7.673e-05,0.00576421,0.00236264,0.00013472,4.473e-05,0.0050316,5.319e-05
1.2.840.113619.2.370.4.279707905.1603004810.124741.png,0.24935074,0.44367832,0.00465654,0.00164368,0.00867535,9.416e-05,0.2451761,0.00172029,0.04517701,0.01429785,0.6724779,0.06463176,5.67e-06,0.16307852,0.00088186,2.529e-05,4.767e-05,2.339e-05,3.731e-05
1.3.12.2.1107.5.3.56.1642.11.202004131507460359.png,0.68125695,6.636e-05,0.9888243,0.9890974,0.00047558,1.285e-05,3.27e-06,1.5e-07,3.17e-06,8.2e-07,5.69e-06,1.156e-05,2.57e-05,4.709e-05,6.18e-05,0.92947125,0.00011408,0.00027293,0.01628576
1.2.840.113619.2.370.4.279707905.1577760902.214281.png,0.01396622,0.00827562,0.00103539,4.938e-05,4.408e-05,0.00016058,0.03198478,0.01269987,1.963e-05,0.00825556,0.65644634,0.13268353,0.00010788,0.0325832,0.00096704,8.82e-06,1.738e-05,9.9e-06,5.21e-06
1.2.840.113619.2.203.4.279707905.1576523985.808995.1.png,0.52297175,8.86e-05,1.185e-05,7.147e-05,0.03503193,1.318e-05,0.10475051,0.04084388,0.2783806,0.00117429,0.00282546,0.09393207,0.0039331,0.97456795,0.00034885,6.92e-06,3e-08,4.822e-05,5.5e-06
1.3.12.2.1107.5.3.56.1642.11.202009291603210421.png,0.29308012,0.01235148,0.9746821,0.95317215,0.00116332,0.05146769,0.00768534,0.5787027,0.28427964,0.00964045,0.03733876,2.34e-05,0.00015392,0.00325482,0.00032606,0.00217853,0.0003189,2.32e-06,0.00073389
1.2.840.113619.2.203.4.279707905.1578689802.791438.1.png,0.24124353,0.17620523,0.0003431,0.00085908,2.099e-05,0.0001397,0.00061875,0.00314299,0.5474715,0.5110025,3.248e-05,1.276e-05,0.00062443,0.0747258,0.0214642,4.59e-06,7.9e-06,0.00028442,0.00018748
1.2.840.113619.2.370.4.279707905.1590472730.766641.png,0.00707166,0.02746324,0.00711994,3e-08,0.01420845,0.00136657,0.04658194,0.00239838,0.00032726,0.22048186,0.007715,0.00128597,0.00026013,0.23040614,0.00231004,1.223e-05,0.0014024,0.00795983,0.0402828
1.2.840.113619.2.203.4.279707905.1577389047.998701.1.png,0.1845281,0.30615866,2.319e-05,0.00018688,0.00012183,0.00360927,0.00045883,0.00159045,0.00838282,0.9194496,0.00022831,8.831e-05,0.00136478,0.99997306,2.021e-05,7.2e-07,2e-08,0.00447528,0.00465346
1.3.12.2.1107.5.3.33.2229.11.202005311913250250.png,0.00672243,0.00446464,0.00364832,0.0,7.01e-06,0.00018759,0.27776104,0.03489692,0.06607193,0.0093865,0.08201881,0.00104809,0.00065551,0.00479288,0.00048355,3.3e-07,1.19e-06,9.33e-06,0.00703068
1.2.840.113619.2.370.4.279707905.1600064285.414783.png,0.00072353,0.9719795,0.3475444,0.00087675,0.08612049,0.00043524,0.03387885,0.00035799,0.00031374,0.00272063,0.12552217,0.0099924,0.000558,0.00032587,0.1841555,0.00048271,0.00494178,5.33e-06,0.00240718
1.3.12.2.1107.5.3.33.2229.11.202010171048200781.png,0.0553857,0.00133746,0.00389322,1.141e-05,0.00375782,0.16811933,0.11369935,7.032e-05,0.01461506,0.05100002,0.00360246,0.7514828,2.996e-05,0.00097984,0.00010273,4.52e-05,0.00099783,0.0039924,1.349e-05
1.2.840.113619.2.370.4.279707905.1577597490.190539.png,0.00771518,0.99856526,1.24e-06,0.00018553,2.66e-06,0.00768636,9.661e-05,9.106e-05,5.04e-06,0.993149,0.02971518,1.735e-05,7.35e-05,0.06093302,0.96429193,7.32e-05,1.631e-05,1.04e-06,0.00011546
1.2.840.113619.2.203.4.279707905.1574971099.40338.1.png,0.36116892,4.297e-05,2.87e-06,0.00017311,8.63e-05,9.208e-05,0.02693358,0.91105074,0.26479623,3.032e-05,0.0406923,0.1312172,0.00119481,0.7537363,0.00055872,1.796e-05,7.3e-07,0.00012029,4.347e-05
1.2.840.113619.2.370.4.279707905.1574920849.895499.png,0.00125414,0.9672658,0.04288796,2.9e-07,0.00259216,0.00028237,0.68405485,3.885e-05,0.00092745,0.00057068,3.45e-06,0.0067965,0.9998443,1.176e-05,0.05061242,1.71e-06,0.00097604,2.36e-06,4.2e-06
1.3.12.2.1107.5.3.56.1642.11.202009051523440187.png,1.85e-06,0.50109804,3.701e-05,0.22916295,4.2e-06,0.00010034,0.00433788,0.04254954,0.47401583,0.6665674,0.00532016,2.15e-06,5.3e-07,1.66e-06,0.00034819,0.00166265,3.239e-05,3.4e-07,3.61e-06
1.2.840.113619.2.370.4.279707905.1605400257.303722.png,0.11862805,0.00193088,0.00112952,0.55598557,0.00395199,0.00437241,0.00513523,0.00167625,0.75451666,0.00578175,0.49085748,0.01705856,1.46e-05,0.00776512,0.00421588,0.00077929,1.705e-05,6.659e-05,7.39e-06
1.2.840.113619.2.370.4.279707905.1576646053.471222.png,2.3e-07,0.13656807,0.00018944,7.21e-06,0.00037131,0.01288021,0.3422717,3.17e-05,0.0349998,0.02148304,0.19924156,0.00012421,0.00016384,3.365e-05,0.0001951,6.03e-06,0.0002224,0.00037802,2.45e-06
1.2.840.113619.2.203.4.279707905.1575402578.850600.1.png,0.01868865,0.02205735,3.695e-05,9.6e-07,0.00227466,0.00424489,0.00141258,0.00212041,0.00258422,0.0278482,0.00936718,0.00204199,0.00036555,0.06578712,0.00149725,0.00026144,5.37e-06,0.5032349,0.00067288
1.2.840.113619.2.370.4.279707905.1578616459.513687.png,0.02772117,0.14331888,0.00014044,0.00038872,0.00094641,0.00012676,0.12101959,0.00162812,0.00314939,0.0968549,0.28714353,0.00237692,0.00022213,0.18499827,0.01794587,0.00012783,8.447e-05,0.00828704,0.00058904
1.2.840.113619.2.370.4.279707905.1576550300.139538.png,6.119e-05,0.8390255,9.383e-05,1.228e-05,0.0006272,0.00048523,0.00646124,7.26e-06,0.00121492,0.95642114,0.00035457,3.744e-05,0.00023977,0.00108673,0.7493494,3.16e-05,0.00240764,0.00239465,0.0005571
1.2.840.113619.2.370.4.279707905.1575352220.288544.png,0.19068667,0.01585496,0.26561537,1.525e-05,0.00911701,0.00078594,0.47515863,0.00013505,4.906e-05,0.22650991,0.7071674,0.03750199,0.02213198,0.66323173,0.01711776,0.00013138,0.00353093,0.00603535,0.00746146
1.2.840.113619.2.203.4.279707905.1579030634.878610.1.png,0.84717965,0.00020729,0.54304296,0.99138767,0.6232216,0.7227764,0.18457398,0.30228874,0.91540706,0.0015963,0.03706206,0.00047189,0.00019038,0.01311333,0.00024491,0.00225212,0.0001918,0.00013258,0.00025022
1.3.12.2.1107.5.3.56.1642.11.202009171558190546.png,0.7803528,1.854e-05,0.900723,0.9972428,0.00093172,5.232e-05,2.779e-05,0.01536008,0.0043661,4.557e-05,0.00040311,0.00014827,1.368e-05,1.566e-05,1.481e-05,0.67487687,0.00065049,3.03e-06,0.00356991
1.2.840.113619.2.203.4.279707905.1583777026.87169.1.png,0.97970575,0.00055508,8.87e-06,0.00010839,0.02219985,0.00065631,0.21498486,0.06080082,0.37385336,0.00024361,0.23028345,0.09202217,5.478e-05,0.9928945,0.00019302,5.908e-05,3.14e-06,0.0006043,0.0001469
1.2.840.113619.2.203.4.279707905.1578943898.237885.1.png,0.00018588,0.00172479,9.6e-07,4.743e-05,0.00230408,0.00028699,0.2836468,0.8219858,0.14359872,0.03190794,0.00081609,4.406e-05,0.00169997,0.00066019,0.0040663,1.009e-05,3.26e-06,0.0214505,2.19e-05
1.2.840.113619.2.370.4.279707905.1576990887.254037.png,6.399e-05,0.00053026,3.7e-07,2.24e-06,5.48e-06,6.8e-07,0.07603498,0.09190241,0.00317889,0.00747706,0.00542466,2.87e-05,1.9e-06,0.2225457,0.00196213,7.6e-07,1e-08,2.89e-06,4.55e-06
1.2.840.113619.2.370.4.279707905.1602291779.678643.png,0.26109913,0.12096123,0.02024912,0.5953225,0.01016714,0.00547786,0.00039691,5.943e-05,0.00444607,0.5138633,0.00017507,0.00450782,6.8e-07,0.00061592,0.35598424,0.0058053,5.093e-05,5.929e-05,4.634e-05
1.2.840.113619.2.370.4.279707905.1605598070.476188.png,0.4285398,0.79450774,0.8170272,0.00015745,0.00146083,0.00032459,0.10555705,0.00036139,1.062e-05,6.217e-05,1.748e-05,0.04252606,0.01320718,0.00016931,0.15848345,7.808e-05,0.00407529,3.49e-06,0.0232736
1.2.840.113619.2.370.4.279707905.1578278685.933463.png,0.00600773,0.12492272,0.00661006,1.49e-06,0.00011303,0.00762851,0.12928458,0.9166638,0.0140597,0.04218524,0.04707352,0.0022191,0.00893983,0.02320727,0.00515204,2.252e-05,1.24e-06,0.00018902,0.00173697
1.3.12.2.1107.5.3.33.2229.11.202001281110440359.png,0.0,0.9999962,0.0,0.0,6e-08,0.00029591,5.17e-06,3.47e-06,1.124e-05,0.72472346,0.08441069,2.154e-05,0.00343248,5.64e-06,0.02208364,0.0,0.10166119,0.0,2e-08
1.2.840.113619.2.370.4.279707905.1575181323.60942.png,0.23792575,0.11576503,0.80009395,0.00195459,0.12846692,0.000128,0.01127929,0.00014733,0.0008513,0.00039089,0.00476023,0.6676075,2.115e-05,0.00031172,0.03090043,0.00175481,0.00018011,7.339e-05,0.00770233
1.2.840.113619.2.370.4.279707905.1603960430.691101.png,0.9958444,0.00044228,0.98942107,0.9884621,0.00016071,0.04467627,0.0003533,0.00717041,0.1115377,0.00203053,0.00017071,2.755e-05,3.982e-05,0.00380537,8.603e-05,0.00173572,0.00021723,0.00013067,4.073e-05
1.2.840.113619.2.370.4.279707905.1576216927.3186.png,0.61835176,0.27015558,0.00256514,0.00053528,0.00155591,0.03404236,0.3274085,0.06733753,0.00013334,0.32113957,0.16503899,0.0039779,0.00069793,0.18155588,0.02459838,0.00013959,0.00091759,0.00023943,0.01914294
1.2.840.113619.2.370.4.279707905.1576484963.639528.png,0.05190224,0.0001571,0.00616336,0.04192547,0.00100931,0.00059645,0.68038493,0.00891806,0.00112186,0.01167178,0.0682875,7.997e-05,9e-06,0.00132275,9.412e-05,1.332e-05,0.02392586,0.00060299,4.315e-05
1.2.840.113619.2.370.4.279707905.1579841136.216320.png,0.00145304,0.9986804,7.983e-05,2.619e-05,2.042e-05,1.26e-06,0.00080027,5.418e-05,1.5e-07,0.00016108,0.8513605,2.308e-05,0.00194021,0.04879386,0.00010257,8.421e-05,1.7e-07,8.479e-05,1.34e-06
1.3.12.2.1107.5.3.56.1642.11.202001161516090796.png,0.8317723,2.5e-07,0.05361337,0.9987099,1.852e-05,0.10102496,0.00239889,0.00571462,0.9491452,0.00315707,3.911e-05,2.63e-06,1.9e-07,0.00034327,1.934e-05,0.00993586,3.44e-06,0.01859925,4.73e-06
1.2.840.113619.2.370.4.279707905.1575763886.277346.png,0.08429763,0.16651519,0.00044729,0.21410935,0.01080485,0.05226982,0.01145813,0.02310304,0.00746991,0.26721174,0.06046722,0.00426953,0.00010404,0.00575469,0.15583095,0.00059929,5.71e-05,1.585e-05,0.00011142
1.2.840.113619.2.370.4.279707905.1576724553.150454.png,0.00555916,1.76e-06,0.0006304,0.9999856,1e-07,0.00053527,0.0031359,0.0116177,0.99997747,0.0060559,3.184e-05,1.2e-07,1e-08,1.45e-06,7.65e-06,0.00046064,2.84e-06,3.44e-06,4e-08
1.2.840.113619.2.370.4.279707905.1597381226.236741.png,0.01556066,0.00155296,0.02103658,0.94517595,0.00017625,0.00230161,0.00075336,0.00077387,0.9877802,0.00022371,0.08477113,0.00053544,1.36e-06,5.401e-05,0.00144957,0.00174213,1.563e-05,5.47e-06,1.058e-05
1.2.840.113619.2.203.4.279707905.1574968079.980747.1.png,0.99977946,0.00627606,0.03729478,0.00500032,1.599e-05,0.00366013,0.00139852,1.446e-05,2.36e-06,0.00021798,0.9988722,0.94298494,0.00214117,0.9714931,6.059e-05,0.00062433,0.00214188,0.00111153,0.00022686
1.2.840.113619.2.203.4.279707905.1577819510.894836.1.png,0.00014614,0.01336326,5.465e-05,2.313e-05,0.00961818,0.39009807,0.76732343,0.9985429,0.9250632,0.28492638,5.67e-06,1.119e-05,0.00037039,2.937e-05,0.00021607,2.868e-05,0.00018388,0.00100146,2.171e-05
1.2.840.113619.2.203.4.279707905.1579548360.418456.1.png,0.9972934,0.00017387,0.58687013,0.6574683,0.00420946,0.6793472,0.17008711,0.15055385,0.01691816,0.00281062,0.00061796,4.084e-05,1.108e-05,0.00169098,1.24e-05,0.00858389,0.0244061,0.05265581,0.00070661
1.3.46.670589.30.1.6.1.963334151171.1592381646125.2.png,0.00676784,0.00261472,0.12959184,0.00086876,0.13135266,0.0271135,0.7302269,0.00022122,1.512e-05,0.00486776,0.00934749,0.00616154,0.00050094,0.00014506,0.0026952,1.24e-06,0.84469783,4.43e-06,0.00012162
1.2.840.113619.2.203.4.279707905.1586439420.878180.1.png,0.01069281,0.08924532,0.00169711,1.33e-06,0.00181229,0.00724428,0.15006869,0.00296654,0.00279297,0.02469676,0.11018799,0.41676623,0.02135823,0.2580084,0.00051712,3.023e-05,2.87e-06,0.04799456,0.00020109
1.2.840.113619.2.203.4.279707905.1590691404.489648.1.png,0.9880884,0.00053699,0.95721906,0.31087115,0.00047883,0.23923394,6.859e-05,0.00261428,0.09080211,0.0042006,3.09e-05,0.00037043,0.00014115,0.00030524,9.52e-06,8.111e-05,0.0001377,0.04718636,1.139e-05
1.2.840.113619.2.370.4.279707905.1578535939.917045.png,0.08046832,0.11324165,0.45766532,0.00580709,0.1378381,0.00078391,0.8343288,0.00260243,0.00360071,0.00166376,0.19291008,0.11335126,0.00438189,0.01150132,0.0577882,0.00152292,0.00302394,0.00012077,0.0082614
1.2.840.113619.2.370.4.279707905.1578106273.62139.png,0.05763038,0.00059081,0.00022432,0.00693156,0.00024944,2.09e-06,0.0149067,0.00013881,0.9950052,0.00518195,0.00888727,0.78979456,8e-08,0.00059939,0.00466428,0.00011581,6.36e-06,5e-07,9e-08
1.2.840.113619.2.203.4.279707905.1596133356.864556.1.png,0.00571992,9.987e-05,4e-05,0.00028959,0.00096459,1.67e-06,0.07849697,0.12551752,0.9608795,0.00174434,2.52e-06,6.2e-07,2.26e-05,0.02235509,0.00108104,1.2e-06,1.576e-05,8.319e-05,5.27e-06
1.2.840.113619.2.370.4.279707905.1578163300.465023.png,0.35524964,4.75e-06,0.9999095,0.91836584,1.4e-06,0.00549981,2.4e-07,0.16415034,0.00045884,0.00094939,1.238e-05,9.496e-05,3.6e-07,3.56e-06,3.1e-07,2.987e-05,4e-08,1.9e-07,5.24e-06
1.3.46.670589.30.1.6.1.963334151171.1598274327343.2.png,0.9995894,0.00021174,0.9773754,0.7945505,0.15469666,0.00051497,0.00011378,1.99e-05,2.667e-05,4.47e-06,0.00064437,0.00774493,0.00451712,0.00026821,3.147e-05,0.0141705,0.04549745,0.00042946,0.00185638
1.2.840.113619.2.370.4.279707905.1578903624.209441.png,0.36124143,0.9274074,0.00058544,1e-08,1.68e-06,9.007e-05,0.02386162,0.00028789,2.16e-06,0.0003246,0.01436546,0.01320754,0.29095903,0.23389813,0.00377622,1.711e-05,2.49e-06,0.00063118,0.02038867
1.2.840.113619.2.370.4.279707905.1598323526.131366.png,3.482e-05,0.90326613,1.52e-06,0.0,1.218e-05,3.366e-05,0.2921651,0.00401135,0.00014245,0.00291886,0.26071852,0.00313063,0.00058968,0.0064081,0.00622961,3.4e-07,0.00010429,1.64e-06,0.00055521
1.3.46.670589.30.1.6.1.963334151171.1576012891687.2.png,0.95965904,3.3e-07,0.97329134,0.9998626,0.01201298,1.767e-05,0.00011335,1e-08,0.0,7.11e-06,9.62e-06,0.00013736,2.951e-05,1.4e-07,2.4e-06,0.00018532,0.05800405,6.71e-06,2.62e-05
1.2.840.113619.2.370.4.279707905.1596786699.397590.png,0.00061717,0.97159594,1.02e-05,9.51e-06,0.00176126,0.16820157,0.00063108,0.00020038,5.45e-06,0.89769614,0.00093563,0.00089891,1.356e-05,0.00030088,0.05423034,3.034e-05,0.00312867,0.00011493,6.287e-05
1.2.840.113619.2.370.4.279707905.1604900376.370076.png,0.01799112,0.5131778,0.00052765,0.00028282,0.00935666,0.00393356,0.39972305,0.2686739,0.01964987,0.43530783,0.06763782,0.00766974,0.00068583,0.20727909,0.01439927,9.355e-05,8.298e-05,0.0025287,0.0017493
1.2.840.113619.2.370.4.279707905.1581644981.855669.png,0.9999299,3.379e-05,0.7349033,0.9715326,0.00518674,0.00010983,3.906e-05,1.16e-06,0.00115061,9.62e-06,7.692e-05,0.00011589,8.919e-05,0.40563443,0.00020904,0.01083947,1.467e-05,0.00020743,0.00030394
1.3.12.2.1107.5.3.33.2229.11.202001291058320234.png,0.57526827,0.43928653,0.00010445,0.00266009,0.00698874,0.00471636,0.00031726,9.7e-07,0.00014838,0.0460253,8.326e-05,0.0010492,0.00086452,0.0593764,0.03173688,0.00010272,7.23e-06,3.17e-05,0.00017793
1.2.840.113619.2.203.4.279707905.1592505920.632919.1.png,0.01453452,0.270982,0.00364822,0.01269487,7.958e-05,0.0029451,0.08106321,0.13870993,0.89972425,0.45118052,7.56e-06,4.45e-06,9.227e-05,0.00020389,0.52488136,0.00016568,0.00502376,7.79e-06,0.00099168
1.3.12.2.1107.5.3.33.2229.11.202005231414130203.png,0.3438067,0.00026253,0.01384268,0.5376591,0.0001522,0.00145968,0.06508672,0.00016107,0.97233903,0.49914995,0.05499184,0.00055265,8.6e-07,0.0210257,6.649e-05,0.00193653,4.06e-06,0.00012605,3.103e-05
1.2.840.113619.2.370.4.279707905.1577207349.72842.png,0.18414712,0.89792925,0.00780033,0.00052913,0.00214919,0.00046157,0.00999334,2.66e-05,2.65e-05,0.03498662,0.839465,0.00276135,0.00041251,0.5945934,0.00014303,5.631e-05,3.51e-06,0.0005788,0.00016489
1.2.840.113619.2.370.4.279707905.1602998681.975399.png,0.03276091,0.07605239,0.00265484,0.80360657,0.00217783,3.907e-05,0.00032877,1.09e-06,0.6046213,0.00868071,0.11236577,0.00833131,2.2e-07,0.00026096,0.10685747,0.00398988,3.95e-06,7e-07,7.93e-06
1.2.840.113619.2.203.4.279707905.1575324695.179001.1.png,0.9970861,0.0027689,0.87654525,0.8807262,1.853e-05,0.09864385,0.02067855,5.89e-06,0.03915713,8.76e-06,0.00054634,0.00010237,5.208e-05,0.01915931,2.066e-05,0.03265289,0.00014258,0.00071667,4.72e-06
1.2.840.113619.2.370.4.279707905.1597124659.442157.png,0.00176038,0.01407903,0.00029532,7e-08,9.805e-05,1.29e-06,0.0210251,1.53e-06,1.136e-05,3.38e-06,0.896268,0.00204557,3.568e-05,0.01256503,0.00011619,0.00013075,3.4e-07,0.00272243,0.00014316
1.2.840.113619.2.370.4.279707905.1598408676.98759.png,0.9841802,0.00053409,0.9831855,0.99027014,0.00033246,0.00054913,4.746e-05,4.8e-07,0.00164717,0.0017583,5.63e-06,1.1e-06,3.66e-06,0.00360075,0.00021634,0.00094923,1.242e-05,1.345e-05,0.00042217
1.2.840.113619.2.370.4.279707905.1590557831.85184.png,0.00074756,0.02280752,0.00975276,1.6e-07,0.00016967,0.00493705,0.71112967,0.0454493,0.00299432,0.002985,0.00467294,0.22810458,0.72752625,0.00412188,0.00404606,0.00028561,3.16e-06,0.000437,0.00016998
1.2.840.113619.2.370.4.279707905.1578013763.245830.png,0.0029271,0.76831406,1.072e-05,2.012e-05,1.836e-05,1.85e-06,0.00169947,0.00022757,2.875e-05,0.00297271,0.3472821,1.956e-05,0.00035973,0.1651545,0.00106913,2.485e-05,1.93e-06,0.0005075,0.00019194
1.2.840.113619.2.203.4.279707905.1597342675.515761.1.png,0.93102366,0.00068375,0.99643135,0.98447984,0.00053058,0.03673378,0.00124153,0.9594604,0.99742854,0.48190787,1.617e-05,8.141e-05,1.86e-05,3.342e-05,2.533e-05,0.00035343,0.00048465,9.022e-05,8.782e-05
1.2.840.113619.2.370.4.279707905.1576286452.688425.png,0.00640669,0.00075041,0.01478757,0.01429447,2.072e-05,0.00258346,0.12771994,0.04323412,0.16453181,0.20737445,0.00532103,0.00010339,1.58e-06,0.00069753,0.00146824,0.0001402,4.93e-06,0.00041449,5.61e-06
1.2.840.113619.2.370.4.279707905.1600653897.377016.png,0.8333439,1.611e-05,0.7597231,0.9978446,0.45611313,0.20346849,0.9271696,0.00375935,0.6656529,0.00067122,0.00034013,0.00759133,2.668e-05,0.00465587,0.00010626,0.00024619,0.00040319,3.64e-06,1.149e-05
1.2.840.113619.2.370.4.279707905.1591408313.559747.png,0.00436248,0.9927304,0.00505492,6.95e-06,2.691e-05,1.38e-06,0.910035,4.4e-07,1.265e-05,4.07e-06,0.00593609,0.09976964,0.318259,0.00017455,0.84268934,8.53e-05,0.00013811,5.46e-06,1.163e-05
1.2.840.113619.2.203.4.279707905.1574786559.507445.1.png,0.2514663,0.00644028,0.01939438,5.6e-07,0.00011067,0.11925357,0.02902869,2.744e-05,0.00014408,0.02076172,0.00952101,0.25824034,0.24060167,0.34397203,1.994e-05,2.017e-05,2.07e-06,0.3443958,0.0003647
1.2.840.113619.2.203.4.279707905.1574702879.528287.1.png,0.02936158,0.00033152,0.19149192,0.08280564,0.00699612,0.06083257,0.4427407,0.00494965,0.04744018,0.00152748,0.00313462,0.00031174,0.00028159,0.00030091,0.00015785,0.00918134,0.00018606,0.02501619,0.00016089
1.3.12.2.1107.5.3.56.1642.11.202001141540520437.png,0.07966404,0.00020525,0.00690165,0.9942145,0.0001412,0.11906186,0.00332042,0.44203496,0.9834954,0.9647664,0.00108997,0.00012367,3.963e-05,0.00276755,0.00039189,0.00057034,0.00158618,7.528e-05,9.54e-06
1.2.840.113619.2.370.4.279707905.1579336996.183323.png,0.00178398,0.88708746,0.01568442,0.00051769,0.12366287,0.00079831,0.00379394,6.169e-05,0.00661051,0.00179439,0.9813379,0.12079884,4.466e-05,0.00118357,0.00667721,0.00020669,2.854e-05,2.88e-06,9.51e-06
1.3.12.2.1107.5.3.56.1642.11.202002061341030593.png,0.17995018,0.00051713,0.640291,0.98457634,4.06e-05,0.00359626,0.0282548,0.48998564,0.03204398,0.00125664,0.0184192,1.428e-05,1.31e-06,0.00013068,1.701e-05,0.09436521,0.00201059,8.14e-06,0.00332834
1.2.840.113619.2.203.4.279707905.1574783901.541926.1.png,0.00176134,0.9853184,1.851e-05,1.38e-06,0.00089201,0.06093622,0.07064013,0.00021325,0.00029228,0.01197224,0.02170485,0.00102958,6.648e-05,0.00074356,0.00127502,0.00014229,2.3e-06,0.01517672,1.913e-05
1.2.840.113619.2.203.4.279707905.1585920864.426179.1.png,0.752171,0.7719013,0.01989038,0.00066937,0.00231723,0.34590784,0.00194134,0.00011585,2.5e-06,0.0006248,0.01525601,0.00559063,0.4954318,0.00793291,0.00977798,0.00035849,0.00039264,0.06845708,0.00075103
1.3.46.670589.30.1.6.1.963334151171.1582037954265.2.png,0.65122825,0.00543653,0.16523175,0.95618707,0.00065776,0.16712487,0.00103116,0.01317168,0.02137449,0.01556067,0.0063587,0.00012852,3.298e-05,0.00039083,0.02416375,0.0970521,0.00667239,0.00012792,0.00086933
1.2.840.113619.2.370.4.279707905.1592520928.839624.png,0.00591997,0.9824133,0.00011384,4.83e-06,2.462e-05,3.77e-06,1.733e-05,2.8e-07,5.81e-06,0.07841079,0.01260426,1.276e-05,0.00012955,0.99672467,0.0002934,2.75e-06,5e-08,5.042e-05,0.0013875
1.2.840.113619.2.370.4.279707905.1602991090.738005.png,0.01535862,0.00480482,0.00535381,0.4554561,0.00044017,4.442e-05,0.7827364,0.8839645,0.9951697,0.00023989,0.00035421,1.221e-05,1.76e-06,1.965e-05,0.00332048,0.00017974,5.16e-06,8.1e-07,0.00010063
1.2.840.113619.2.370.4.279707905.1591840710.793625.png,0.83218414,0.00018503,0.99627227,0.015936,0.22594497,0.01523993,0.02361905,0.00064162,0.00068092,0.00015915,5.23e-05,0.22773261,3.945e-05,2.585e-05,3.226e-05,0.00016364,0.00038347,0.00021497,0.00073107
1.3.12.2.1107.5.3.33.2229.11.202008251340270031.png,0.00576548,0.00017752,0.04221498,0.10063387,0.00342444,0.00753115,0.22255453,0.00230123,0.78545135,0.03033374,0.00048004,0.00036007,3.774e-05,0.00019485,0.00027827,0.00093619,0.00069902,0.00311403,0.00106976
1.2.840.113619.2.370.4.279707905.1578632583.576850.png,0.5040297,0.00818525,0.00661456,0.00466845,0.00018356,2.872e-05,0.08154028,1.848e-05,0.10547235,0.04564033,0.00630365,0.00223378,2.038e-05,0.18233103,0.01185299,0.00307316,0.00574445,0.00061835,0.000249
1.2.840.113619.2.370.4.279707905.1588473656.223889.png,0.36392653,4e-07,0.09257496,0.9999496,7.8e-07,0.01500368,0.00030361,0.03302135,0.998005,0.000653,1.243e-05,2.19e-06,1.2e-07,7.5e-07,8.82e-06,0.00200598,2.79e-06,1.23e-06,4e-08
1.2.840.113619.2.203.4.279707905.1580843070.278526.1.png,0.99918795,0.01673315,0.00061952,0.08805371,0.00012443,0.00036016,0.00546395,5.8e-05,0.00020736,0.00021456,2.316e-05,8.996e-05,0.00050953,0.9874279,0.0008713,0.0002867,2.23e-06,0.40142435,0.00071899
1.2.840.113619.2.370.4.279707905.1589266218.222172.png,0.00160656,0.998192,0.00011519,0.0,1.06e-06,4.64e-06,0.00193374,2e-08,1.98e-06,0.00019317,0.08480368,0.00787236,0.5613035,0.00285573,0.02211237,6e-08,0.00041779,2.55e-06,5.847e-05
1.2.840.113619.2.203.4.279707905.1575662037.165477.1.png,0.21140753,0.00954858,0.04092654,0.05256115,0.00035209,0.00173819,0.03017248,0.12048042,0.1625553,0.07415988,0.00112347,0.00336717,7.194e-05,0.00480804,0.0382414,0.00273085,0.00241776,0.00015783,0.00473862
1.2.840.113619.2.370.4.279707905.1575178954.261890.png,0.99463814,1.481e-05,0.9991721,0.8420683,0.8370443,0.5817416,0.976585,4.063e-05,0.00039949,1.079e-05,2.998e-05,0.00041146,0.00152197,0.00068653,1.847e-05,0.00408356,0.00020449,0.00056788,0.00523894
1.3.12.2.1107.5.3.33.2229.11.202006291440290328.png,2.089e-05,0.87211007,1.524e-05,0.00028926,0.00025775,0.00011186,0.00113705,0.05447301,0.00103593,0.00528644,0.8728773,0.08009716,0.17237473,0.00035038,0.0081606,2.417e-05,0.00059223,1.64e-06,5.9e-07
1.2.840.113619.2.370.4.279707905.1603067724.706741.png,0.99873734,1.816e-05,0.39089164,0.81760126,0.26913396,0.02510204,0.00910353,0.00015113,0.2780746,0.0005226,0.00018823,0.00037421,0.00103777,0.44900203,0.0003046,0.00290267,9.91e-06,0.00072234,0.00036945
1.2.840.113619.2.203.4.279707905.1604344793.703987.1.png,0.365513,0.00043811,0.00015487,0.00155551,0.00078919,0.02087572,0.00415153,0.24242286,0.88658625,0.0041556,0.00047364,0.15555103,0.00038179,0.00772922,0.00067173,7.457e-05,1.256e-05,0.13256748,7.49e-05
1.2.840.113619.2.203.4.279707905.1603825587.333221.1.png,0.01018993,0.08153078,0.00100918,0.01496945,0.00039216,0.06396504,0.65895534,0.99495417,0.9999285,0.49968752,1.549e-05,1.066e-05,0.00018703,1.015e-05,0.00230265,0.00027327,0.00662316,8.051e-05,1.106e-05
1.2.840.113619.2.203.4.279707905.1578423881.356667.1.png,0.32926762,0.0002451,0.09271836,0.24869926,0.00019298,0.48621404,0.39138472,0.3881004,0.99273247,0.06067264,0.00060001,4.546e-05,1.67e-05,0.02139583,0.00052044,0.00127492,0.00056472,0.00010244,0.00042852
1.2.840.113619.2.370.4.279707905.1601275751.881056.png,0.47513667,0.2500636,0.7522954,0.00766086,0.01670326,9.297e-05,0.01774414,0.00646636,0.00443703,0.01826088,0.0103682,0.7370175,5.688e-05,0.00803204,0.0521964,0.00027367,3.193e-05,1.11e-05,0.00095522
1.2.840.113619.2.370.4.279707905.1576223602.839503.png,0.28290147,0.00164913,0.06585925,3e-08,0.00108102,0.00014591,0.96399784,0.00075344,0.0001535,0.00286786,0.00135913,0.00254484,6.391e-05,0.14984025,0.00382547,0.00019849,3.795e-05,0.11266739,0.0656902
1.2.840.113619.2.370.4.279707905.1603329481.877964.png,0.0325519,0.00024779,0.29939738,0.88946974,6.943e-05,0.00847758,0.00287144,0.00074561,0.99413127,0.00035867,0.00147235,0.00089504,3.1e-07,7.93e-06,0.00017708,0.00014813,3.005e-05,5.4e-06,1.01e-06
1.3.12.2.1107.5.3.56.1642.11.202009281603090515.png,0.9559263,0.00027795,0.992874,0.9986823,7.597e-05,0.05182257,4.936e-05,0.00121851,0.00044374,0.00012872,0.00179851,1.02e-05,1.59e-06,0.00143186,0.00014322,0.00920208,0.00047955,3.8e-07,0.0004629
1.2.840.113619.2.370.4.279707905.1581209901.504406.png,0.9495724,8.83e-05,0.8327195,0.8351172,0.00474017,0.0094014,0.00032639,0.00018654,0.974496,0.00016142,0.00256284,0.01011266,3.92e-06,0.00025386,0.00010213,0.01317288,6.48e-06,2.228e-05,2.022e-05
1.2.840.113619.2.203.4.279707905.1580844494.108245.1.png,0.15061188,0.35875705,0.12341109,0.00649244,0.00052572,0.29245347,0.0022612,0.00545143,0.20539136,0.48869967,1.88e-06,0.0017344,0.08192468,0.00014371,0.0505915,6.844e-05,0.00037962,8.02e-06,0.00069062
1.3.12.2.1107.5.3.56.1642.11.202003091108280031.png,0.00051959,4.034e-05,0.40836996,0.27330738,0.00116466,0.00024156,2.706e-05,6.9e-06,0.00439287,0.00017401,4.349e-05,0.01422612,0.00210865,1.874e-05,0.00024736,0.00145481,0.00025221,0.00036361,1.58e-06
1.2.840.113619.2.370.4.279707905.1602289336.751583.png,0.05148785,0.00059081,0.5299135,0.8041722,0.00048642,0.04415383,0.00198999,0.01443838,0.394938,0.00213815,0.10531572,0.00222878,3.699e-05,0.00079303,0.00030711,0.00204477,3.674e-05,5.57e-06,4.505e-05
1.2.840.113619.2.203.4.279707905.1577128319.85014.1.png,0.3852268,0.42698964,0.00052543,2.3e-06,0.00045234,0.062627,0.00243887,0.00065319,0.00298273,0.2224689,0.02178731,0.01595146,0.00129755,0.24580076,0.00068967,0.00013699,0.00343413,0.45607513,0.00167877
1.2.840.113619.2.370.4.279707905.1576650026.156894.png,0.00013343,0.94814074,0.00328156,0.00464426,0.00328489,0.00050953,0.15482856,0.10205825,0.11306494,0.00125906,0.16284306,0.08830403,4.131e-05,2.113e-05,0.01328375,0.00024977,2.513e-05,7e-07,7.55e-06
1.2.840.113619.2.370.4.279707905.1574948693.786707.png,2.261e-05,0.07874574,0.00025021,8.722e-05,1.672e-05,0.00581152,0.18226582,0.96537024,0.13936304,0.12487601,0.01097323,7.061e-05,6.841e-05,0.00013817,0.00015445,3.01e-06,3.35e-06,6.758e-05,7.4e-07
1.2.840.113619.2.203.4.279707905.1592507339.157724.1.png,0.20796707,0.22299577,0.00089279,0.05275106,0.04924212,0.8815369,0.00135149,0.01620473,0.00312414,0.15881245,0.00071163,0.00191669,0.00082521,0.00133892,0.17656697,0.00685158,0.00847407,0.07733104,0.00214404
1.2.840.113619.2.370.4.279707905.1579652555.621611.png,0.8573986,0.0003317,0.01462576,0.00120255,0.00134649,0.00553953,0.18889418,0.00062061,0.00034554,0.01966137,0.9580352,0.84738773,0.00011266,0.51315093,0.00021804,0.00171,0.0007891,0.01402848,5.123e-05
1.2.840.113619.2.203.4.279707905.1575659139.624257.1.png,0.1955146,1.454e-05,0.00041974,0.92153347,2.134e-05,0.05811196,0.00356291,0.8170405,0.99977344,0.00552081,0.0002333,7.737e-05,7.37e-06,7.696e-05,1.691e-05,0.0003254,4.439e-05,0.00015147,5.5e-07
1.2.840.113619.2.370.4.279707905.1599461755.464746.png,0.01376881,0.9727323,0.00233434,9.382e-05,0.00206325,5.1e-06,0.9532851,0.00227999,0.00764606,0.00125708,0.00493964,0.09568661,0.0123271,0.00152011,0.96621865,0.00097381,0.00064685,8.4e-07,0.00043325
1.2.840.113619.2.370.4.279707905.1574995470.761846.png,0.00200673,0.0578795,0.17239766,0.00019961,0.5728211,0.93796057,0.02654782,5.85e-06,0.00160395,0.93969387,0.00408102,0.01648726,0.00245141,0.00079524,0.00553523,9.912e-05,6.203e-05,0.00058989,0.00017219
1.2.840.113619.2.370.4.279707905.1590715235.118180.png,0.4887145,0.96382064,0.0005623,6.843e-05,7.129e-05,0.0009107,0.00045586,4.55e-06,8.86e-06,0.02587755,0.03114239,0.00988362,0.00275491,0.04923596,0.4941732,9.643e-05,0.00013106,6.92e-06,0.00089401
1.2.840.113619.2.370.4.279707905.1578015014.716310.png,0.021189,0.04206476,1.179e-05,0.00076573,0.00012303,0.00051794,0.19395308,0.00055163,0.01358757,0.02225797,0.01667772,4.85e-06,1.217e-05,0.25338936,0.00802517,4.9e-07,1.07e-06,7.82e-05,7.047e-05
1.2.840.113619.2.370.4.279707905.1602461897.971495.png,0.79877806,0.177873,0.16085187,0.19463328,4.503e-05,0.00014119,0.00083917,0.00231093,0.06475066,0.0448301,0.00034102,0.00577205,6.3e-07,3.066e-05,0.00707109,0.00069675,0.00159677,8.8e-07,4.197e-05
1.2.840.113619.2.370.4.279707905.1576484398.222341.png,0.01579952,0.12186621,1.86e-06,0.00013701,0.00084718,0.00021712,0.07209462,0.0894798,0.11530358,0.04283098,0.01497429,0.00097088,0.00020307,0.687283,0.00337971,8.341e-05,2.78e-06,0.0003251,0.00016248
1.3.12.2.1107.5.3.56.1642.11.202010231511130921.png,0.0310311,0.7024978,0.00429491,0.02182604,0.00951728,0.00018117,0.01726289,5.359e-05,0.00064466,0.0030358,0.00177841,0.31835395,0.18436472,0.00012369,0.1725411,0.00037652,0.00189393,2.926e-05,2.98e-05
1.2.840.113619.2.370.4.279707905.1600474597.721251.png,0.5386104,0.96797186,0.7209792,5.534e-05,4.294e-05,0.00928462,0.02376382,3.687e-05,6.227e-05,9.736e-05,0.00350515,0.01691723,0.8888983,0.06259002,0.00122519,9.115e-05,0.00076131,0.08711397,0.0050326
1.2.840.113619.2.370.4.279707905.1603439194.645157.png,0.00472674,0.16110985,0.00013652,0.00585482,0.00533374,0.00240582,0.0616876,0.00141324,0.06541834,0.53250456,0.00047736,0.00020828,0.0042771,0.00140894,0.1699227,0.00081421,0.00431909,6.784e-05,0.00025056
1.2.840.113619.2.370.4.279707905.1599197097.350068.png,0.24384376,2.557e-05,0.01960314,0.02319186,0.00032353,0.00079536,0.02586752,0.03726812,0.66816723,0.0477086,0.0298677,0.26549935,6.39e-06,0.01041655,6.675e-05,5.472e-05,1.218e-05,3.529e-05,3.7e-07
1.3.12.2.1107.5.3.33.2229.11.201911261408350937.png,0.77281713,0.00018771,0.5039696,0.08044885,0.08575426,0.7628501,0.0005316,0.0455182,0.07518792,0.00396546,2.871e-05,0.00214879,7.3e-05,0.00022762,0.00016912,0.00094843,0.0164199,0.09959618,4.219e-05
1.2.840.113619.2.370.4.279707905.1577135251.705645.png,0.0041631,0.00705178,0.00316187,0.19668928,0.00062167,0.00163874,0.00017932,7.535e-05,5.522e-05,0.95552266,0.00442453,4.23e-06,0.00025521,0.99993634,0.00010671,9.77e-06,1.93e-06,1.201e-05,2.848e-05
1.2.840.113619.2.370.4.279707905.1605244556.577324.png,0.01357716,0.00787845,0.00243594,7.7e-06,3.43e-06,2.756e-05,0.9306256,0.57288337,0.09860963,0.0004932,0.00163361,0.0074851,0.04416212,0.00207586,0.00111352,5.359e-05,7.52e-06,5.44e-06,0.00039847
1.2.840.113619.2.370.4.279707905.1577222217.896398.png,0.00037354,0.01782034,0.00019948,0.01517861,0.00410715,0.00188656,0.11501902,0.5382873,0.00536404,0.02744876,0.12874572,0.00036855,6.195e-05,0.01242865,0.00065694,1.695e-05,3.909e-05,0.0171095,2.765e-05
1.2.840.113619.2.370.4.279707905.1576891706.762161.png,0.83437085,7.083e-05,0.01087166,0.1046678,0.00052946,0.5358469,0.25190946,0.00183531,0.0221157,0.02546039,0.14624414,0.01425342,1.807e-05,0.04800636,5.48e-06,3.438e-05,4.116e-05,0.00069804,1.917e-05
1.3.12.2.1107.5.3.56.1642.11.202003301345360125.png,0.00333559,0.00705248,0.00042371,0.9975804,0.00010673,0.00026448,0.00196524,0.06179662,0.89390534,0.00108558,0.05480654,9.76e-06,2.2e-05,5.71e-06,0.00169036,0.15130928,0.00023985,9.179e-05,2.24e-06
1.2.840.113619.2.203.4.279707905.1584037907.319077.1.png,0.9943456,0.00171627,0.0017122,0.0005178,0.00219049,0.8829932,0.01903333,9.056e-05,0.24438572,0.07647934,0.00442538,0.1323982,0.00101852,0.41833612,4.813e-05,1.927e-05,0.00010483,0.02561174,6.696e-05
1.2.840.113619.2.370.4.279707905.1576828813.250516.png,0.9887314,0.01744794,0.4790836,0.9837098,0.01924601,0.00363994,8.998e-05,7.4e-07,0.00203733,0.00085829,0.00045653,0.00055022,0.00364409,0.9993654,0.02603269,0.08349874,1.535e-05,7.929e-05,0.00105852
1.3.46.670589.30.1.6.1.963334151171.1576310083062.2.png,0.00134066,0.00018626,0.00149945,0.11081885,0.00015951,0.00319184,0.07256399,0.00010003,4.74e-05,3.382e-05,0.06841652,1.218e-05,0.00059745,2.196e-05,1.723e-05,3.699e-05,0.8873482,0.00023908,0.00120334
1.3.12.2.1107.5.3.56.1642.11.202005091554010531.png,0.7888891,0.00068882,0.39602777,0.8265412,0.00015018,0.85114247,0.03081504,0.93821114,0.00434302,0.01488795,0.01665049,4.942e-05,2.968e-05,0.00191995,2.749e-05,0.00016021,0.00011945,0.00117344,0.00010059
1.2.840.113619.2.370.4.279707905.1585273031.303640.png,0.06558502,0.00137243,0.07247402,0.00386436,0.52385783,0.00683859,0.62420285,0.27872866,0.30340365,0.00369593,0.0006957,0.0020305,8.047e-05,0.00159584,0.00406515,0.0072135,8.854e-05,0.00187254,0.00015485
1.2.840.113619.2.203.4.279707905.1577218720.100094.1.png,3.32e-06,0.65822184,2.7e-07,0.00050059,2.535e-05,0.00178516,0.58673525,0.6258449,0.66843987,0.02686684,0.01245055,5.81e-06,0.00764033,2.661e-05,0.00200937,9.21e-06,1.37e-06,0.001223,1.59e-06
1.2.840.113619.2.370.4.279707905.1579766958.833889.png,0.00011086,0.00760595,0.2926949,0.12002591,0.00225874,0.00409187,2.1e-07,8e-08,7.64e-06,0.00704685,0.08348684,0.00023474,0.00029443,0.08763297,0.00077861,2.43e-06,7.963e-05,0.00020937,0.0025305
1.3.12.2.1107.5.3.33.2229.11.202006291600220312.png,0.00537414,0.95684326,4.27e-06,0.00024157,0.00016628,0.3713354,0.00075774,2.58e-06,4.864e-05,0.9823715,0.00183785,0.0005804,0.00047625,0.00112336,0.03550222,0.0001345,3.842e-05,0.00017451,1.493e-05
1.2.840.113619.2.370.4.279707905.1601173065.267759.png,0.45531705,2.5e-07,0.3440932,0.9996936,1.076e-05,0.02214002,2.558e-05,2.875e-05,0.99680275,8.001e-05,3.013e-05,8.467e-05,3e-08,3.357e-05,2.434e-05,0.00047688,8.7e-07,1.68e-06,1e-08
1.3.12.2.1107.5.3.56.1642.11.202009241519480906.png,0.00443324,0.7915056,0.00489701,0.03071734,7.023e-05,0.00418029,0.02489789,0.64323735,0.00540739,0.00121253,0.31267405,0.01213075,0.02991272,1.59e-05,0.00041605,0.00312048,0.05093143,2.626e-05,0.00034919
1.2.840.113619.2.370.4.279707905.1579674538.912731.png,0.00103449,0.06037648,0.00497151,0.03047043,0.23368587,0.5719104,0.40178385,4.165e-05,0.0097924,0.90152395,0.03155823,0.0020518,0.00179719,0.00475781,0.00231775,0.00024296,3.186e-05,0.00109208,3.131e-05
1.2.840.113619.2.370.4.279707905.1576070583.781415.png,0.18060765,0.00054291,0.4433733,3.4e-07,1.46e-06,4.497e-05,0.44315448,0.00014315,0.00024995,0.00068676,0.1449087,0.991776,0.05036146,0.06249849,3.187e-05,2.4e-06,3.136e-05,3.243e-05,7.4e-07
1.3.12.2.1107.5.3.56.1642.11.202001061616120218.png,0.08878362,0.0211977,0.00313806,0.718143,0.00652296,0.00626318,0.0009704,0.00830382,0.00278689,0.0014386,0.00157489,0.00518038,0.06185148,0.0001095,0.02890134,0.14099385,0.01025048,0.02923379,0.00050442
1.2.840.113619.2.370.4.279707905.1575942037.947049.png,0.02498566,0.0002349,0.00129787,0.1314194,0.00014173,9.664e-05,0.001018,5.553e-05,0.9997608,0.00042202,0.00042641,0.00897837,8.2e-07,0.00141686,0.00060734,3.284e-05,0.0001341,4.8e-07,9e-08
1.2.840.113619.2.203.4.279707905.1579711852.843013.1.png,0.923696,0.00092446,0.01579105,0.372497,0.0165799,0.00080735,0.09426554,0.00027853,0.06125992,0.00691453,0.00556007,0.00021988,0.00023527,0.4714339,0.00047938,0.00016586,9.9e-06,0.00217507,0.00037167
1.2.840.113619.2.370.4.279707905.1605401158.674963.png,0.437941,0.51181954,0.75363,0.00165304,6.01e-06,1.856e-05,0.00236615,3.165e-05,7.307e-05,0.00120962,0.00014081,0.1714156,0.00045982,0.00082576,0.1407938,0.000984,0.00029233,2.021e-05,0.00039089
1.2.840.113619.2.370.4.279707905.1603088075.331735.png,0.7358086,2.74e-06,0.39229423,0.99999166,0.00065466,0.12790643,0.0330774,8.235e-05,0.99988306,0.00029718,0.00033867,3.208e-05,5.2e-07,0.00050085,1.465e-05,0.00051094,3.1e-07,1.2e-06,4.176e-05
1.2.840.113619.2.370.4.279707905.1587696156.891905.png,0.0023279,0.9721178,0.0118213,3e-08,0.00010106,0.00012817,8.031e-05,1.33e-06,8.73e-06,0.20362248,0.00130742,0.00026012,9.332e-05,0.06185028,0.14326936,1.329e-05,6.57e-06,0.00205534,0.2641928
1.2.840.113619.2.370.4.279707905.1601864589.376964.png,0.04418798,0.0024858,0.00554896,0.97820216,0.00015914,0.00509563,0.00428607,0.02870496,0.9984242,0.00665423,0.00829567,0.00015967,2.33e-06,0.00107648,0.00081438,0.0016547,1.233e-05,1.949e-05,6.71e-06
1.2.840.113619.2.370.4.279707905.1605247013.124352.png,0.55217284,0.20221438,0.00017459,0.00556078,0.05427704,0.00176484,0.4627458,6.263e-05,0.9314991,0.2885531,0.08927323,0.07909644,1.409e-05,0.9726582,0.00053074,0.00116156,6.134e-05,4.26e-06,2.643e-05
1.2.840.113619.2.370.4.279707905.1597110436.644311.png,0.8833061,0.00788147,0.8136522,1.2e-07,2.602e-05,3.7e-05,0.09652111,0.0002621,1.98e-06,0.00090303,0.77634746,0.6025894,0.00654069,0.9378834,5.379e-05,1.569e-05,0.00018043,0.00627032,0.05671222
1.3.46.670589.30.1.6.1.963334151171.1576418411656.2.png,0.5134433,0.00015045,0.56942064,0.20079544,0.00025706,0.00997535,0.03762606,0.00985166,0.00011138,9.788e-05,0.01054775,3.885e-05,0.00559354,0.00646275,5.341e-05,0.00043024,0.01683724,3.87e-06,0.01503715
1.2.840.113619.2.203.4.279707905.1575318858.485419.1.png,0.58825153,0.00048542,0.00059605,8.394e-05,0.00300466,0.00559854,0.08508941,0.00044955,0.00213025,0.0214326,0.5075058,0.6991122,0.00135309,0.73363453,0.00018663,7.316e-05,1.06e-06,0.10647082,3.777e-05
1.2.840.113619.2.370.4.279707905.1589683040.415523.png,0.03913628,0.03594916,0.93584096,2.707e-05,0.00076147,0.00803192,0.00301403,1e-08,3.58e-06,0.01216678,0.00338262,2.285e-05,3.382e-05,0.08516229,0.00020895,6.19e-06,3.5e-07,1.176e-05,8.089e-05
1.3.12.2.1107.5.3.56.1642.11.202003131601300515.png,0.89969933,4.676e-05,0.67626053,0.93843377,0.011515,0.00075349,0.00477287,0.7439557,0.00783109,1.197e-05,0.00485424,2.065e-05,7.24e-05,0.00265913,0.00079242,0.41890633,0.02137099,0.01437644,0.00126195
1.3.12.2.1107.5.3.33.2229.11.202009221601040687.png,0.03813975,0.9336055,0.00019901,0.00245627,0.00016296,0.09533668,1.942e-05,7.864e-05,7.186e-05,0.9641849,0.05929047,0.00030745,0.00081842,0.01503843,0.20331725,0.00021888,0.00057074,4.987e-05,0.000332
1.2.840.113619.2.370.4.279707905.1578903885.279964.png,6.156e-05,0.2586958,0.01015286,0.70984125,0.07020758,0.05099988,0.00382999,0.01428436,0.00458864,0.00662484,0.8528737,0.00326141,2.877e-05,0.00612272,0.00011356,7.65e-06,0.00012464,1.748e-05,2.633e-05
1.3.46.670589.30.1.6.1.963334151171.1577384515156.2.png,0.9999348,8.16e-06,0.9974552,0.99992585,6.38e-06,0.00276082,9.991e-05,3.3e-07,8.5e-07,3.9e-07,1.977e-05,4.6e-07,6e-07,1.301e-05,3.29e-06,3.789e-05,4.898e-05,6.697e-05,2.07e-06
1.2.840.113619.2.370.4.279707905.1577498495.935334.png,0.01328455,0.01480474,0.02565033,0.16048169,0.01737347,0.01067741,0.34291768,0.5582495,0.00155839,0.02711784,0.06085806,0.0005016,0.00016936,0.0021522,0.00021565,1.528e-05,7.4e-07,0.00097835,9.12e-06
1.2.840.113619.2.370.4.279707905.1592871719.948697.png,3.538e-05,0.64787364,0.00118587,0.00131407,0.00048483,0.0108377,0.24735782,0.00994056,0.00280986,0.11137377,0.31926367,0.00017889,0.0002932,0.00738052,0.00069077,0.0001278,3.48e-06,0.00053093,1.232e-05
1.2.840.113619.2.203.4.279707905.1575927650.111584.1.png,0.9952366,4.05e-06,0.44978032,0.997372,0.02216418,0.02801317,0.5766061,0.92480886,0.9997313,0.01237287,4.7e-07,7.51e-06,4.958e-05,1.715e-05,3.941e-05,4.212e-05,0.00012628,1.169e-05,4.87e-06
1.2.840.113619.2.370.4.279707905.1579309474.574674.png,0.00157384,0.2025794,0.1957843,0.00098438,0.37674955,0.00415599,0.05313134,0.00030774,0.02267858,0.00012512,0.8433587,0.06958262,4.648e-05,0.00025711,0.00410429,6.859e-05,3.694e-05,4.51e-06,0.00014764
1.2.840.113619.2.370.4.279707905.1589537234.463626.png,0.16663434,0.0042746,0.00078543,7.362e-05,0.00373232,0.00014795,0.8195129,0.19945928,0.00258347,0.00166886,0.0419734,0.00044173,0.00092247,0.40483657,0.00427448,7.31e-05,0.00367001,0.00034251,0.14083247
1.2.840.113619.2.370.4.279707905.1592529813.204159.png,0.0201243,7.35e-06,0.00130619,0.39525083,5.9e-07,5.604e-05,0.00609013,0.13123721,0.9887907,0.01083358,0.00042388,6.852e-05,7e-08,0.00021927,0.00017023,4.104e-05,6.4e-07,3.06e-06,2.2e-07
1.2.840.113619.2.370.4.279707905.1603328258.899815.png,0.02666059,8.3e-07,7.031e-05,0.99978226,8.16e-06,0.0014353,0.0017665,0.0959447,0.99996406,0.00154018,0.00011881,0.00011195,1.5e-07,3.89e-06,6.741e-05,2.447e-05,6.14e-06,4.53e-06,2e-08
1.2.840.113619.2.370.4.279707905.1585374075.397089.png,0.07962832,0.14473794,0.5223177,3.342e-05,0.00029583,0.06020424,0.00337457,0.00017464,0.00029516,7.235e-05,0.63048416,0.15414399,0.01062008,0.04220335,3.697e-05,0.00011825,0.00042481,7.035e-05,0.00148845
1.2.840.113619.2.203.4.279707905.1574968787.710331.1.png,0.00583,3.57e-06,3.647e-05,2.538e-05,0.23210986,1.949e-05,0.6039177,0.86868453,0.9469307,9.421e-05,4.44e-05,7.821e-05,2.075e-05,0.07843245,0.00073394,4.57e-06,3.01e-06,0.00176035,1.139e-05
1.2.156.112536.2.560.64226048152091077.1334507911104.48.png,0.884098,0.01403858,0.25341573,0.9589796,0.0054198,0.0181949,0.05627012,0.0298972,0.23221155,0.00242323,0.00704771,0.00014415,0.00132607,0.061342,0.00137323,0.04390801,0.00069325,3.469e-05,0.00283641
1.3.12.2.1107.5.3.33.2229.11.202008211606310281.png,0.00014087,0.27853727,5.368e-05,0.00077367,0.00012726,0.00311528,0.00775847,0.01979534,0.7053499,0.0800906,0.02036098,0.03653228,0.00043335,7.849e-05,0.00277733,0.00038542,0.0136756,5.339e-05,2.24e-05
1.2.840.113619.2.370.4.279707905.1589422334.358482.png,0.08368515,0.02986498,0.03289606,0.01010507,0.00463642,0.3166203,0.0002608,0.00903862,0.00027576,0.21102089,0.0046393,0.0021861,0.0070032,0.00508065,0.45471263,0.00049309,0.0066317,0.00068513,0.00178008
1.2.840.113619.2.370.4.279707905.1605055024.904716.png,0.0095836,0.0674139,0.01169424,0.18255012,0.00025111,0.02958525,0.01482335,0.01476526,0.936778,0.4838456,0.0001803,0.00035472,4.04e-06,0.00029769,0.00938833,0.00138757,0.00073197,6e-06,0.00010434
1.2.840.113619.2.370.4.279707905.1600477601.188284.png,0.03133756,0.04748444,0.00032557,0.00047119,0.00116802,2.733e-05,0.02888386,5.155e-05,0.00135725,0.05046987,0.00136613,0.00010431,6.263e-05,0.11770276,0.02948215,0.00069195,0.00084134,0.00691824,0.00325176
1.2.840.113619.2.203.4.279707905.1585249605.936499.1.png,0.03050539,0.01684159,0.05962556,2.429e-05,0.00659045,0.4625418,0.00187961,2.586e-05,0.00572947,0.8939052,1.639e-05,0.03049978,0.06588847,0.00166476,0.03842292,3.74e-06,0.07238234,7.947e-05,0.00019624
1.2.840.113619.2.370.4.279707905.1575338673.487810.png,0.00344127,0.07903368,2.278e-05,0.00011396,0.00464158,0.00014266,0.07538847,0.00342744,0.10572405,0.5366928,0.00209067,0.0006815,0.00010013,0.96094304,0.00078758,2.002e-05,1.322e-05,8.925e-05,5.563e-05
1.2.840.113619.2.370.4.279707905.1577758590.586798.png,0.0272058,0.00226083,0.36522943,0.00077684,0.00038583,0.00019666,0.1358956,0.10816813,0.9204129,0.01671347,0.00018018,1.316e-05,4.654e-05,0.00225798,0.00579608,0.00107032,0.0005315,0.00011859,0.00045312
1.2.840.113619.2.370.4.279707905.1575268280.875440.png,0.05929492,0.00297028,0.5859004,0.71305704,0.32096007,6.388e-05,0.00050244,0.07043798,0.00428608,1.4e-06,0.00153876,0.95020616,0.00016627,5.986e-05,0.00138266,0.07355908,0.0025873,3.012e-05,0.00412712
1.2.840.113619.2.370.4.279707905.1576651229.966087.png,0.00845852,0.2575976,0.00513133,7.074e-05,0.00102637,0.00707933,0.0055228,9.955e-05,0.00033168,0.50917715,0.01234062,0.00035309,0.00379928,0.05605803,0.28662243,7.742e-05,0.00271914,0.02427347,0.00709041
1.2.840.113619.2.370.4.279707905.1577426994.297186.png,0.5625694,0.00031956,0.25173172,0.21256338,0.02475516,0.00179052,0.0408228,4.5e-07,0.00116437,0.00843642,0.00085193,0.0010047,0.00408605,0.95366573,0.00205579,0.00224609,5.6e-06,0.00071723,0.00024845
1.2.840.113619.2.203.4.279707905.1584455170.377328.1.png,0.972852,3.818e-05,0.00082542,0.1078424,0.00078271,0.09485935,0.03172815,0.33770075,0.99092406,0.00179381,0.00024006,0.00220707,0.00145913,0.01058115,0.00043854,0.00159742,5.396e-05,0.02727258,7.39e-06
1.2.840.113619.2.370.4.279707905.1579307793.384435.png,0.04593112,0.11924695,6.639e-05,0.65106493,0.00077798,0.0275631,0.03405562,0.18852744,0.15653014,0.2502884,0.00015277,0.00907171,2.137e-05,3.833e-05,0.02270053,0.00326866,0.02669727,9.35e-06,9.89e-06
1.2.840.113619.2.370.4.279707905.1578033163.376012.png,0.9979103,0.01211219,0.000126,0.01197113,1.221e-05,0.00044712,0.0103978,5.18e-06,0.00261574,0.00430469,0.00031272,4.41e-06,1.456e-05,0.991295,0.00023996,7.798e-05,2.4e-06,0.9225482,0.00085141
1.2.840.113619.2.370.4.279707905.1579652763.350384.png,0.00380286,0.0896228,0.34571117,6.6e-07,0.04495852,0.00224828,0.742173,3.24e-06,0.00037839,0.0017424,0.13032971,0.00654466,0.00047495,0.00843218,0.00024835,3.707e-05,3.621e-05,0.00248514,8.278e-05
1.2.840.113619.2.370.4.279707905.1587352143.143768.png,0.23714007,1.39e-05,0.8213929,0.82664496,1.811e-05,0.01175891,0.39078787,0.00460023,0.29192987,0.02206122,1.116e-05,2.85e-06,1.41e-06,9.93e-06,3.093e-05,0.00010388,2.676e-05,0.00017844,1.7e-06
1.2.840.113619.2.370.4.279707905.1605252351.428263.png,0.090145,0.95821387,0.05229806,0.04880362,0.48825917,0.00943065,0.9407819,0.8458906,0.00047605,0.01519636,0.00013392,0.00027359,0.00089736,0.00372492,0.00324959,0.00015153,0.00645753,9.57e-06,0.01551604
1.2.840.113619.2.203.4.279707905.1574783464.188206.1.png,0.26266015,0.00222298,0.22284713,3.9e-07,4.512e-05,0.9784908,0.0051774,1.959e-05,9.74e-06,0.3466544,0.00349267,0.2913566,0.10498068,0.02175632,1.216e-05,9.9e-07,7.452e-05,0.00025082,4.79e-06
1.2.840.113619.2.370.4.279707905.1597890380.378450.png,0.95917267,0.17610586,0.16478035,0.00111067,4.488e-05,1.43e-05,0.00078796,0.00010205,6.29e-06,0.05398214,4.53e-06,0.00314269,1.93e-06,6.685e-05,0.00114606,0.00037079,0.0002307,0.00015997,1.618e-05
1.2.840.113619.2.370.4.279707905.1576399735.592359.png,0.26182142,0.00422563,0.00940045,0.0017734,0.00047054,0.00059588,0.67693347,0.04708015,0.00441343,0.00017622,0.00205651,0.9478368,0.9335414,0.00240506,0.00469889,0.00184204,0.00208748,7.213e-05,0.00427685
1.2.840.113619.2.370.4.279707905.1578983010.220553.png,0.02059011,1.81e-06,0.72019714,0.98505265,0.01659218,0.00010042,4.1e-06,4.72e-05,0.03835706,2.13e-06,1.356e-05,0.01712485,1.62e-06,1.56e-06,1.252e-05,0.05723822,4.131e-05,1.57e-05,8.747e-05
1.2.840.113619.2.370.4.279707905.1596504803.235190.png,0.05049623,0.00033568,0.00692631,0.00138189,1.462e-05,4.392e-05,0.01005942,0.00159594,0.84565365,0.00229239,0.08687729,0.10075463,6.3e-07,0.03505207,0.00071136,8.092e-05,5.57e-06,9.45e-06,6e-07
1.2.840.113619.2.370.4.279707905.1579330616.327248.png,0.00131768,0.9905151,0.00714128,0.01174784,0.01766441,0.00152575,0.79892874,0.2411611,0.10636081,0.00275044,0.58464855,0.0005046,0.00119447,0.00060784,0.00547279,0.00012613,0.00274471,2.57e-06,1.804e-05
1.2.840.113619.2.370.4.279707905.1579411752.482530.png,0.00947334,0.0583965,0.1293281,0.03975969,0.00553244,0.00011147,0.00059183,5.32e-06,0.03649417,8.298e-05,0.8826055,0.01394713,8.9e-07,0.00019149,0.00328646,0.00040146,4.67e-06,4.4e-07,7.05e-06
1.2.840.113619.2.370.4.279707905.1576113161.464095.png,0.94741786,4.24e-06,0.9454799,0.98651266,0.04484382,0.00296962,0.39326307,0.00463316,0.50167185,0.00025922,8.6e-06,5.585e-05,4.502e-05,3.441e-05,3.548e-05,0.00436882,0.00020772,0.00015233,0.00011817
1.3.12.2.1107.5.3.56.1642.11.202006011532510093.png,0.98439634,3.919e-05,0.99732494,0.9999713,0.00350835,0.01349516,0.01449382,0.01290762,0.00223411,2.937e-05,0.00028013,5.416e-05,8.887e-05,0.00014047,2.92e-05,0.05763272,0.00026182,2.63e-05,0.00043432
1.2.840.113619.2.203.4.279707905.1575930516.320518.1.png,0.9983595,0.00165467,0.01932238,0.00773627,0.00011914,0.00629094,0.02520561,0.00426257,0.02240184,0.00261165,0.00269669,0.00331217,4.768e-05,0.99321187,9.829e-05,0.0020017,4.61e-06,0.00439,0.00017145
1.2.840.113619.2.370.4.279707905.1577036748.41341.png,0.02201616,0.00125848,0.5335468,0.9686018,0.00261354,0.12244163,0.05716277,0.03528858,0.46339107,0.01949356,0.00046913,5.965e-05,1.52e-06,0.00026789,4.903e-05,0.00023225,6.67e-06,1.957e-05,7.209e-05
1.2.840.113619.2.370.4.279707905.1574665464.699829.png,8.49e-05,0.913837,2.459e-05,0.0003583,0.00197766,0.00043398,0.07565472,0.0199781,0.00035028,0.00271893,0.94253993,0.00051434,0.00018203,0.00379421,0.00067865,7.849e-05,4.66e-06,5.546e-05,1.84e-06
1.2.840.113619.2.370.4.279707905.1601345968.878940.png,0.00970408,0.29182795,0.3868147,0.00211979,0.00176703,0.00189172,0.02790504,0.51727813,0.03275748,0.00203738,0.00443947,0.13492203,0.00047058,0.00020931,0.00018506,5.099e-05,8.979e-05,3.87e-06,5.965e-05
1.2.840.113619.2.370.4.279707905.1575956608.3574.png,0.01200094,0.32011163,0.33291948,0.00152264,0.0812161,0.01082558,0.51188445,0.00023939,0.00057037,3.81e-06,0.01431368,0.19107278,0.44838193,0.00034039,0.02256109,0.00101921,0.000184,4.52e-06,0.0012636
1.2.840.113619.2.203.4.279707905.1578348352.509663.1.png,0.33864087,0.02110092,0.00016947,3.38e-06,0.00049031,0.03080768,0.00820602,0.00367713,0.08427329,0.12779771,0.00740658,0.00432469,0.000109,0.34830517,0.00221066,0.00059691,5.67e-05,0.24636345,0.00204507
1.2.840.113619.2.370.4.279707905.1587432295.47342.png,0.39879355,0.0342297,0.11327918,0.91366947,6.192e-05,0.00610796,0.01492838,0.0069079,0.08876998,0.00343831,0.00066419,0.00405673,2.371e-05,0.0012734,0.0087085,0.00375035,0.00132187,2.206e-05,7.325e-05
1.2.840.113619.2.370.4.279707905.1598250932.520137.png,0.78713965,0.00779407,0.14774373,0.00888231,0.00123206,0.09646528,0.00635231,1e-07,0.00246131,0.07731226,0.00054054,0.00068681,0.00019821,0.9030972,0.00045822,0.00024668,1.68e-06,0.00412032,0.00115449
1.2.840.113619.2.370.4.279707905.1597646951.652216.png,0.24555372,0.7835578,0.90388465,0.00023962,0.0304573,6.494e-05,0.00245253,6.476e-05,0.00019036,0.00381264,0.00438671,0.4297868,0.00020352,0.0019849,0.19668879,8.627e-05,5.025e-05,1.892e-05,0.00252338
1.2.840.113619.2.370.4.279707905.1588994575.61680.png,0.0069661,0.0343299,0.34939873,0.01149144,0.24082442,0.34361985,0.06849982,0.00147752,0.00027714,0.9923856,0.00317794,0.00245228,0.00215449,0.0331736,0.00864343,0.00057961,0.0004799,0.00131267,0.00060852
1.2.840.113619.2.203.4.279707905.1576531694.151322.1.png,0.99986696,7.261e-05,0.10474853,0.95314187,0.00546777,0.07070834,0.0023036,2.74e-05,0.7312062,0.00079649,7.364e-05,0.00045327,0.00032023,0.9225428,0.00015295,0.00066488,3.62e-06,0.14293782,5.181e-05
1.2.840.113619.2.370.4.279707905.1576543571.707270.png,0.94620574,0.00631718,0.99997014,0.07486826,0.00953702,0.0001148,0.0254134,0.00029466,1.8e-07,0.00304968,6.69e-06,3.295e-05,5.2e-07,0.0003549,0.00017913,1.905e-05,4.693e-05,1.03e-06,0.00111356
1.2.840.113619.2.370.4.279707905.1600912186.732616.png,0.01750725,0.12188188,0.03054645,0.36333612,0.8292162,0.30694243,0.9466718,0.91812974,0.00066781,0.00196938,0.00018253,0.00032335,0.00109461,3.899e-05,0.00051398,0.00010405,0.02955734,1.502e-05,0.00020132
1.3.12.2.1107.5.3.33.2229.11.202001051345020593.png,0.01844239,0.00035122,0.13943385,0.02660315,0.0039834,0.679065,0.01207734,0.03205754,0.00910303,0.08581454,0.4254853,0.00452012,0.00114823,0.02880992,0.00012589,0.00087527,0.01121105,0.00886203,0.00060889
1.2.840.113619.2.370.4.279707905.1577409422.906471.png,0.01467405,0.5527954,0.01469629,3.431e-05,0.00938448,0.18681335,0.00015118,1.274e-05,6.891e-05,0.9897105,0.00402633,0.00040254,0.00058774,0.09883394,0.14429086,0.00020998,0.00119352,0.00014047,0.01218868
1.2.840.113619.2.370.4.279707905.1574903116.803897.png,0.01392126,0.03399391,0.00016085,0.00060826,0.00242751,0.00015674,0.08359198,3.933e-05,0.00087028,0.00763867,0.6038153,0.00059908,4.275e-05,0.01873869,0.001624,5.04e-06,2.389e-05,2.803e-05,9.44e-06
1.2.840.113619.2.370.4.279707905.1585703882.144852.png,5.15e-06,0.9998134,5e-08,0.0,1.3e-07,8.72e-06,0.00171397,7.17e-06,0.00021339,0.00078914,0.03313878,0.00013381,0.09365486,0.00057874,0.13707913,1.6e-07,0.00011601,7.775e-05,4.8e-06
1.2.840.113619.2.370.4.279707905.1605061531.258341.png,0.01402168,0.00023676,0.08721673,0.6369575,3.903e-05,0.01136304,0.00329998,0.4085604,0.96527106,0.03024296,0.00015153,6.45e-05,6.2e-07,0.00010535,0.00150233,0.00020988,6.67e-06,4.7e-07,2.85e-06
1.2.840.113619.2.370.4.279707905.1604884589.529716.png,0.00075392,0.9766724,0.00228803,0.00200455,0.0110737,0.02991778,0.03117816,0.05438157,0.00079978,0.92677486,0.4432698,0.0046847,0.00511052,0.00374155,0.09373142,0.00023368,0.00017885,5e-06,2.318e-05
1.2.840.113619.2.370.4.279707905.1575514636.50916.png,1.041e-05,0.64106566,0.00118978,8.192e-05,0.00023264,0.00489237,0.03920958,0.00135525,2.832e-05,0.71088886,0.7604932,0.00101193,0.00019185,0.02583323,2.949e-05,5.84e-06,3.958e-05,2.272e-05,2.6e-07
1.2.840.113619.2.370.4.279707905.1583734242.372727.png,0.6677222,0.00031919,0.0780056,0.78614223,8.364e-05,0.00367501,0.02847971,0.0041485,0.11022384,0.09390156,0.001997,0.00027591,1.048e-05,0.00256181,0.00069377,0.00064904,0.00063325,0.00130943,9.892e-05
1.2.840.113619.2.370.4.279707905.1595291549.464216.png,0.07479948,0.0,0.01575999,0.99999595,1.108e-05,0.04549604,1.944e-05,0.00018496,0.80916935,0.00024908,4.73e-06,1.876e-05,1.4e-07,4.3e-07,1.62e-06,0.00030611,1.08e-06,1.43e-06,0.0
1.2.840.113619.2.370.4.279707905.1579134749.607790.png,0.01861216,0.0070623,3.042e-05,0.00118893,0.00011035,0.00163059,0.00207196,0.10843948,0.00014478,0.17599352,0.14337638,0.0107212,2.027e-05,0.07799782,0.0064686,0.00016682,1.017e-05,1.317e-05,1.554e-05
1.2.840.113619.2.370.4.279707905.1599547541.35002.png,0.17690697,0.03763107,0.20329656,0.00316249,0.00042251,0.00019124,0.00809367,0.00104572,2.998e-05,0.0008217,0.00042466,0.12340715,0.00104698,0.00019274,0.79901034,0.00043166,0.00095203,8.58e-06,0.00066718
1.2.840.113619.2.370.4.279707905.1576655823.339101.png,0.04355362,0.01739121,0.988462,0.58823884,0.00895396,0.00262504,0.10773584,0.00080775,0.0006415,0.00023854,0.00011392,0.00066701,8.458e-05,6.33e-05,0.03879631,0.00599157,0.0069623,6.3e-07,0.00112982
1.3.12.2.1107.5.3.56.1642.11.201912311905260375.png,0.65200996,5.141e-05,0.8753288,0.9993745,1.386e-05,0.0008636,0.00023665,0.30985662,0.9859812,0.0005373,3.73e-06,5.8e-07,1.69e-06,2.45e-05,0.00135703,0.02389693,0.00012059,0.00024521,3.6e-06
1.3.12.2.1107.5.3.56.1642.11.202008071525080203.png,0.979538,2.88e-05,0.9787293,0.996174,0.30428076,0.00059265,0.02007002,0.00563162,1.967e-05,1.391e-05,0.00030695,3.907e-05,0.00034275,0.0004219,1.792e-05,0.00158381,0.10582439,0.00013987,0.0367964
1.2.840.113619.2.370.4.279707905.1575505248.471120.png,0.00643026,0.23494785,0.13919571,8.36e-06,0.00057781,0.04389012,0.06661884,0.00013662,7.83e-05,0.02337494,0.00010475,0.8394259,0.9994229,0.00022482,0.0033008,0.00032097,1.364e-05,0.00025144,4.381e-05
1.3.12.2.1107.5.3.33.2229.11.202007190936590687.png,0.40849736,0.05264912,0.0086746,0.09668895,0.11295118,0.80448467,0.03347337,0.03430031,0.0048349,0.07086017,0.0027778,0.00155659,0.00013743,0.00335124,0.00656971,0.00102542,0.49993587,0.02092017,5.831e-05
1.2.840.113619.2.370.4.279707905.1601258197.805170.png,0.9991485,2.297e-05,0.9991122,0.99999994,0.00063186,0.14939415,2.54e-06,0.00078667,0.00230415,0.01257638,4.4e-07,1.6e-07,8e-08,0.00189303,5.85e-06,0.00114104,3e-08,1.53e-06,1.53e-06
1.2.840.113619.2.370.4.279707905.1575420632.543295.png,0.01284601,0.01209278,0.00062331,0.12142123,0.00272363,0.01586661,0.5784453,0.00033205,0.12334791,0.5103085,0.00325513,0.00143989,0.00039595,0.32374907,0.00080145,0.00062086,5.949e-05,0.00040848,0.00026179
1.3.12.2.1107.5.3.33.2229.11.201912281643090562.png,0.03365472,0.16459288,0.07939816,0.00016533,9.53e-06,5.174e-05,0.00158256,1.69e-05,1.056e-05,0.00139533,0.06114238,0.5203814,0.11585167,0.00509106,0.03079716,0.00022853,0.00109949,1.91e-06,7.478e-05
1.2.840.113619.2.370.4.279707905.1578798661.909212.png,0.92585254,0.00010555,0.98011106,0.65698487,0.00801751,0.00267416,0.01021375,0.04370078,0.08116654,0.00144984,0.00066578,0.49584347,4.581e-05,0.00054029,3.748e-05,0.00065447,5.549e-05,0.00062168,0.00035532
1.2.840.113619.2.203.4.279707905.1588788443.931662.1.png,0.97869545,0.7750108,0.6255512,0.00043597,0.00196494,0.4364639,0.00101841,2.808e-05,0.02029772,0.00058888,0.00028076,0.00459396,0.15915893,0.02500475,1.519e-05,9.289e-05,0.0007396,0.1420413,0.00277996
1.2.840.113619.2.370.4.279707905.1598250440.199366.png,0.41885197,0.05416568,0.88946664,0.12854375,0.8800571,0.02489138,0.991844,0.01281576,0.01143285,6.111e-05,0.0782249,0.31515393,0.02649205,0.00437262,0.0283323,0.00443164,0.00131628,1.169e-05,0.00306835
1.3.12.2.1107.5.3.56.1642.11.202010101602540750.png,0.00918418,0.01806758,0.49502417,0.3884821,3.89e-05,0.02434733,0.00306348,0.55658925,0.72118086,0.08272538,0.00010099,1.957e-05,1.124e-05,0.00013735,0.00446457,0.0008312,0.0026866,4.55e-06,0.0006389
1.2.840.113619.2.370.4.279707905.1597717696.441219.png,0.79403806,8.036e-05,0.6223298,0.8887286,5.17e-06,0.00255704,0.00216905,0.00130189,8.354e-05,0.02876024,0.00789338,0.0002704,2.392e-05,0.00266089,6.27e-06,6.24e-06,0.00085675,1.13e-06,3.766e-05
1.2.840.113619.2.370.4.279707905.1585703599.544154.png,0.03094482,0.97015744,7.292e-05,0.00168967,0.00109447,0.15316398,0.00536633,0.03056953,0.01395642,0.03720826,0.00617753,1.107e-05,0.00327976,0.00080626,0.28971925,7.464e-05,0.11845439,4.918e-05,5.796e-05
1.2.840.113619.2.203.4.279707905.1585850537.296631.1.png,0.2930434,0.00024828,5.582e-05,0.01558344,0.0016847,0.00458202,0.07709036,0.01849485,0.29910648,0.0479139,0.0018911,0.00162486,0.0006714,0.9847969,0.0001155,1.487e-05,2.3e-07,0.00148986,6.314e-05
1.3.12.2.1107.5.3.56.1642.11.202006071546380187.png,8.276e-05,0.0003148,4.413e-05,0.99943006,0.00010096,0.23365138,6.27e-06,0.81517816,0.00503608,3.428e-05,0.4443245,2.01e-06,0.00010261,2.9e-06,0.00011984,0.14025193,0.0032285,2.91e-06,1.806e-05
1.2.840.113619.2.203.4.279707905.1579795327.579091.1.png,0.98244953,0.0305725,0.4290381,0.5419741,0.00706577,0.624735,0.00301058,0.00193553,0.00211427,0.01564725,0.00038384,0.00024161,0.00042309,0.00608343,0.00049108,0.00227643,0.00559844,0.00151887,0.00463654
1.2.840.113619.2.370.4.279707905.1577587494.457269.png,0.99386215,0.007541,0.00244393,0.89985824,0.02356417,0.00012642,0.00225958,4.71e-06,7.117e-05,0.04648123,0.0026946,8.967e-05,0.00020321,0.16420901,0.00661464,0.00132772,4.434e-05,0.00044525,0.00015283
1.2.840.113619.2.203.4.279707905.1590691213.480454.1.png,0.00067235,0.39054245,1.963e-05,4.868e-05,0.00117505,0.01083226,0.00353848,0.14552216,0.03376666,0.15975468,0.00084665,0.00035751,0.05936394,0.00754084,0.839295,0.00019925,5.95e-06,0.01527218,0.00016132
1.2.840.113619.2.370.4.279707905.1574648131.606947.png,0.99999154,0.00055496,0.4408246,0.7168649,0.00249794,0.25057286,0.00084701,4.64e-06,0.00178733,8.29e-05,3.842e-05,0.0020421,0.00033464,0.90778375,3.442e-05,0.0021963,3.47e-06,0.04048875,0.00012169
1.2.840.113619.2.203.4.279707905.1580759839.437758.1.png,0.00186141,9.1e-06,5.7e-07,1.89e-06,2.761e-05,1.7e-07,0.19549967,0.0009989,0.6068366,0.00023781,0.0011118,7.983e-05,6.91e-06,0.68960816,0.00029782,6e-07,1.37e-06,0.69796467,3e-06
1.3.12.2.1107.5.3.56.1642.11.202002101503220000.png,0.00014296,0.00069959,0.03030794,0.24538513,5.21e-06,0.00033227,0.03018802,0.00062749,0.9663826,0.24976258,0.00176863,1.97e-06,6.4e-07,3.845e-05,4.86e-05,1.927e-05,1.121e-05,2.9e-07,3.7e-07
1.2.840.113619.2.370.4.279707905.1598597930.895709.png,0.9716903,3.12e-06,0.04239964,0.9643942,0.01009334,0.32609272,0.2276186,0.00318393,0.99570274,0.13014995,3.477e-05,0.00646244,2.69e-06,0.39022303,6.56e-06,4.635e-05,7.862e-05,5.095e-05,3.7e-07
1.2.840.113619.2.370.4.279707905.1575353115.35903.png,0.12498166,0.63284546,0.00107108,1.427e-05,0.0742154,0.00083425,0.00361609,4.6e-07,7.319e-05,0.8277876,0.17185473,0.00643202,0.00014988,0.93351895,0.00116894,0.0002677,1.31e-06,6.201e-05,2.631e-05
1.2.840.113619.2.370.4.279707905.1588554231.561524.png,0.9713888,0.00084809,0.00166734,0.00477624,0.7335874,0.00061823,0.39075708,0.00016611,0.92304885,0.00165842,0.11730737,0.9945272,7.92e-06,0.98293227,0.00064647,0.0014524,1.062e-05,1.27e-06,2.652e-05
1.2.840.113619.2.203.4.279707905.1575659272.947382.1.png,0.11900795,0.04605089,0.0508759,0.00821521,0.00727831,0.10037848,0.01028916,0.00025079,0.00137738,0.83893394,0.00090642,0.02925932,0.04527816,0.01714793,0.03477734,0.00078477,0.01881745,0.01256578,0.00634692
1.3.12.2.1107.5.3.56.1642.11.202004291618330093.png,0.99935955,2.24e-05,0.40708697,0.94695365,0.00558762,0.00068414,0.00031226,0.0001058,0.00095676,0.00011829,0.00055483,0.00016026,6.288e-05,0.3648106,0.00102068,0.34982425,0.00015077,0.24005885,2.528e-05
1.2.840.113619.2.370.4.279707905.1598506679.347763.png,0.24640293,0.01984833,0.0021819,1.5e-06,0.00890529,0.00499991,0.23131034,0.005824,0.01176234,0.00332635,0.1587582,0.04561196,0.00115778,0.14765401,0.00063187,0.00125858,4.78e-06,0.03814474,0.00244469
1.2.840.113619.2.203.4.279707905.1575317015.494656.1.png,0.97238547,0.00054661,0.01301863,0.00027455,0.00639467,0.17400672,0.00951448,0.01022422,0.07111364,0.04975595,0.00015059,0.00039816,0.00055983,0.02387493,5.436e-05,0.0006053,0.00151807,0.9674338,0.00019373
1.3.46.670589.30.1.6.1.963334151171.1589528441484.2.png,0.00619671,0.00729573,0.00165501,0.0368681,0.00244305,0.0001237,0.17826527,0.0086629,0.10775221,0.00157503,0.00196174,7.15e-06,0.00011669,5.921e-05,0.18754414,0.02027994,0.00033026,0.00111267,0.00038575
1.3.12.2.1107.5.3.56.1642.11.201912301612530296.png,0.82227856,0.00021194,0.96833307,0.99820554,0.00149554,0.00046973,0.0001764,0.00119724,0.01881295,6.24e-05,1.717e-05,7.5e-07,2.3e-07,0.0057765,5.722e-05,0.45683715,0.00053379,4.649e-05,0.00052773
1.3.12.2.1107.5.3.56.1642.11.202007010947280406.png,0.18175282,0.99758387,0.00189058,0.01620932,5.81e-06,5.56e-06,6.388e-05,4.13e-06,4.489e-05,0.01423378,0.00124931,6.119e-05,0.08941354,0.01379176,0.7371375,0.0004662,0.00097336,6e-08,4.87e-06
1.2.840.113619.2.370.4.279707905.1575379104.711363.png,0.00569551,0.00209566,0.00038682,3.41e-06,0.01469138,6.08e-06,0.953252,3.7e-07,0.00071789,0.00494093,0.01818138,0.38074115,0.00015119,0.00509741,0.01991535,0.00120567,2.216e-05,0.00051766,1.189e-05
1.2.840.113619.2.370.4.279707905.1594688952.207041.png,0.206587,1.57e-06,0.7886944,0.9998986,0.00357402,0.413792,4.52e-05,5.314e-05,0.9796065,0.0001887,6.715e-05,0.00014656,3.08e-06,0.00068274,8.434e-05,0.00063906,4.73e-06,1.54e-06,8.8e-07
1.2.840.113619.2.203.4.279707905.1576093241.435638.1.png,0.91840816,0.00049178,0.00012728,0.3400779,2e-06,0.00053669,0.034141,0.00089081,0.46477845,0.01999064,6.1e-07,1.81e-06,0.00016167,0.1743421,0.00011407,4.59e-06,2.99e-06,0.7550581,4.69e-06
1.2.840.113619.2.370.4.279707905.1601252792.365856.png,0.00050512,0.9997179,6.07e-06,1.567e-05,0.01200951,0.00016618,0.69118464,0.00049406,0.6257505,0.00067425,0.988691,0.0643447,4.37e-05,0.00017592,0.00227501,0.0001511,2.957e-05,4.2e-07,3.54e-06
1.2.840.113619.2.370.4.279707905.1578894710.408798.png,0.7336188,0.00054189,0.05657503,0.73539746,0.07626795,0.00432075,0.00294002,0.13916346,0.243985,0.00022564,9.446e-05,6.96e-06,0.00040834,0.000366,0.10463098,0.00135802,0.00370889,3.371e-05,0.00019868
1.3.46.670589.30.1.6.1.963334151171.1580375934140.2.png,0.00051712,0.00137661,0.06390669,0.00039886,0.00056577,0.000303,0.8619008,0.00012615,0.00318646,0.00073335,0.13328938,0.00132563,7.51e-05,0.00022998,0.00017625,1.485e-05,0.00047859,0.00026816,2.669e-05
1.2.840.113619.2.370.4.279707905.1579566639.419360.png,0.00290173,0.7519241,0.05898082,0.00111971,0.00027108,6.99e-06,0.00098579,9.794e-05,7.479e-05,0.03239372,9.657e-05,0.00312636,5.174e-05,0.0006687,0.9341292,0.00038973,0.00933247,1.1e-07,0.0013093
1.3.12.2.1107.5.3.56.1642.11.202005181455150312.png,6.05e-05,0.7005522,4.7e-06,0.7057797,9.9e-06,0.00101397,0.00121135,0.05596006,0.16240795,0.01412515,0.1472543,0.00019003,0.00255238,1.396e-05,0.00389986,0.00512019,0.0631186,2.47e-06,4.23e-06
1.2.840.113619.2.370.4.279707905.1594948131.646357.png,0.02702169,0.6577428,0.9824813,5.135e-05,0.05643194,8.95e-06,0.16582546,0.0009731,0.00065202,0.03292998,9.027e-05,1.814e-05,3.09e-06,4.731e-05,0.22309811,9.115e-05,0.00259752,1e-08,0.004555
1.2.840.113619.2.370.4.279707905.1598320809.476761.png,0.03170122,0.00583884,0.01741891,1.137e-05,0.00118529,0.00072553,0.45719776,5.096e-05,0.00050398,0.02067428,0.66856843,0.02756468,0.00110224,0.3960365,0.00762955,0.00013781,0.00039406,0.10970923,0.00072041
1.3.12.2.1107.5.3.56.1642.11.202005271548490187.png,0.9772114,0.00013998,0.96618,0.9999416,0.00036002,0.00034702,0.0032627,0.02121835,0.01555451,0.00029182,6.901e-05,9.32e-06,8.85e-06,3.065e-05,8.619e-05,0.96825826,1.708e-05,2.874e-05,3.165e-05
1.3.12.2.1107.5.3.33.2229.11.202004151553380859.png,1.75e-06,0.23406132,4e-07,0.0,8e-08,0.00116835,0.04911446,0.03930813,0.00059923,0.05622179,0.20293882,0.0005864,0.00048827,0.00474528,0.00058826,4.3e-07,6.355e-05,2.63e-06,7.588e-05
1.2.840.113619.2.370.4.279707905.1575851095.226667.png,0.00918029,0.00208446,0.11390725,3.29e-06,0.4719935,0.01004501,0.5608524,2e-08,0.00737402,0.19354913,0.00721831,0.08271961,0.00014807,0.01796036,0.00089967,3.221e-05,3.38e-06,0.00091032,8.8e-06
1.3.12.2.1107.5.3.33.2229.11.202008171523380968.png,0.02984086,0.0444593,0.01437051,0.01166698,0.00069612,0.00361257,0.09868822,0.00115388,0.00544113,0.19405133,0.00080917,0.07971315,0.00572296,0.01733203,0.00021057,5.04e-05,0.5913913,5.102e-05,1.05e-05
1.2.840.113619.2.370.4.279707905.1603343360.613389.png,0.23283854,5.6e-06,0.00399597,0.9993294,5.025e-05,0.00467829,0.02313222,0.00218672,0.99962085,0.00161731,0.0003825,0.0001689,9.5e-07,9.29e-05,6.273e-05,0.00029577,2.07e-06,1.112e-05,1.06e-06
1.2.840.113619.2.370.4.279707905.1587535967.463356.png,0.98736787,0.99895775,0.00363741,0.00046535,2.93e-06,1.523e-05,1.326e-05,1.6e-07,2.279e-05,0.03951019,1.059e-05,2.28e-06,7.907e-05,0.783779,0.32433286,8.674e-05,0.0001609,5.7e-07,0.00373144
1.2.840.113619.2.370.4.279707905.1575271910.323066.png,0.65749913,0.01467779,0.2189991,0.00066905,0.00164732,0.00080184,0.00789874,6.17e-05,2.428e-05,0.11771578,0.24137306,0.92568994,0.00117566,0.5961809,0.00101711,0.0007099,5.438e-05,0.00030285,5.44e-05
1.2.840.113619.2.370.4.279707905.1578916573.358925.png,0.00343254,0.05060514,3.007e-05,0.8447691,0.00013745,0.04493361,0.01616882,0.00111625,4.101e-05,0.53760976,0.6231037,0.00093839,0.00047393,0.10905901,0.00043868,2.282e-05,4.52e-05,1.323e-05,2.178e-05
1.2.840.113619.2.370.4.279707905.1585881887.739786.png,0.10169662,0.31608877,0.05831556,0.15907885,0.00035971,1.026e-05,0.00038136,0.00302687,0.00857946,0.05452393,9.985e-05,0.00049317,1.92e-06,0.00054573,0.52205986,0.00283032,0.00046408,1.506e-05,0.00203248
1.2.840.113619.2.370.4.279707905.1595916557.414379.png,0.00305703,0.9630299,0.00325741,1.451e-05,0.00082764,0.09347356,0.00277316,0.00871226,0.00093274,0.9077304,0.00062221,0.00020498,0.0001762,0.02915884,0.64574975,4.553e-05,0.00364107,7.154e-05,0.01595456
1.2.840.113619.2.203.4.279707905.1586353388.887320.1.png,0.13787493,0.8907077,0.00121372,2.4e-07,0.0007957,0.311287,0.00367091,0.00020754,2.26e-06,0.80156714,0.01258654,0.01269023,0.05301037,0.0392341,0.00067356,1.7e-07,6.382e-05,5.14e-06,0.00022191
1.2.840.113619.2.370.4.279707905.1599961201.212583.png,0.00667699,0.98744094,0.00381386,0.01754875,4.813e-05,4.607e-05,0.03853365,4.38e-06,2.29e-06,0.00016742,0.00156896,0.01321034,0.63145465,0.00042885,0.95014226,0.01807246,0.00010283,1.32e-06,0.00011462
1.2.840.113619.2.203.4.279707905.1576702635.549695.1.png,0.9412465,0.00101364,0.00019946,0.20230664,0.305268,0.7934553,0.22249033,0.34894875,2.312e-05,0.00952625,0.00044309,1.892e-05,0.00058109,0.00146635,0.00841613,0.00010119,0.00429152,0.05091688,0.02503207
1.2.840.113619.2.370.4.279707905.1575527840.781196.png,0.00086237,0.17002256,0.00095467,4e-08,7.855e-05,0.00019419,0.32080263,0.00040726,1.107e-05,0.37886745,0.03264817,0.0020779,0.00109688,0.37783235,0.00400108,3.23e-06,0.00011157,1.025e-05,0.00508708
1.3.12.2.1107.5.3.33.2229.11.202010171059170703.png,0.00497619,0.7920961,0.00144658,0.10286187,0.00068942,0.5574199,0.00017179,4.257e-05,0.00020426,0.81104326,2.165e-05,0.00030455,0.00102044,2.6e-06,0.15516052,0.01135956,0.00118916,5.175e-05,6.2e-06
1.2.840.113619.2.203.4.279707905.1587671889.728608.1.png,0.999856,0.00012215,0.5498184,0.9891493,0.01113407,0.01651505,0.00056386,0.00403433,0.59434694,0.00018665,6.299e-05,0.00023738,5.193e-05,0.02597705,0.00063232,0.08003192,0.00277717,0.0012947,5.819e-05
1.2.840.113619.2.370.4.279707905.1599187386.613228.png,0.7838295,1.27e-05,0.5828896,0.8929276,6.14e-06,0.00039999,0.00027023,0.113977,0.8511848,0.00328862,0.00011533,0.00035765,7e-08,0.00026367,0.00044006,0.00026618,5.47e-06,8.4e-07,2.3e-07
1.2.840.113619.2.370.4.279707905.1579157327.792128.png,0.0630219,0.00038996,0.1892237,0.00063437,7.193e-05,0.00013535,0.38742405,0.08658978,0.5412072,0.00297685,0.00596297,4.42e-05,9.218e-05,0.00172176,0.00109532,5.013e-05,2.827e-05,0.00061682,1.77e-05
1.2.840.113619.2.370.4.279707905.1575016560.487992.png,0.36213756,0.00086155,0.00957906,0.3688239,0.13956113,0.31819782,0.07463576,0.05436094,0.5078644,0.8575732,0.00132228,0.00773249,0.00028992,0.28830883,0.00031705,0.00020689,0.00064148,2.45e-06,2.36e-05
1.3.12.2.1107.5.3.56.1642.11.202001081511000875.png,0.07690859,0.00011499,6.063e-05,0.9989453,0.00083433,0.00049363,0.00866148,0.02437536,0.9738877,0.00058051,0.0067591,0.00154625,0.00036626,0.0001407,0.00024286,0.00030356,0.00330933,0.00570869,4.4e-07
1.2.840.113619.2.370.4.279707905.1589768247.839540.png,0.9152131,0.8816753,0.00289251,0.00179858,0.00033793,0.00406951,0.01917595,0.00770052,0.02923581,0.05133172,0.00013129,1.23e-06,6.392e-05,0.17183115,0.11672418,0.00061179,0.00124719,0.00033308,0.00069262
1.2.840.113619.2.370.4.279707905.1574645113.950910.png,0.8607961,7.5e-07,0.03609116,0.9266374,2.6e-07,0.00065914,0.00573441,0.00216634,0.99650073,0.00028456,0.00026316,3.323e-05,2e-08,5.39e-05,5.279e-05,0.00011382,1.66e-06,1.709e-05,1.7e-07
1.2.840.113619.2.370.4.279707905.1598832425.780907.png,0.29380456,1.34e-06,0.6751292,0.98651934,9.41e-06,0.00803089,0.0001503,0.04056249,0.96118176,0.00010324,0.00032175,0.0126277,1.56e-06,4.58e-06,7.28e-06,0.00059573,8.2e-07,3.24e-06,5.4e-07
1.2.840.113619.2.370.4.279707905.1577947262.892617.png,0.00028902,0.00646625,1.48e-06,0.00202569,0.00481267,0.00888954,0.94175,0.99952173,0.6760612,0.03636167,0.00054583,0.00017299,0.00057094,6.966e-05,0.00074475,6.564e-05,7.59e-06,5.301e-05,3.02e-06
1.2.840.113619.2.370.4.279707905.1604884311.196655.png,0.6049758,2.227e-05,0.00109393,0.95853174,0.00012236,0.00054665,0.00184793,0.00036234,0.9971836,0.00271336,0.00279432,0.00128585,8.5e-07,0.00345626,0.00063353,0.00010564,2.72e-06,7.96e-06,6.3e-07
1.2.840.113619.2.203.4.279707905.1590775418.17417.1.png,0.17683157,0.00079229,0.00185744,0.08595723,0.0241879,0.08631296,0.6804277,0.45415425,0.01021957,0.0205518,0.10787342,0.0063416,0.00976545,0.04430012,0.03726296,0.00092717,0.00292009,0.00018411,0.00136079
1.2.840.113619.2.370.4.279707905.1578815113.127877.png,0.01481343,1.55e-06,0.26182353,0.9994723,4.45e-06,0.03513609,0.00014435,0.03435285,0.8296339,0.00394394,0.00024818,9.34e-05,3.4e-07,5.339e-05,7.22e-06,0.00013015,1.35e-06,7.82e-06,5e-08
1.2.840.113619.2.203.4.279707905.1574715717.435692.1.png,0.99902046,0.00027268,0.0002787,0.00054192,0.00012195,0.00077745,0.31694153,0.8443745,0.99961567,0.00010981,0.00011919,0.00069183,0.00057632,0.91956145,0.00047807,1.673e-05,5.517e-05,0.07390032,0.00024879
1.2.840.113619.2.370.4.279707905.1578122817.386079.png,0.0367942,0.00383269,0.8519782,4.749e-05,8.082e-05,0.0006767,0.10155396,0.00705219,0.01305967,0.00050105,0.01927282,0.7532388,9.006e-05,0.00023832,0.0009498,1.622e-05,6.45e-06,1.337e-05,6.81e-06
1.2.840.113619.2.370.4.279707905.1576550788.441132.png,0.05918176,0.00660085,0.00034802,1.62e-06,1.001e-05,6.95e-06,0.6234182,0.00123247,0.00245791,0.00054159,0.19930024,0.8197776,0.00270023,0.09731005,0.00425329,6.54e-06,6.499e-05,1.13e-05,6.55e-06
1.3.12.2.1107.5.3.33.2229.11.202007041409050734.png,0.00378453,0.00294901,0.00510392,0.00018713,0.00543994,0.00290112,0.00137412,0.00018254,0.01807784,0.11346231,0.02820025,0.03622783,6.145e-05,0.01112499,0.00194061,1.566e-05,0.9510985,3.297e-05,2.79e-06
1.2.840.113619.2.203.4.279707905.1593530657.195017.1.png,0.00389984,0.49583313,0.00060252,0.00050601,0.00652973,0.00045634,0.01472762,0.00252355,0.00176872,0.19326876,0.00043973,9.8e-07,0.00168474,0.67948943,0.00116694,1.6e-06,2.1e-07,0.00130412,0.00020058
1.2.840.113619.2.370.4.279707905.1579850747.229447.png,0.538399,0.563173,0.11044707,5.303e-05,4.252e-05,7.63e-06,0.26638728,0.00013894,0.00029609,0.0002291,3.939e-05,0.05722763,0.00019202,0.00013141,0.10586212,0.00031572,0.000249,4.767e-05,0.00137566
1.2.840.113619.2.370.4.279707905.1575783783.203048.png,0.01718793,0.00105702,0.0017417,0.43051216,0.10678972,0.4580893,0.5238123,0.7907665,0.08314426,0.01543099,0.00581438,0.00058261,0.00030061,0.00452947,0.00041295,0.0005527,1.345e-05,0.00012388,0.00022091
1.2.840.113619.2.203.4.279707905.1577130140.130203.1.png,0.9646955,0.00735114,0.80665696,3e-08,0.00025926,0.32807213,0.00034432,0.00014124,2.91e-06,0.0073907,0.0126068,0.20213562,0.00170714,0.6273149,4.19e-06,1.69e-06,1.25e-06,0.00114093,0.26278886
1.2.840.113619.2.370.4.279707905.1578721121.461737.png,0.00051006,0.89628786,0.01373941,0.00096837,0.06517213,0.25076154,0.07955362,0.5315306,0.00090512,0.30956802,0.9609539,0.00034225,0.00340287,0.00980555,0.00015185,1.78e-05,0.00014163,1.041e-05,1.185e-05
1.2.840.113619.2.370.4.279707905.1586581278.900152.png,0.00024206,0.07133127,0.01412437,0.9572933,1.778e-05,0.00160186,7.82e-05,0.00019567,0.7943052,0.00307957,0.00815567,3.9e-07,7.5e-07,0.00113351,0.00038328,7.096e-05,1.2e-07,7e-08,3.8e-07
1.2.840.113619.2.370.4.279707905.1596871689.253599.png,6.123e-05,0.99922925,0.00552205,9.9e-06,0.01521333,0.00100945,0.01359108,0.00086343,0.0002509,0.00055437,0.99950933,0.00445662,0.00015778,0.00051722,0.00177437,1.061e-05,0.00017303,6.3e-07,1.423e-05
1.2.840.113619.2.370.4.279707905.1577432352.521165.png,0.03750937,0.9754535,9.43e-05,0.00102594,0.0001669,0.02058637,0.00103303,0.00039081,8.717e-05,0.24610963,0.01056667,0.00027263,0.00037668,0.0082206,0.82203496,0.00059265,0.0011516,0.00148655,0.0004355
1.2.840.113619.2.203.4.279707905.1578947883.852684.1.png,0.04280808,0.03609326,5.416e-05,0.00020676,0.84469587,0.00011438,0.00217275,0.3569795,0.23736252,0.02721871,0.00020877,1.084e-05,0.00189288,0.02324218,0.07591438,5.13e-06,0.00142386,0.00022862,1.85e-06
1.2.840.113619.2.370.4.279707905.1599271584.816252.png,0.02969078,0.96858895,0.00190557,0.00076139,0.00065141,9.06e-06,0.870559,0.00032169,0.00115734,1.489e-05,0.08806241,0.8843426,0.82449293,0.00030175,0.01901553,0.00124758,0.00024703,2.07e-06,7.152e-05
1.3.12.2.1107.5.3.56.1642.11.202008041550320468.png,0.95626426,0.01628756,0.99228954,0.89926374,0.00768503,0.00042824,0.03953759,0.01115089,0.00221829,0.0002754,0.00053234,0.00027732,0.00030522,0.00017723,0.00013453,0.00028507,0.00336758,1.65e-05,0.00073829
1.2.840.113619.2.370.4.279707905.1590718410.724024.png,0.0025808,0.9999096,0.00862114,4.79e-06,0.0185125,2.55e-06,0.9725905,1.978e-05,2.989e-05,9.64e-06,0.00735917,0.2022238,0.65540516,3.441e-05,0.24857852,1.776e-05,0.07471592,2.2e-07,5.47e-06
1.3.12.2.1107.5.3.56.1642.11.202007271624220921.png,0.00065165,0.12658261,2.757e-05,0.7633259,1.28e-05,2.968e-05,0.00050487,0.00572763,0.03049755,0.00142431,0.0195171,0.00489956,0.00257471,1.293e-05,0.01499156,0.00323066,0.0053895,7.65e-06,6.9e-07
1.2.840.113619.2.370.4.279707905.1588301826.913959.png,0.00761946,3.386e-05,0.0061716,0.04243678,6.57e-06,0.46490023,0.01679698,0.98763347,0.10632405,0.05868954,0.00300567,0.00070948,1.842e-05,0.00044449,4.3e-05,0.00029837,4.28e-06,6.166e-05,2.091e-05
1.2.840.113619.2.370.4.279707905.1591668138.70585.png,8.03e-06,0.8497799,3.4e-07,8e-08,1.066e-05,2.4e-07,0.11192071,0.00813397,0.00105725,8.3e-06,0.78479546,0.00272553,0.80075014,0.00017572,0.00571704,1.219e-05,2.68e-06,0.00028917,1.08e-06
1.2.840.113619.2.370.4.279707905.1603004526.793699.png,0.04746686,0.8600055,0.02365521,0.00110223,0.01055159,0.00739496,0.45377585,0.00076216,0.00120325,0.00026396,0.10825665,0.80668414,0.28101137,0.00433695,0.010048,0.00060591,0.00162579,1.343e-05,0.00044147
1.2.840.113619.2.370.4.279707905.1578301898.122887.png,0.00059414,0.70357525,5.9e-07,0.0,1e-08,5.78e-05,0.00413022,0.00038456,3.355e-05,3.58e-06,0.01039594,0.00034781,0.46736515,0.00190675,7.433e-05,1.227e-05,1.44e-06,0.00346773,0.00071124
1.2.840.113619.2.203.4.279707905.1581613507.892391.1.png,0.5680209,2.081e-05,0.00236984,0.25707468,0.00063216,0.04489966,0.27396542,0.99851495,0.9999962,0.00189459,7.47e-06,1.84e-06,1.883e-05,0.00068959,2.761e-05,4.093e-05,4.109e-05,1.701e-05,9e-08
1.2.840.113619.2.203.4.279707905.1574694666.316293.1.png,0.01325696,0.00881717,1.29e-06,1.47e-06,0.00084125,1.924e-05,0.73592246,0.28505665,0.48351243,0.00548916,0.00286126,0.00257895,0.00051762,0.06094382,0.08536937,5.14e-06,8.643e-05,6.8e-07,0.00018805
1.2.840.113619.2.203.4.279707905.1578348030.594352.1.png,0.01897032,4.197e-05,1.39e-06,9.68e-06,3.345e-05,1.3e-05,0.03438083,0.00068311,0.00480793,0.67393035,0.00113573,0.00014415,4.046e-05,0.99999785,3.1e-06,3e-08,1e-08,0.00038738,5.248e-05
1.2.840.113619.2.370.4.279707905.1591943600.94160.png,0.20218408,0.06425958,0.8980926,0.00089885,0.23584434,0.00680308,0.177344,0.02419878,0.00223376,0.0013714,0.00329081,0.02417365,0.00611754,0.0450595,0.00271416,0.00016315,0.00075431,0.00055088,0.2751174
1.2.840.113619.2.203.4.279707905.1574883202.144529.1.png,0.9965342,0.00031339,0.31729054,0.31577098,0.03881628,0.1521021,0.00024206,0.00136967,0.03072847,0.03787511,0.00047685,0.00014547,9.262e-05,0.06012811,0.00015424,0.00482407,0.00021596,0.01107744,0.00038573
1.2.840.113619.2.203.4.279707905.1578432781.131348.1.png,0.00420004,0.87172335,0.01028171,1.14e-06,2.465e-05,0.00032212,0.02563266,0.00014239,0.00048692,3.855e-05,8.011e-05,0.1282743,0.99995995,0.00056568,0.00323437,7.76e-06,3.359e-05,0.01086863,0.00018612
1.2.840.113619.2.203.4.279707905.1577996472.722567.1.png,0.00160165,0.00201324,0.00248592,4.339e-05,0.00024267,0.00326277,0.24334791,0.65054846,0.80825293,0.00132952,7.341e-05,0.00032657,0.0008137,0.00031093,0.00542574,2.397e-05,4.857e-05,0.00274773,0.00012125
1.2.840.113619.2.370.4.279707905.1601948837.145700.png,0.00022586,0.387183,5.05e-06,0.23483616,0.00069478,2.028e-05,0.02645548,5.774e-05,0.99827266,0.00025524,0.33831784,8.77e-06,1.2e-06,0.0003637,0.00478294,3.14e-05,5.3e-07,1.12e-06,7e-07
1.3.12.2.1107.5.3.56.1642.11.202009201444010359.png,0.3199778,8.36e-06,0.633921,0.08415774,0.00079977,0.00701433,0.01812019,0.00501651,5.642e-05,4.81e-06,0.01444724,0.0838585,0.90936774,0.00464045,6.215e-05,0.09294906,0.00407862,0.0001317,0.0734097
1.2.840.113619.2.370.4.279707905.1591578840.211244.png,0.9808764,4.499e-05,0.9959486,0.92783815,1.867e-05,0.00073429,2.873e-05,0.1153399,0.00809349,0.00020406,0.00016928,0.00015312,3.2e-07,7.467e-05,1.63e-06,2.988e-05,1.03e-06,2.91e-06,6.628e-05
1.3.12.2.1107.5.3.56.1642.11.202008311504110984.png,0.00743062,0.00042663,0.07297648,0.99616355,1.5e-07,8.867e-05,4.9e-07,1.529e-05,0.01500526,0.00036341,1.209e-05,2.9e-07,3.8e-07,6.752e-05,3.882e-05,0.88542306,1.55e-06,3.6e-07,3.1e-07
1.2.840.113619.2.203.4.279707905.1593722498.105183.1.png,0.87029886,0.0002905,0.00014299,0.7189624,0.01387156,0.1975737,0.00530885,0.01400658,0.08926152,0.03791449,0.00052885,0.00035416,0.00052438,0.1780373,0.00109486,0.00012863,3.88e-06,0.734601,5.32e-05
1.2.840.113619.2.203.4.279707905.1576185365.509015.1.png,0.00979775,0.99973214,0.00019926,4e-08,5.73e-06,0.0001303,0.0004865,7.538e-05,2.4e-07,0.00073712,0.92800474,6.136e-05,0.13727123,0.05264979,0.00070964,2.8e-07,8.19e-06,0.00022291,0.00033491
1.2.840.113619.2.370.4.279707905.1576733505.426729.png,0.8152142,0.00945934,0.03162414,0.12629001,0.1997378,0.01364175,0.7383032,0.00728552,0.03188912,0.01957224,0.00050899,0.00264768,0.00033274,0.04577382,0.00236557,0.00219517,0.00026747,0.03281381,0.00316945
1.3.12.2.1107.5.3.56.1642.11.202009281329240484.png,0.9626761,7.05e-05,0.9869064,0.99312866,0.01536257,0.47211143,0.3262402,0.9538948,0.3415535,0.00064581,0.00044859,0.00012082,0.00029913,0.00154881,3.063e-05,0.00193285,0.07387718,0.00036191,0.00445762
1.2.840.113619.2.370.4.279707905.1577406504.407893.png,0.00253842,0.18374074,0.00166258,0.00013892,5.36e-05,2.645e-05,0.03047804,0.00017905,0.00043081,0.01910512,0.00470394,4.9e-06,8.31e-06,0.01105839,0.00075644,1.806e-05,4.374e-05,9.884e-05,0.00030778
1.2.840.113619.2.370.4.279707905.1587620982.162981.png,0.98583025,0.00843769,0.97307104,0.63746995,0.01075689,0.01078886,0.00011012,4.61e-06,0.00014543,0.0018689,0.00289802,0.00011138,0.00794049,0.998378,0.00201978,0.00101399,7.53e-06,7.946e-05,0.00036546
1.2.840.113619.2.370.4.279707905.1575254005.664652.png,0.0843398,0.00688768,0.00097556,0.00155687,0.00068379,0.00035064,0.18399468,0.0010799,0.01375427,0.04422517,0.09139428,0.00749834,9.733e-05,0.1145544,0.00594402,0.00032999,9.985e-05,0.0032646,0.0001119
1.2.840.113619.2.203.4.279707905.1574786142.732397.1.png,0.38896683,0.09953474,0.05415886,0.00141026,0.00321939,0.00362611,0.00214179,0.00606037,0.06827254,0.0058592,2.04e-06,0.00014961,0.3030078,0.00811355,0.00024268,1.153e-05,0.00010453,0.89863867,0.00012986
1.2.840.113619.2.370.4.279707905.1577142410.219877.png,0.45266113,0.00014973,0.04194332,0.94940853,0.02573656,0.22491793,0.37139744,0.04053338,0.75613093,0.0043661,0.00080212,0.00033683,0.00012028,0.00131188,0.00146968,0.00168061,0.00039919,0.00059248,0.00022682
1.2.840.113619.2.370.4.279707905.1578383996.773951.png,7.333e-05,0.57689005,0.00022774,7.47e-05,8.664e-05,0.00085983,0.02314373,8.868e-05,0.00014978,7.33e-05,0.9992643,7.666e-05,3.2e-06,7.279e-05,2.699e-05,2.538e-05,0.00031295,1.778e-05,9.05e-06
1.2.840.113619.2.370.4.279707905.1578663327.577095.png,0.00501177,0.99690914,0.10118401,0.00033189,0.00876983,0.00106872,0.24044193,0.00040041,1.656e-05,0.00240838,0.9891355,0.00012532,8.934e-05,0.00374967,0.00019249,1.528e-05,2.896e-05,8.779e-05,8.02e-06
1.2.840.113619.2.370.4.279707905.1579586982.794265.png,1.355e-05,0.99520975,1.027e-05,0.00016978,4.559e-05,0.00085838,0.11433086,0.00648931,0.00074345,0.00059838,0.9832967,3.308e-05,1.849e-05,4.535e-05,0.00088205,4.836e-05,2.13e-05,6.03e-05,3.43e-06
1.2.840.113619.2.370.4.279707905.1600130059.647706.png,0.9978848,1.448e-05,0.9997326,0.15572329,0.44739935,0.009287,0.63662356,7.63e-06,1.068e-05,8.049e-05,5.969e-05,6.791e-05,2.5e-06,9.408e-05,1.006e-05,0.00055997,1.502e-05,0.00355861,0.00054448
1.2.840.113619.2.370.4.279707905.1576748863.155879.png,0.00046287,0.4058087,0.00049295,1.408e-05,0.00027424,0.00443209,0.01154996,6.342e-05,0.00011103,0.5128666,0.03113689,0.00025635,7.652e-05,0.00321656,0.6802063,0.0001976,0.00236073,0.0021755,0.00038964
1.2.840.113619.2.370.4.279707905.1595222284.202381.png,0.10612483,0.00015334,0.01299824,0.9998629,0.01118082,0.35171843,0.00317988,0.00065614,0.9996269,0.00227533,0.00172011,0.00034108,6.2e-07,0.00138693,9.067e-05,0.00092525,4.484e-05,7.9e-07,7e-06
1.2.840.113619.2.370.4.279707905.1579936356.272901.png,0.00026586,0.86343634,0.00029462,0.00017593,0.00892227,0.01842409,0.04140271,0.02419599,0.00130364,0.01774057,0.990798,0.00081415,0.00088285,0.00247988,0.00245068,3.758e-05,2.28e-05,0.00024188,1.813e-05
1.2.840.113619.2.203.4.279707905.1574975368.699520.1.png,0.99862134,0.00103817,0.00014179,0.01446244,0.10772676,0.5831501,0.02775393,0.00173591,0.04470305,0.681715,0.00744926,0.32447252,7.63e-06,0.9935416,1.508e-05,0.00210018,3.67e-06,0.00233891,1.628e-05
1.2.840.113619.2.370.4.279707905.1605764162.319802.png,0.00896687,0.13282627,0.04365086,4.941e-05,0.05431596,0.6202926,0.01267877,8.9e-07,0.00010845,0.9565176,0.01481254,0.02418832,0.00159862,0.0097951,0.02022806,5.438e-05,0.0003079,0.00202713,0.00018786
1.2.840.113619.2.203.4.279707905.1605208150.285004.1.png,0.8538492,0.01679629,0.0009097,0.00247906,0.00012118,0.6248316,0.00915213,0.00060652,0.00041778,0.04240978,0.00035421,0.00100564,0.00093083,0.01086882,0.0011437,3.175e-05,7.079e-05,0.01059931,0.00013817
1.2.840.113619.2.370.4.279707905.1577580561.505130.png,0.08955199,0.00041478,0.3922975,0.99850106,0.00977402,0.05625633,0.00068061,0.035435,0.8449485,0.00071162,0.01344847,0.00182306,2.735e-05,0.00068724,0.00016289,0.01271163,0.00079652,0.00031496,0.00230658
1.2.840.113619.2.370.4.279707905.1594082938.766399.png,0.18156216,0.63149524,0.2511898,0.00036708,0.00026221,2.86e-06,0.0021989,0.00014992,0.00105852,0.00473237,0.0001681,0.01305126,6.36e-06,0.00708437,0.85438454,0.00082505,0.00031781,3.4e-07,0.00241411
1.2.840.113619.2.203.4.279707905.1604605818.74696.1.png,0.9983929,0.01872444,0.00178567,0.00261567,0.0461666,0.00718694,0.00296905,0.01002076,0.50930023,0.00569554,0.00165795,0.04180255,0.00313512,0.24909379,0.00026856,0.00025899,0.01822977,0.23716725,7.845e-05
1.2.840.113619.2.203.4.279707905.1575664676.265187.1.png,0.05854727,0.95110625,0.00173048,0.00134007,0.00107109,0.00320377,0.0080072,0.00571698,4.87e-06,0.00113774,0.00087656,6.822e-05,0.33090985,0.0081812,0.00112694,0.00011255,0.00012936,0.35610244,0.02093431
1.2.840.113619.2.370.4.279707905.1595488245.530975.png,0.10650062,0.32979932,0.00029064,0.9495555,0.11873411,0.03457728,0.00037375,0.00027091,6.013e-05,0.9566836,0.91967154,0.00060978,8.602e-05,0.9575502,0.00014041,0.00052106,3.25e-06,1.26e-06,3.519e-05
1.2.840.113619.2.370.4.279707905.1602740812.90113.png,0.7163945,0.87196034,0.00156402,0.00012506,0.06912347,1.549e-05,0.996087,0.00441711,0.15611273,0.0003261,0.00074467,0.177696,0.00111482,0.16999865,0.07863181,0.0008817,0.0018875,7.6e-07,0.00025612
1.2.840.113619.2.370.4.279707905.1588126362.443533.png,0.98716915,0.8877064,0.0024964,0.00572859,0.00013825,0.0011235,0.001093,4.736e-05,0.00071233,0.00060944,0.00012192,1.118e-05,0.00015123,0.14532262,0.0721738,0.01069056,0.00131643,0.0055635,0.000786
1.2.840.113619.2.370.4.279707905.1574681346.963941.png,0.00198999,0.02456016,6.815e-05,3.2e-06,9.4e-07,7.52e-06,0.23617163,0.00011344,0.02093815,0.15158893,0.01221234,0.00199339,7.72e-06,0.00909645,0.00506981,7.29e-06,1.101e-05,5.1e-05,1.805e-05
1.2.840.113619.2.370.4.279707905.1575013407.275613.png,0.0023791,0.0002704,7.797e-05,4.927e-05,0.00033864,3.337e-05,0.1328024,0.19175465,0.46495137,0.4997579,0.00055706,0.00273444,0.00021268,0.9951112,9.38e-05,1.114e-05,1.1e-07,0.00017304,5.075e-05
1.2.840.113619.2.370.4.279707905.1585879884.935060.png,0.04732668,5.87e-06,0.00043313,0.99502426,2e-08,6.163e-05,0.00052199,0.00140842,0.99995005,0.02642,6.1e-06,1.8e-06,0.0,5.16e-06,0.00024296,0.00015585,9.8e-07,2.4e-07,1e-08
1.3.12.2.1107.5.3.33.2229.11.201912291635420187.png,0.21812972,0.0133274,0.02219386,0.56875974,0.01302424,0.03835281,0.59967256,2.981e-05,0.00762822,7.035e-05,0.8242651,0.00015052,2.24e-05,0.1677868,0.0002077,8.361e-05,3.442e-05,0.00162116,0.00048234
1.2.840.113619.2.370.4.279707905.1589869766.596045.png,0.04077541,0.3333123,0.06206624,5.561e-05,2.236e-05,0.00013539,0.00112206,1.1e-07,0.00064092,0.8531461,0.00910725,0.00022472,2.536e-05,0.93098074,0.00085548,6.85e-06,4.39e-06,4.275e-05,0.00125042
1.2.156.112536.2.560.64226048152091077.1335495148105.4.png,0.9952592,0.00408828,0.36022317,0.7752048,0.33106944,0.39504677,0.87998414,0.17349988,0.15871117,0.00624282,0.00316986,0.01175392,0.00682041,0.20749465,0.00015903,0.01692222,0.00906594,0.00653122,0.00276123
1.2.840.113619.2.370.4.279707905.1599719814.717593.png,7.191e-05,0.02540532,0.15843685,0.03398829,0.00064276,0.0215046,0.0005981,0.00696452,0.00083989,0.00076702,0.79864025,0.00128561,3.928e-05,0.00026076,9.366e-05,5.292e-05,6.826e-05,5.53e-06,6.257e-05
1.3.12.2.1107.5.3.56.1642.11.201911251514200859.png,0.00011463,0.48929292,0.01191942,0.21582074,1.862e-05,0.00126768,0.00057702,0.5269912,0.39826587,0.10749239,0.01044638,2.297e-05,0.00012153,4.732e-05,0.00389046,0.00052332,0.00018042,1.69e-06,7.112e-05
1.2.840.113619.2.370.4.279707905.1578013019.772540.png,0.0169822,0.04535878,0.00123471,0.15766615,0.00017538,4.018e-05,0.00529655,0.00307984,0.00073384,0.000308,0.00862097,0.00036187,0.00085078,0.00044463,0.51407224,0.05454246,0.00090068,5.967e-05,0.00045302
1.2.840.113619.2.203.4.279707905.1574787596.643173.1.png,0.8700725,0.03563094,0.078163,1.296e-05,5.726e-05,0.12520556,0.29387873,0.01998256,3.33e-05,0.02683236,0.00033902,0.00666514,0.01357458,0.38618767,4.829e-05,0.0001196,3.47e-06,0.27115792,0.01634542
1.2.840.113619.2.370.4.279707905.1577851270.233947.png,0.00011266,0.07204443,8.458e-05,0.6709833,8.896e-05,4.34e-05,0.01233686,0.0006484,0.04928212,0.00140954,0.02426612,0.01775911,0.00040385,4.427e-05,0.04450938,0.02569695,0.00754061,2.63e-06,1.31e-05
1.2.840.113619.2.370.4.279707905.1605842367.764883.png,0.00032907,0.00026532,0.00122243,3.322e-05,0.00740014,0.00062405,0.44543904,4.78e-06,0.00336154,0.8798038,0.01251132,0.15117794,5.615e-05,0.0608905,0.00021163,3.083e-05,0.00048851,6.66e-06,1.28e-06
1.2.840.113619.2.370.4.279707905.1587623361.682127.png,0.9996041,9.6e-06,0.00115774,0.01600568,0.00458633,0.04341029,0.56877357,0.59995484,0.543134,0.16804533,1.563e-05,0.00079395,0.0002748,0.0025898,4.37e-06,0.00040236,0.0022558,0.01347583,1.204e-05
1.2.840.113619.2.370.4.279707905.1597968028.299458.png,0.01217787,1.927e-05,0.00430896,0.9997985,1.54e-05,0.0048272,0.00940236,0.00055511,0.99995285,0.02838134,2.079e-05,4.9e-06,1.8e-07,6.15e-06,0.00041824,0.0008914,5e-07,1.261e-05,9e-08
1.2.840.113619.2.370.4.279707905.1579743171.785300.png,0.2223635,0.00223728,0.99916434,0.06472602,0.06806398,0.00045039,0.00458687,0.000378,0.00035301,0.00010438,0.00116481,0.00231052,3.003e-05,0.00016372,0.00101209,0.00230145,0.00091977,4.35e-06,0.00283488
1.2.840.113619.2.203.4.279707905.1577473556.16349.1.png,0.02789402,0.23077849,0.00382008,4.23e-06,2.3e-06,0.04085797,8.78e-06,5.109e-05,4.539e-05,0.00467348,3.449e-05,0.28251338,0.9998816,0.00286916,0.00073462,8.6e-07,3.352e-05,0.00141532,2.166e-05
1.3.12.2.1107.5.3.56.1642.11.202006231519370687.png,0.9859432,0.0492219,0.09314538,0.91241,0.0020491,0.00084174,0.00372819,0.00012871,0.02115018,0.01394578,0.00232301,0.00081216,0.00031208,0.7944418,0.00141774,0.79157853,0.00027581,3.822e-05,0.00016557
1.2.840.113619.2.370.4.279707905.1576043532.603030.png,0.9938676,0.01422964,0.00367909,0.22053452,0.00451507,0.00067193,0.00496403,8e-07,0.001241,0.00509744,0.00010348,0.00013447,0.00021948,0.986747,0.01487689,0.00201822,5.6e-07,0.00356181,0.00046668
1.2.840.113619.2.370.4.279707905.1600362622.800418.png,0.03290104,0.9652308,0.00077041,0.00078382,0.01434596,2.4e-06,0.02633515,0.00062031,7.194e-05,0.00030755,0.00092896,0.01098402,0.027626,8.282e-05,0.99713266,0.00072799,0.000232,9e-08,0.00011755
1.2.840.113619.2.203.4.279707905.1578515452.846929.1.png,0.64104205,0.00068263,0.00372093,0.07960576,0.03795898,0.26481497,0.19021152,0.49169028,0.9086555,0.03175742,0.00391594,0.11842354,0.00054604,0.00907769,0.00272452,0.00232669,0.00062186,0.00181693,0.00059821
1.2.840.113619.2.370.4.279707905.1605836148.917023.png,0.00800232,0.00799396,0.00932391,0.00101949,0.00147035,0.00054254,0.01890182,7.21e-06,0.00372609,0.78241825,0.00158664,0.00921369,9.355e-05,0.69111353,0.00045152,1.226e-05,9e-07,0.00013381,0.00025783
1.2.840.113619.2.370.4.279707905.1577213574.999471.png,0.01032252,0.12588295,0.9103399,0.00711147,0.01156925,0.00024125,0.0017253,0.00039914,0.00020589,0.01270933,0.00076748,0.01749312,0.00010763,0.00059959,0.12716126,0.00126547,0.06357125,1.85e-06,0.00091887
1.2.840.113619.2.370.4.279707905.1575348661.171335.png,0.97678465,0.89642566,3.303e-05,0.00437818,5.588e-05,0.00027902,0.00152333,1.68e-06,0.01925589,0.00122738,0.00143353,6.075e-05,7.195e-05,0.63533646,0.1411418,0.00106828,6.139e-05,0.01989654,0.0006473
1.2.840.113619.2.370.4.279707905.1599543423.23822.png,0.00025331,0.79966587,0.00292073,0.03880849,0.00098427,0.0207445,0.00070255,0.00411856,0.06610592,0.00123657,0.988367,0.00234129,8.27e-06,6.564e-05,0.00057955,0.00021987,2.427e-05,1.08e-06,3.25e-06
1.2.840.113619.2.203.4.279707905.1603477487.745288.1.png,0.9824921,4.661e-05,0.00119415,0.02002002,0.00068776,0.11574721,0.73940927,0.84335953,0.99335486,0.0006109,1.971e-05,0.00011273,0.00013659,0.026721,0.00233575,0.00021255,3.51e-05,0.01815857,0.00010194
1.2.840.113619.2.370.4.279707905.1574587754.92946.png,0.07065965,0.0064327,0.07974936,0.00098451,0.00010083,4.71e-06,0.9832004,2.878e-05,7.73e-06,3.221e-05,0.00249893,0.89996594,0.3935035,0.00037022,0.03242864,0.05383897,2.711e-05,4.2e-07,7.486e-05
1.2.840.113619.2.370.4.279707905.1603588902.283450.png,0.967928,0.01904226,0.01526303,0.35571727,0.00076487,0.03406208,0.01343079,0.01613584,0.0146916,0.01516844,0.00841285,0.02213389,0.0014545,0.42546952,0.0029415,0.00206575,0.00031286,0.01716022,0.00045061
1.2.840.113619.2.370.4.279707905.1600395244.6193.png,0.00118687,0.89953953,0.00237393,5e-05,0.25775617,8.401e-05,0.0124571,0.00058199,0.01630154,0.0012999,0.95521885,0.6422258,6.487e-05,0.00536972,0.0232148,0.00013519,6.089e-05,4.76e-06,3.181e-05
1.2.840.113619.2.370.4.279707905.1578020815.306742.png,0.00172431,0.8124851,0.00092667,0.00521888,0.00022856,0.00029721,0.81877667,0.376441,0.01568323,0.00073306,0.12766953,0.00142086,4.431e-05,1.929e-05,0.0001459,3.7e-05,0.00080696,8.4e-07,3.86e-06
1.2.840.113619.2.370.4.279707905.1576658606.14106.png,0.05601066,0.00224776,0.2714616,0.001915,0.05059734,0.01841927,0.7227926,0.04358104,0.1408066,0.00202289,0.00976706,0.0005622,0.00307369,0.00889234,0.0030218,0.00459091,2.271e-05,0.00639626,0.00055254
1.3.12.2.1107.5.3.56.1642.11.202007271610540203.png,0.00033823,0.9910087,3.116e-05,0.00696704,0.04649348,5.66e-06,0.02843702,0.00316257,0.02463959,0.01370785,0.5181031,0.1144753,0.76464695,0.00017296,0.9849841,1.527e-05,4.875e-05,6.8e-07,1.8e-06
1.2.840.113619.2.370.4.279707905.1575509190.662908.png,0.02684599,0.03581051,3.401e-05,1.087e-05,0.000806,1.74e-06,0.4883032,3.72e-06,3.049e-05,0.00699712,0.29245517,0.00432433,0.00121939,0.0094229,0.01256704,0.00026835,0.00014601,5.83e-06,1.288e-05
1.2.840.113619.2.370.4.279707905.1577138920.285647.png,0.00028802,0.8007387,0.00421717,0.02421595,0.02663689,0.27918535,0.04890472,0.43750888,0.00118317,0.7479269,0.41456157,0.0011807,0.00115317,0.08403075,3.019e-05,3.438e-05,3.601e-05,0.00023639,3.773e-05
1.2.840.113619.2.370.4.279707905.1576024597.637486.png,0.9999445,0.96642447,1.864e-05,6.5e-07,1.64e-06,4.08e-05,7.45e-06,2.8e-07,2.671e-05,5.929e-05,7.3e-06,8.007e-05,2.167e-05,0.9798462,0.00336661,0.00011553,0.00098408,0.70950913,0.00043054
1.2.840.113619.2.370.4.279707905.1578030897.733134.png,0.12276237,0.34255344,0.78110474,0.82614064,0.00012645,0.0115408,3.3e-07,6e-08,7.5e-07,0.25231695,0.00112917,1.73e-06,0.00123257,0.9995653,0.00066524,0.00019468,1.05e-06,7.79e-06,0.00263552
1.2.840.113619.2.203.4.279707905.1582312752.858155.1.png,0.024958,0.01742961,0.00325493,0.01673905,0.03246889,0.9334922,0.02425205,0.02672396,0.01043475,0.1830296,0.00016089,0.00133046,0.08942302,0.00110361,0.00462985,0.00194564,0.00632365,0.1316067,0.0008697
1.2.840.113619.2.203.4.279707905.1575402475.5087.1.png,6.99e-06,0.01603912,7e-08,4.64e-06,0.00090165,2e-08,0.00014936,0.00171314,4.819e-05,0.09997303,0.00045666,2.76e-06,0.00047421,0.92961335,0.00010082,4e-08,0.0,0.00055319,3e-07
1.2.840.113619.2.370.4.279707905.1581487475.52428.png,0.03846163,0.00437826,0.10153696,5.93e-06,0.01053898,0.00186471,0.13070378,0.0003274,0.00129928,0.00311487,0.00280284,0.25655934,0.06771002,0.01204865,0.03523417,0.0010895,9.87e-06,0.12550573,0.00035595
1.2.840.113619.2.203.4.279707905.1577820259.691907.1.png,0.9761815,7.05e-06,0.03361255,0.9081111,0.00625617,0.43508953,0.63687074,0.99974936,0.9995362,0.00126136,8.515e-05,4.304e-05,2.687e-05,0.00036658,0.00022499,0.00057905,3.593e-05,2.827e-05,7.172e-05
1.2.840.113619.2.203.4.279707905.1579204067.597914.1.png,8.999e-05,0.47846708,1.1e-07,5.3e-07,2.91e-05,0.01684618,0.02311074,0.16818853,0.04465344,0.01463191,3.563e-05,1.013e-05,0.00118202,0.00048561,0.00063168,8.39e-06,2.39e-06,0.38611028,0.00016298
1.2.840.113619.2.370.4.279707905.1574855350.909333.png,0.11590794,0.5980142,0.01456985,0.42154604,0.0807206,0.00681238,0.13283,0.14157689,0.0100971,0.00077538,0.00013702,0.00034976,0.00018624,0.00019628,0.3359801,0.00136614,0.0014032,4.5e-06,0.00038913
1.2.840.113619.2.370.4.279707905.1574572663.972716.png,0.01255402,0.9821224,0.00018706,4.62e-06,0.00049238,1.2e-06,0.4249193,4.32e-06,0.00041847,9.82e-06,0.08199496,0.9989964,0.7610294,0.00014536,0.75243133,0.00029047,0.00049116,5.2e-07,3.57e-06
1.2.840.113619.2.370.4.279707905.1583114810.749896.png,0.01569174,0.01472255,0.00113421,5.7e-07,0.00029208,0.00130024,0.2178759,3.42e-06,0.00099831,0.02059863,0.5036933,0.26661417,0.00408195,0.0859238,0.00824064,5.789e-05,2.321e-05,0.10856984,0.00011571
1.2.840.113619.2.370.4.279707905.1606011865.775462.png,0.0114883,1.357e-05,0.2194841,0.9999645,1.41e-06,0.00178471,5.382e-05,0.00531475,0.99490154,0.00185109,3.2e-05,5.5e-07,2.7e-07,2.114e-05,3.415e-05,0.0012159,3.39e-06,1.8e-07,3.7e-07
1.2.840.113619.2.203.4.279707905.1577391527.869645.1.png,0.8161481,1.966e-05,0.38339627,0.94890034,0.33122867,0.22566865,0.00207099,0.00241918,0.39584732,0.00079158,4.71e-05,1.167e-05,0.00029558,0.02916533,0.00195129,0.00079559,1.442e-05,4.198e-05,1.357e-05
1.2.840.113619.2.370.4.279707905.1575266652.645813.png,0.38644236,0.8680168,0.46166193,6e-07,1.592e-05,0.00022338,0.034759,1.178e-05,1.84e-06,0.00030497,0.01681447,0.13049157,0.87204754,0.19156192,0.02157777,5.636e-05,9.649e-05,0.0014507,0.00276344
1.3.12.2.1107.5.3.56.1642.11.202005221231340406.png,0.8129842,0.00092914,0.37264377,0.6365002,0.01595244,0.01775999,4.376e-05,0.03145144,0.00202197,0.01248363,0.00770989,0.00012954,1.773e-05,0.00167821,0.00031128,0.0848928,0.0061721,0.00252555,0.00043304
1.2.840.113619.2.370.4.279707905.1575789525.35026.png,0.65071,0.22896229,0.8249204,0.00375714,0.00151613,0.90859807,0.00022919,0.09872074,2.696e-05,0.32369417,0.0073662,0.01345137,0.00030763,0.00852292,0.00015627,1.865e-05,0.00274043,2.444e-05,0.04112384
1.2.840.113619.2.370.4.279707905.1577793090.538528.png,0.00154625,0.3533242,0.00139097,9e-08,1.059e-05,5.87e-06,0.12206549,0.00499981,2.64e-05,7.293e-05,0.7312244,7.728e-05,0.00020187,0.00066444,0.00055788,1.988e-05,4.575e-05,0.00075803,0.00012097
1.3.12.2.1107.5.3.56.1642.11.202008281549130265.png,0.03757746,0.99628365,9.4e-07,0.00310938,0.00010832,1.4e-07,0.047283,6.66e-06,0.00057271,1.966e-05,0.00815963,0.09536016,0.9979583,2.59e-06,0.82285696,3.466e-05,0.00421342,1e-08,8e-08
1.2.840.113619.2.370.4.279707905.1584061745.375431.png,0.88954175,0.00303729,0.69338894,0.37531543,0.00245973,4.656e-05,0.00184411,0.00206765,0.93775034,0.00224662,2.301e-05,0.21378128,6.56e-06,6.7e-06,1.292e-05,0.00011404,5.253e-05,1.159e-05,7.92e-06
1.3.12.2.1107.5.3.33.2229.11.202009031451360968.png,0.00031609,0.071047,0.03451942,0.11268761,8.46e-06,0.00033641,0.00969115,0.02626979,0.00885687,2.773e-05,0.05527976,0.00802766,0.02165854,2.853e-05,0.00013393,0.00050258,0.00586715,1.58e-06,0.0012826
1.2.840.113619.2.370.4.279707905.1574474769.459833.png,0.55667657,0.6140206,0.67826414,0.02358172,2.942e-05,2.208e-05,1.328e-05,4.56e-06,2.369e-05,0.0836055,4.523e-05,0.41076896,8.4e-07,0.00015837,0.05207288,0.00049217,1.792e-05,3.5e-07,0.00029559
1.2.840.113619.2.370.4.279707905.1605572630.858858.png,0.00992409,0.98462176,0.00052928,0.00253332,0.00159307,0.00033253,0.5780836,0.00503882,0.01777174,0.2321816,0.01717979,0.00038846,0.00017728,0.18753158,0.00408406,0.00010181,9.799e-05,0.00106306,0.00475922
1.2.840.113619.2.370.4.279707905.1576549162.887616.png,0.02073489,0.69828475,0.00240371,0.00036429,0.00036625,0.00158832,0.00044546,0.00014755,0.00029095,0.38783872,0.00230861,4.699e-05,0.00141709,0.04673604,0.5569476,0.00286917,0.00013277,0.01932961,0.01724411
1.2.840.113619.2.203.4.279707905.1576871392.436476.1.png,0.98131126,0.00033131,0.00129966,0.04606005,5.595e-05,0.366864,0.00289026,0.12978137,0.996906,0.00069024,3.154e-05,1.946e-05,0.00059125,0.02392696,0.00058969,7.75e-05,1.94e-05,0.39608,3.498e-05
1.2.840.113619.2.370.4.279707905.1576457167.376298.png,0.2858171,0.00316512,0.00061177,0.0057837,0.0011253,0.00112338,0.09659493,0.00067829,0.00226605,0.00689834,0.08279916,0.00169932,0.00016369,0.14656284,0.00062088,5.19e-05,3.64e-06,0.00085356,9.443e-05
1.2.840.113619.2.203.4.279707905.1578950824.683383.1.png,0.9377613,0.03282487,2.819e-05,0.00171906,0.68104136,0.00446191,0.01110211,0.55251664,0.0002188,0.0116786,0.0690482,0.00266349,0.00039407,0.03203776,0.000328,7.269e-05,5.749e-05,0.0011164,5.009e-05
1.2.840.113619.2.370.4.279707905.1605230445.631220.png,0.48249444,0.9975481,0.02100762,1.728e-05,4.39e-06,1.8e-07,0.00302917,0.00309319,0.00069783,0.09973501,2.915e-05,0.00028363,1.95e-06,0.00625333,0.8653919,0.0001679,0.00025791,1.2e-07,0.17333741
1.2.840.113619.2.203.4.279707905.1574786977.446293.1.png,0.3559864,0.00434728,0.0739666,2.2e-07,3.221e-05,0.00103348,0.0136674,0.00028747,0.00010216,2.555e-05,0.00025119,0.9979463,0.61071444,0.02440549,4.302e-05,6.317e-05,7.6e-07,0.00850959,0.00031486
1.2.840.113619.2.370.4.279707905.1579156464.379739.png,0.01409426,0.00187264,0.1802491,3e-07,0.00189771,0.00077724,0.7643605,4.347e-05,0.00020633,0.00036149,0.07972608,0.00211291,0.00102347,0.12434768,1.406e-05,0.0001677,5.16e-06,0.00945498,0.00224479
1.3.12.2.1107.5.3.33.2229.11.202010311610470484.png,9.36e-06,0.05600078,1.733e-05,5.44e-06,2.138e-05,1.08e-05,0.88573086,2.787e-05,0.00040502,0.00085038,0.00047896,0.34416947,0.13095768,2.839e-05,0.01277531,1.601e-05,0.10896629,2.4e-07,3.7e-07
1.2.840.113619.2.370.4.279707905.1600307586.247742.png,0.37091297,0.00145036,0.13956204,0.9919776,0.02339755,0.23584774,0.38632748,0.01393183,0.00059109,0.031374,7.488e-05,0.00036267,0.00023423,0.00018204,0.00092082,0.00156457,1.704e-05,0.00572754,1.475e-05
1.2.840.113619.2.203.4.279707905.1586975228.595692.1.png,0.9979752,0.00157441,0.01903784,0.14075486,0.00146271,0.00137847,0.00108646,0.00098339,0.05378988,4.271e-05,0.00098946,0.00028736,0.00039074,0.04462715,0.00884863,0.22886188,0.08245077,0.01220988,0.00071797
1.2.840.113619.2.370.4.279707905.1574909890.441558.png,0.09145125,0.10125398,0.00206241,0.01062461,0.00161681,0.00050743,0.00197119,1.23e-06,0.00028711,0.9783376,0.04528892,0.00085004,0.00023153,0.95801234,0.00083438,7.13e-06,5.079e-05,7.85e-06,3.32e-05
1.3.12.2.1107.5.3.56.1642.11.202006221607000875.png,0.0005608,0.2474678,5.23e-05,0.03118616,0.01028936,0.09825043,0.00631151,0.13968341,1.478e-05,0.12627916,0.00029645,1.38e-06,0.01557073,0.00034705,0.5111759,8.4e-07,0.02634375,7e-06,0.00014194
1.2.840.113619.2.203.4.279707905.1578951015.256795.1.png,0.30814984,0.3752742,0.7755033,0.20333079,0.0144077,0.00052031,0.32621932,0.00129889,0.00187844,0.00016502,0.11660787,0.01163352,0.00011074,0.00022276,0.0022353,0.00063155,0.01240111,8.79e-06,0.00014836
1.2.840.113619.2.203.4.279707905.1574702784.171001.1.png,0.01322131,0.00083554,0.00428623,0.00016474,0.02335431,0.4388359,0.04497166,3.656e-05,0.0144681,0.28851095,0.0001122,0.25468892,0.00698126,0.00070326,0.00101712,0.00180686,2.47e-06,0.88645303,7.66e-06
1.2.840.113619.2.370.4.279707905.1578550415.508107.png,0.8641899,0.4919288,0.00032818,5.73e-05,7.901e-05,7.2e-07,0.00149464,2.122e-05,0.00558169,0.00127334,0.00014197,2.08e-05,7.01e-06,0.20055667,0.03158075,0.00032127,0.0007129,2.061e-05,0.00024709
1.2.840.113619.2.370.4.279707905.1592704808.363400.png,0.10302643,0.04720928,0.00539433,0.3811144,0.00044635,0.0010044,0.00467397,0.01244887,0.6238751,0.01206892,0.08737606,0.01869488,6.83e-06,0.06310254,0.0010614,0.00161131,8.148e-05,1.312e-05,1.564e-05
1.3.46.670589.30.1.6.1.963334151171.1576662574234.2.png,4.644e-05,0.00026736,0.00577584,0.0,0.02748049,6.116e-05,0.76736903,4.8e-06,7.07e-06,4.771e-05,0.9739776,0.11358067,2.507e-05,0.00040625,0.00010797,1.37e-06,7.771e-05,8.9e-07,2.124e-05
1.3.46.670589.30.1.6.1.963334151171.1598367508468.2.png,0.30602744,0.44506913,0.0055715,0.25343794,0.00580432,0.00035743,0.00416331,1.597e-05,0.0495977,0.0391876,0.00010728,8.647e-05,9.129e-05,0.00573933,0.9805822,0.00967625,0.00093024,0.00025957,0.00133886
1.2.840.113619.2.370.4.279707905.1576652580.965560.png,0.99351275,0.00032376,0.02399954,0.14779353,0.01062567,0.00120149,0.00354519,0.01134663,0.00985339,0.00237672,2.503e-05,6.31e-06,9.76e-06,0.13559324,0.01588889,0.01829843,0.00136972,0.7573952,4.105e-05
1.2.840.113619.2.370.4.279707905.1581477055.850702.png,0.01019943,0.5317002,0.00678478,0.00560109,0.6098565,0.0417757,0.00328185,0.00016643,0.15890211,0.00988279,0.6284792,0.86584824,0.00022577,0.00583512,0.14767605,0.00132455,3.619e-05,9.73e-06,5.387e-05
1.2.840.113619.2.370.4.279707905.1574473701.882921.png,0.0190026,0.99981576,3.86e-06,8.481e-05,3.582e-05,4.905e-05,0.00946931,0.00039671,1.253e-05,0.7492832,0.00093146,1.599e-05,1.84e-06,0.00648599,0.9701244,0.00011268,0.00012896,3.3e-07,0.00495822
1.2.840.113619.2.370.4.279707905.1576896109.815747.png,0.00509372,0.0363957,0.00028062,6.1e-07,4.76e-06,0.01872977,0.07581312,0.4031766,0.13639739,0.03192545,0.00013827,5.599e-05,0.01676085,0.00881839,0.00325815,1.26e-05,1.011e-05,0.08119128,0.0048457
1.2.840.113619.2.370.4.279707905.1603155357.332904.png,0.15375583,0.8736785,0.00125065,0.00021052,3.05e-05,1.869e-05,0.03635517,0.00345249,0.00354742,0.03834366,0.00016721,3.355e-05,4.03e-06,0.00500509,0.9321674,0.00138505,3.937e-05,0.00022611,0.01134235
1.3.12.2.1107.5.3.56.1642.11.202010141540030328.png,0.9330177,0.00039578,0.26911613,0.9980562,0.01800763,0.03082519,0.25560445,0.6569877,0.7408746,0.00041581,0.00760146,0.01036846,0.442302,0.03048092,0.00047132,0.0108018,0.03271174,0.00071141,0.01272146
1.2.840.113619.2.370.4.279707905.1594866535.905342.png,0.7612047,6.418e-05,0.94460166,0.05618156,0.00016781,7e-08,1.87e-06,0.0,0.0,1.92e-06,1.28e-06,8.06e-06,1.446e-05,4.4e-07,3.211e-05,2.3e-07,0.00156869,1.4e-07,0.00021006
1.2.840.113619.2.370.4.279707905.1578017455.946848.png,0.29589337,0.02297105,0.99591106,0.00477967,0.0159551,0.01765988,0.9952502,0.01127384,0.0004785,0.00013954,0.00618505,0.04718838,0.00532155,0.00100984,0.00379078,0.00039983,0.00545802,1.71e-06,0.00139886
1.2.840.113619.2.370.4.279707905.1595296359.590814.png,0.00074985,0.98441565,1.712e-05,9.03e-06,0.00013203,9.5e-07,0.70301616,0.00069772,0.00245288,0.00200409,0.00858456,0.00919317,0.00153803,0.00015609,0.9703489,0.00140661,0.00029199,5.44e-06,4.474e-05
1.2.840.113619.2.370.4.279707905.1595377347.277794.png,0.31185746,0.03502314,0.02210675,0.00037875,0.00197726,0.36905357,0.48471636,0.01983835,0.0029031,0.7589166,0.0031271,0.01474421,0.00497753,0.30857423,0.00405696,0.00069605,0.0005728,0.01733429,0.04255192
1.2.840.113619.2.370.4.279707905.1578289567.99723.png,0.1006309,0.46872437,0.00104314,1.2e-07,0.00013129,9.431e-05,0.03071182,0.00014167,1.41e-06,0.23046283,0.03430149,0.02935144,0.01485583,0.27874482,0.05701938,1.244e-05,6.603e-05,2.321e-05,0.00156215
1.2.840.113619.2.370.4.279707905.1579573632.312824.png,0.19187658,0.04051404,0.5875187,2.55e-06,0.01681611,0.01646268,0.6385708,0.00055258,0.00020958,0.7842222,0.00512077,0.05071818,0.03206549,0.05161132,0.00808062,0.00020841,0.00054348,0.00732434,0.00293251
1.2.840.113619.2.370.4.279707905.1599185649.733593.png,0.85332906,0.00029462,0.16607375,0.5100937,0.00269878,0.00404585,0.00124032,0.02320722,0.00102269,0.7393645,5.27e-06,0.02686352,5.48e-06,6.274e-05,0.00016598,1.132e-05,0.06395069,2.91e-06,3.47e-06
1.2.840.113619.2.203.4.279707905.1588780625.850589.1.png,0.00278919,0.00025481,0.00011593,0.01367848,0.00540936,0.00102647,0.9702618,0.76705873,0.03543804,0.18574832,0.00066632,0.0002084,0.00021787,0.27144915,3.65e-05,1.059e-05,2.1e-07,0.00420615,9.19e-06
1.2.840.113619.2.370.4.279707905.1597115142.540175.png,0.0028435,0.01004747,0.04450201,1.86e-06,0.2540447,0.0142627,0.9563511,3.37e-06,0.00370573,0.00469465,0.00144417,0.93365633,0.00133229,4.438e-05,0.00394572,4.747e-05,7.029e-05,3.979e-05,1.06e-06
1.2.840.113619.2.370.4.279707905.1596436265.865100.png,0.99205154,0.0019146,0.91712826,0.48821017,6.343e-05,0.00022743,0.00037595,0.00051323,0.00688629,0.07114189,2.683e-05,0.01106456,2.2e-07,1.032e-05,0.00204647,0.00047599,4.892e-05,4.2e-07,1.021e-05
1.3.12.2.1107.5.3.56.1642.11.202008201551570218.png,0.5660065,0.02897,0.0334381,0.03742591,0.00706716,0.01167481,0.00440319,0.17932962,0.00759252,0.00942401,0.01679815,0.4171948,0.00034417,0.11626101,0.00246348,0.00034152,0.00365181,0.00063642,0.00733633
1.2.840.113619.2.370.4.279707905.1579593856.498993.png,0.17121921,0.00019137,0.04250825,0.00431987,4.935e-05,0.00143889,0.8643358,0.00159491,0.03034344,0.00225455,0.00023606,1.368e-05,3.924e-05,0.00033332,0.00017194,3.512e-05,0.00242737,0.00221577,0.00333
1.2.840.113619.2.370.4.279707905.1577324307.466391.png,0.01581928,1.94e-06,0.03422379,0.15830664,0.00093955,0.00038737,0.8920566,0.00013739,0.05386698,8.276e-05,0.00027379,3.89e-06,5.18e-06,5.972e-05,0.00027939,2.931e-05,4.09e-06,4.04e-06,1.147e-05
1.2.840.113619.2.203.4.279707905.1575493243.817127.1.png,0.00096857,0.00037725,3.447e-05,0.00097718,7.63e-06,0.00286988,0.25919256,0.00762919,0.13844016,0.7643715,0.0023395,3.082e-05,0.00155217,0.22840312,5.01e-05,1.136e-05,1.35e-06,0.00035849,1.69e-06
1.2.840.113619.2.203.4.279707905.1590085372.444474.1.png,0.10790682,8.547e-05,0.00276769,0.00642779,0.1472156,0.01081794,0.17570776,0.6498775,0.95486015,0.00014619,0.00182081,0.3675713,0.00196079,0.0085343,0.00131718,0.00040172,0.0001639,0.05472334,0.00137722
1.2.840.113619.2.370.4.279707905.1596855291.485220.png,7.338e-05,0.9958688,0.0053585,0.00022242,0.04762144,0.00103962,0.00358951,1.87e-05,0.00029026,6.741e-05,0.9997838,0.00670636,1.004e-05,0.00017644,0.00109426,1.104e-05,2.969e-05,9.2e-07,1.341e-05
1.2.840.113619.2.370.4.279707905.1602983944.667981.png,0.00030711,0.9987432,0.00031764,4.17e-06,9.488e-05,2.636e-05,0.02697202,2.368e-05,0.00023176,0.00033805,0.01035524,0.95323986,0.87331617,0.000158,0.0913037,3.609e-05,0.02634106,3e-07,3.3e-06
1.2.840.113619.2.370.4.279707905.1575419943.565788.png,2.027e-05,0.966888,5.998e-05,0.00024485,0.00056973,0.00223153,0.0034747,0.01943397,1.313e-05,0.8795288,0.9033574,0.00035419,0.00030032,0.15981631,9.31e-06,1.57e-06,6.67e-06,4.4e-07,3e-07
1.2.156.112536.2.560.64226048152091077.133463940521.4.png,0.9996846,1.9e-07,0.9431448,0.9757364,0.1102677,0.01730878,0.97578,0.02483558,0.00058507,1.084e-05,0.00904386,0.00175474,1.463e-05,0.00026818,2.5e-07,0.00097315,0.00947856,0.0005894,0.00034485
1.2.840.113619.2.203.4.279707905.1577220255.350594.1.png,0.98336446,0.00059654,0.66024715,0.07440376,0.02065631,0.02169389,0.2581309,0.6412246,0.64248824,0.00149463,2.675e-05,6.67e-06,0.00027048,0.00119628,0.00091421,0.00054517,0.00239093,0.00443814,2.598e-05
1.2.840.113619.2.370.4.279707905.1575162716.905365.png,0.14465511,1.09e-06,0.759365,0.9998541,3.233e-05,0.20725033,0.00018677,0.00066213,0.99205583,0.0002562,0.00010661,5.9e-07,1.2e-07,0.00023039,7.9e-06,0.00072663,9.7e-07,5.5e-07,2.78e-06
1.3.46.670589.30.1.6.1.963334151171.1579608151046.2.png,0.03692884,0.00623046,0.01595568,0.9843685,0.00500513,0.03414816,0.15680337,0.00016859,0.02417461,0.20765565,0.00327809,9.086e-05,4.938e-05,0.00111489,0.01131771,0.00843555,0.00067803,0.00222628,0.00039115
1.3.12.2.1107.5.3.33.2229.11.202005131554120812.png,0.01387342,0.95963925,0.00013615,0.00659905,0.07792816,0.06686289,0.00047521,0.00039659,0.00019458,0.03737358,5.317e-05,0.00036413,0.06017472,6.551e-05,0.9736656,0.00050062,0.00021951,0.00097412,0.00081344
1.2.840.113619.2.370.4.279707905.1577407184.373931.png,0.04574498,0.00038582,0.47531196,0.2713569,0.0251925,0.00018183,0.00228999,7e-08,8.888e-05,0.01012421,0.01199096,2.174e-05,2.15e-05,0.02715779,7.267e-05,1.71e-06,9.74e-06,1.314e-05,5.48e-05
1.2.840.113619.2.370.4.279707905.1602212198.839970.png,6.984e-05,0.00034449,0.00062424,0.95861423,0.00038804,0.00444356,0.30712056,0.0001282,0.999984,0.00099039,0.00050703,7.82e-06,1.1e-07,2.5e-07,0.00043273,0.0002729,2.12e-06,2.16e-06,5.3e-07
1.2.840.113619.2.370.4.279707905.1578030293.687234.png,0.00027417,0.09642357,0.00015217,0.00074261,0.00184618,0.00176182,0.08654168,1.03e-05,0.00317107,0.07010716,0.76128787,0.00096918,0.00061814,0.00274764,0.03397344,0.00019316,0.00040921,0.00021253,3.944e-05
1.3.46.670589.30.1.6.1.963334151171.1576136917953.2.png,1.76e-06,2.128e-05,0.00891664,0.0003128,8.85e-05,0.02071821,0.0324959,0.00020097,0.00081165,2.873e-05,0.08583635,7.79e-06,7.613e-05,1.24e-06,4.355e-05,3.4e-07,0.86608315,8e-08,1.551e-05
1.2.840.113619.2.370.4.279707905.1590280466.652185.png,0.91063625,8.414e-05,0.39697015,0.9982593,0.00110444,0.20113008,0.01801204,0.32375962,0.9956366,0.01787792,0.00061466,0.00030871,8.121e-05,0.2583702,0.00017196,0.00125644,0.00012693,7.89e-06,3.601e-05
1.2.840.113619.2.203.4.279707905.1578948616.848818.1.png,0.6927365,0.0001266,0.0001132,0.15182036,0.0057053,0.00121728,0.23816848,0.13362266,0.9683252,0.17248294,0.00035701,2.147e-05,1.974e-05,0.4084658,0.00212725,0.00011491,2.39e-06,0.00113294,2.09e-05
1.2.840.113619.2.370.4.279707905.1604969943.994334.png,0.00015007,0.8415595,0.00040202,1.057e-05,0.00143922,1.848e-05,0.9952048,0.00182001,0.00280441,0.00424573,0.00979241,0.17907809,0.21519572,0.00010719,0.56665057,0.00022586,0.00080013,9e-08,1.046e-05
1.2.840.113619.2.203.4.279707905.1579547428.947008.1.png,0.0283939,0.00018648,0.00160627,0.09764965,0.10541557,0.23794971,0.02262658,0.6951605,0.9383719,0.03869872,0.00013283,0.00050423,7.095e-05,0.0002901,0.00015054,0.00022398,1.177e-05,0.18727726,3.86e-06
1.3.12.2.1107.5.3.56.1642.11.202009281613550093.png,0.99209166,3.89e-06,0.9994497,0.999705,0.00013786,0.01604789,0.00024527,0.00698778,0.01425879,7.634e-05,0.000123,1.219e-05,2.34e-06,0.00020653,1.204e-05,0.26473466,0.00043305,4.476e-05,0.0001103
1.2.840.113619.2.370.4.279707905.1595299849.273818.png,0.46452877,3.9e-07,0.01759407,0.99998885,9.15e-06,0.00823669,0.00141185,0.01027943,0.9517873,0.01945015,7.792e-05,3.4e-06,3.88e-06,4.017e-05,9.66e-06,0.00021421,3.31e-06,3.5e-06,2.6e-07
1.2.156.112536.2.560.64226048152091077.1334053255635.143.png,0.9128543,6.61e-06,0.69326866,0.96841115,0.00629798,0.4756551,0.00238752,0.831211,0.02432064,0.35842416,1.509e-05,0.00107716,2.311e-05,6.452e-05,6.8e-07,0.00012646,0.46434572,0.00029432,7.951e-05
1.2.840.113619.2.370.4.279707905.1576994997.750474.png,0.4542801,0.8688224,3.779e-05,0.00025408,0.02229234,3.641e-05,0.00149964,0.00028705,0.00028684,0.5495362,0.11212181,0.00688428,8.399e-05,0.99846905,0.17585944,0.00017564,9.7e-07,1.361e-05,0.00025345
1.2.840.113619.2.370.4.279707905.1602039643.448272.png,0.06336906,0.00376703,0.00209824,4.05e-06,2.89e-06,9.625e-05,0.00588547,0.35568193,0.00011158,0.00029862,0.58899796,0.94949067,0.0137032,0.21655214,0.00294479,3.1e-05,1.084e-05,0.00013149,0.00026867
1.2.840.113619.2.370.4.279707905.1592372495.883407.png,0.58525085,0.9106172,0.1941971,0.05528194,0.00755181,0.00121058,0.05958256,0.57964504,0.00013025,0.16836806,0.00025584,0.00036877,0.0003332,0.2444916,0.23218052,0.00070247,0.00543528,5.862e-05,0.7259999
1.2.840.113619.2.203.4.279707905.1603918243.728194.1.png,0.71298426,7.45e-05,0.15055194,0.98294866,0.00109739,0.00671276,0.01446403,0.16581263,0.9747028,0.00460232,4.144e-05,9.28e-06,5.458e-05,9.075e-05,0.00026188,0.00116698,0.00020802,0.00057129,5.3e-07
1.2.840.113619.2.370.4.279707905.1577499014.925950.png,0.07261744,0.00300866,0.00653737,0.00313702,0.00371033,0.00011608,0.01828634,5.855e-05,0.00159809,0.03647863,0.0770509,0.00035159,0.0007328,0.2151544,0.00396064,0.00130412,0.02450238,0.04811045,0.00447092
1.2.840.113619.2.370.4.279707905.1577661354.445054.png,0.77929515,0.01453087,0.00030174,0.25109383,0.00823972,0.00308788,0.24655584,0.00105167,0.7562736,0.02278376,0.00497743,7.771e-05,0.00023044,0.39176604,0.0114268,0.00017641,4.708e-05,3.941e-05,0.00026523
1.2.840.113619.2.203.4.279707905.1577993680.928684.1.png,0.5771162,0.01556125,0.22149941,1.55e-06,5.182e-05,3.88e-06,0.02329698,2.448e-05,7.49e-06,2.713e-05,0.70789754,0.95021147,0.45317265,0.6097137,0.02735504,0.00014703,0.00046406,0.00092775,0.00063481
1.2.840.113619.2.370.4.279707905.1577256073.559450.png,0.31359637,0.0066588,0.42608747,0.17170227,0.00011465,0.00084673,0.97966194,4.865e-05,0.00043911,0.0015007,0.00041053,0.54775715,0.28902382,0.0137057,0.00229501,0.0041862,0.00037072,9.4e-07,0.00041273
1.2.840.113619.2.370.4.279707905.1574989292.150953.png,1.549e-05,0.13858348,1.67e-06,0.47848797,4.943e-05,0.00015659,0.02295886,0.7577421,0.99913347,0.524996,0.00058488,3.42e-06,6.305e-05,2.84e-06,0.04177076,7.509e-05,7.172e-05,1.029e-05,7e-08
1.2.840.113619.2.203.4.279707905.1574714867.869896.1.png,0.9799009,0.05740476,0.01475034,0.4044504,0.0035201,0.06253382,0.01622456,0.00147904,0.00102449,0.02541499,0.00178718,0.00181169,0.00023657,0.11615273,0.02422836,0.01171295,0.00113537,0.00443736,0.00034884
1.2.840.113619.2.370.4.279707905.1578297975.818472.png,0.02963454,0.01283237,0.00228466,4.37e-06,0.00530477,0.00038382,0.34289232,2.405e-05,0.00017441,0.00260497,0.5618629,0.4687566,0.00085408,0.02112042,0.11860137,0.00045434,3.681e-05,0.00119557,5.668e-05
1.2.840.113619.2.370.4.279707905.1575074599.926707.png,0.417786,0.01633098,0.02485746,0.00049722,8.364e-05,0.03705892,0.12346728,0.12373901,6.894e-05,0.09804452,0.04658279,0.01216709,0.00068825,0.64148027,0.00068121,1.543e-05,0.01233289,0.00503862,0.02727548
1.2.840.113619.2.203.4.279707905.1575920016.220194.1.png,0.99204147,0.0001025,0.9831672,0.0724352,0.9960323,0.99799454,0.99413127,0.10161066,0.51923585,0.5844372,4.885e-05,0.00455972,4.599e-05,2.47e-05,1.03e-06,0.00144261,1.67e-05,0.00018547,1.06e-06
1.2.840.113619.2.370.4.279707905.1597763746.858341.png,0.6768982,0.6135695,0.9805204,0.00625281,0.01424003,0.00013852,0.00436092,0.00154455,1.12e-06,0.00902874,1.868e-05,1.092e-05,8.2e-07,0.00080531,0.11154347,0.00186982,0.01152959,3.74e-06,0.03586093
1.2.840.113619.2.203.4.279707905.1576785678.317474.1.png,0.9999747,0.00092817,0.00408471,0.00332533,0.8805326,0.00322906,0.00090385,5.785e-05,1e-08,0.00632903,7.4e-06,0.0015642,0.00100562,0.00038488,0.0001646,0.00011664,0.01486156,0.00635433,0.00126189
1.2.840.113619.2.370.4.279707905.1574661584.945533.png,0.16346046,2.783e-05,0.00526151,0.03976975,1.8e-07,1.07e-06,0.00077031,0.00906251,0.26039755,0.00519171,0.0028388,0.05713406,1e-07,0.00140742,0.0010319,3.036e-05,1.54e-06,6e-08,3.3e-07
1.2.840.113619.2.203.4.279707905.1593368719.457684.1.png,0.03999836,0.00070454,1.26e-06,0.20758148,0.00054017,0.00027045,0.58249795,0.98760766,0.9999604,0.00096075,0.00036784,1.926e-05,0.00066768,0.00114586,0.00207153,1.163e-05,4.59e-05,0.00301034,8.33e-06
1.2.840.113619.2.370.4.279707905.1600495654.574191.png,0.8003168,0.7772096,0.00014153,0.00024849,0.00024419,0.00123278,6.316e-05,0.00018001,0.00109229,0.16883956,0.00197655,0.00059088,0.00011816,0.30974668,0.7765166,0.00579487,0.00065133,0.08720684,0.00177207
1.2.840.113619.2.370.4.279707905.1590977064.153595.png,0.14057364,0.2180605,0.3770191,6.36e-06,0.00454252,0.04807508,0.06524594,0.00025716,3.053e-05,0.32258898,0.5869901,0.07224336,0.00577042,0.6459445,0.01371455,3.143e-05,0.00119028,3.687e-05,0.01602288
1.2.840.113619.2.370.4.279707905.1606121829.301555.png,0.9988998,0.03201365,0.9953105,0.89891505,4.132e-05,0.00395759,5.377e-05,0.00011508,0.00016731,0.00116782,0.00044687,3.305e-05,0.00013208,0.20529997,0.00072128,0.00112397,0.00103564,1.087e-05,0.00096957
1.2.840.113619.2.203.4.279707905.1578348672.64652.1.png,0.0158085,1.242e-05,1.54e-06,1.726e-05,0.00015222,3e-07,0.00010717,0.05076738,0.01226364,5.12e-06,8.077e-05,6.61e-06,6.128e-05,0.680483,0.0090327,3.82e-06,5.88e-06,0.02782892,1.342e-05
1.2.840.113619.2.370.4.279707905.1605319368.734669.png,0.53923583,0.00014142,0.18858242,0.98554856,0.02024017,0.0018474,9.516e-05,2.199e-05,0.15302956,0.7841127,0.00042427,0.01482849,8.7e-07,2.821e-05,0.00199723,0.00272437,8.961e-05,6.1e-07,1.4e-07
1.2.840.113619.2.370.4.279707905.1575341528.114521.png,0.00763022,0.00984593,0.3519964,0.2280767,0.16653694,8.09e-06,0.0008278,0.00015198,0.00394197,5.416e-05,0.00012921,0.73985416,7.69e-06,8.42e-06,0.04159387,0.03155653,0.00144106,1.54e-06,4.971e-05
1.2.840.113619.2.370.4.279707905.1601104989.743867.png,3.146e-05,0.9308566,0.00026816,1.418e-05,0.00177538,0.81286675,1.349e-05,3e-08,2.1e-06,0.9996177,1.381e-05,3.04e-06,0.00015321,4.07e-05,0.5799516,2.969e-05,7.42e-06,0.00317787,1.934e-05
1.2.840.113619.2.370.4.279707905.1578016470.940032.png,0.86984986,0.87155783,0.00708987,0.00016301,1.551e-05,1.761e-05,0.00027076,5e-08,6.753e-05,0.10247961,0.00040707,3.471e-05,7.312e-05,0.9878245,0.00373062,4.457e-05,3.86e-06,0.00026246,0.00297209
1.2.840.113619.2.370.4.279707905.1588383257.905699.png,0.97212344,0.00025899,0.37224725,0.42791352,2.003e-05,0.00013062,0.00100052,1.145e-05,0.01326746,0.05466044,0.00011109,0.46501932,2.23e-06,0.00014834,0.00060574,0.0004394,6.285e-05,1.69e-06,2.37e-06
1.2.840.113619.2.370.4.279707905.1575467945.623700.png,0.30579412,0.07969237,0.04421058,0.00231541,8.719e-05,0.00058394,0.29400626,0.32291043,8.765e-05,0.01166888,0.00030223,1.249e-05,1.912e-05,0.00159753,0.10437233,0.00157049,0.00014491,0.0004449,0.01376807
1.2.840.113619.2.203.4.279707905.1590004335.586406.1.png,0.017748,0.01154488,0.00152187,7.628e-05,0.00937209,0.20779814,0.05318859,0.04001002,0.00030049,0.06374392,0.00248952,0.13147964,0.03193349,0.02482569,0.00021335,0.00022564,1.96e-06,0.32436487,0.00058624
1.2.840.113619.2.370.4.279707905.1578063206.262252.png,0.00249314,0.5617165,0.01162022,0.00964562,1.076e-05,1.6e-07,0.00025021,7.53e-06,3.665e-05,0.02753762,7.883e-05,8.303e-05,8.7e-07,3.368e-05,0.97730726,0.01723682,0.00034271,4e-08,4.465e-05
1.2.840.113619.2.370.4.279707905.1580785828.667472.png,0.95695543,0.1156912,0.00083648,0.05940694,0.0008297,9.973e-05,0.00381929,0.00010055,0.00469473,0.00075965,0.00041171,1.462e-05,0.00012039,0.01685405,0.01207483,0.00341786,0.00013369,0.00154153,0.00132412
1.2.840.113619.2.370.4.279707905.1601259833.922.png,0.01065618,0.801784,2.796e-05,4.899e-05,0.04571583,8.678e-05,0.502489,0.00011967,0.00230205,0.00048635,0.05902659,0.97705394,0.00563298,0.00011628,0.61026514,0.00244381,0.00035226,8.9e-07,2.37e-06
1.2.840.113619.2.370.4.279707905.1578537955.291797.png,0.995043,0.00036897,0.00393384,0.3386346,0.00026742,0.00172548,0.0011097,3.35e-06,0.00217566,0.00051344,0.00191491,0.00081695,0.00061048,0.99960434,0.00014992,0.00067101,4.79e-06,0.95123655,0.00036327
1.2.840.113619.2.370.4.279707905.1575680040.793462.png,8.2e-07,0.8747875,9.1e-07,6e-08,8.61e-06,4e-08,0.00068861,1.099e-05,2.226e-05,5.7e-06,0.9771513,1.489e-05,0.0003518,0.00010871,0.00022859,4.8e-07,3.2e-07,0.00985298,3e-08
1.2.840.113619.2.370.4.279707905.1597976595.962691.png,0.9118971,0.06094706,0.98850936,0.2680946,0.05836539,0.00012202,0.13517809,0.00060622,4.6e-07,0.00022678,0.00081094,0.00156073,0.00019988,0.00403448,0.01900254,0.00517736,0.00802352,0.00014564,0.03188075
1.2.840.113619.2.203.4.279707905.1575060312.168432.1.png,0.00224179,0.73931146,2.317e-05,6.29e-06,0.00017167,6.012e-05,0.00024484,0.00832132,6.342e-05,0.95410377,0.20667696,0.00017894,0.00012871,0.97941434,1.355e-05,6.4e-07,1.2e-07,2.218e-05,1.68e-06
1.2.840.113619.2.370.4.279707905.1595223257.651040.png,0.00245418,0.9905631,0.00100179,0.00017007,0.00167472,4.333e-05,0.00970656,4.52e-06,0.00169193,0.03682463,0.06945475,0.76674575,0.0006002,0.00031658,0.8838006,0.00046292,0.00460446,1.97e-06,2.926e-05
1.2.840.113619.2.370.4.279707905.1577624468.387885.png,0.12746522,0.0106301,0.00527654,0.00121906,0.00077899,4.258e-05,0.01105887,0.07167558,0.01825255,0.00023351,0.00153033,0.03228934,9.518e-05,0.00029295,0.001273,0.01032656,0.00059093,9.73e-05,0.00090024
1.2.156.112536.2.560.64226048152091077.1333989816737.4.png,0.4594455,0.90889794,0.00547339,0.00395899,0.06187312,0.00293022,0.00075899,6.98e-06,5e-08,0.00019649,0.02939116,0.00016319,0.10274,0.00082088,0.38143823,0.00083151,0.04239194,0.00017057,0.00075106
1.3.12.2.1107.5.3.33.2229.11.202005041018380421.png,0.00185365,0.04821921,0.00049882,0.00092682,0.2276021,0.04795336,0.03089035,0.03032698,0.67424715,0.03385862,0.03115393,0.05371238,0.00511033,0.00931403,0.02517221,0.00014877,0.00012985,0.00373933,0.00124815
1.2.840.113619.2.370.4.279707905.1576752185.104492.png,0.6670077,2.472e-05,0.9992118,0.04280014,0.00291633,0.0031413,0.5903552,0.00127725,0.00016875,0.00075508,0.00092621,7.094e-05,3.8e-07,0.00015853,2.073e-05,0.00026257,1.941e-05,1.113e-05,8.619e-05
1.2.840.113619.2.370.4.279707905.1590971781.680937.png,0.04223868,0.98368615,0.00031895,9e-08,0.00047319,0.00566025,0.06322216,0.01127564,1.451e-05,0.9173116,0.00059739,0.00192972,0.00241221,0.2190885,0.20801716,1.3e-06,0.00084947,1.82e-06,0.05348631
1.2.840.113619.2.370.4.279707905.1582613300.736791.png,0.734403,0.07715491,0.4760478,2.274e-05,0.0006696,0.844462,2.251e-05,1.07e-06,2.7e-07,0.05156972,0.05051456,0.26491573,0.00049156,0.05106627,0.00029684,3.799e-05,3.739e-05,0.00391779,0.00014485
1.3.12.2.1107.5.3.56.1642.11.202004111433260859.png,0.03020708,0.00649679,0.02286835,0.84626186,4.9e-06,7.344e-05,8.051e-05,0.00011611,0.00114629,0.00061254,0.00052508,0.00017981,2.838e-05,0.00029137,0.02038111,0.1816146,5.062e-05,3e-06,8.58e-06
1.2.840.113619.2.370.4.279707905.1596846055.346815.png,0.7638413,0.25958425,0.00129869,0.00368394,0.00050972,1.478e-05,0.00952902,0.00030706,0.00018705,0.00945519,0.00068417,0.16661899,2.696e-05,0.00222375,0.32089904,0.00059439,0.00012712,0.00065205,0.00021742
1.3.12.2.1107.5.3.56.1642.11.202010201500180546.png,0.3327446,0.00190705,0.80805624,0.99981445,5.963e-05,0.00125555,3.291e-05,0.00744724,0.00350726,3.082e-05,0.00642368,6.214e-05,5.387e-05,0.00047215,0.0005043,0.42054033,0.00076541,2.849e-05,0.00035036
1.2.840.113619.2.370.4.279707905.1597799976.218105.png,0.03920149,3.7e-07,0.9378457,0.9999884,0.00067643,0.1602859,0.00010529,0.00280347,0.9127205,1.417e-05,0.0004347,1.721e-05,2.22e-06,0.00019927,4.242e-05,0.00058927,2.947e-05,1.34e-06,4.334e-05
1.2.840.113619.2.203.4.279707905.1577392959.541287.1.png,0.995537,7.6e-05,0.03436451,0.27677894,0.00255006,0.05498574,0.01421167,0.81059176,0.9933568,0.00011964,5.36e-05,6.818e-05,0.00073102,0.00166316,0.00020698,2.345e-05,0.00090917,0.02758108,2.949e-05
1.2.840.113619.2.370.4.279707905.1574922094.842564.png,0.0017338,0.7806856,0.05347174,4e-08,3.516e-05,0.00268073,0.0512829,0.00281458,0.0001442,9.498e-05,0.7241092,0.00028461,0.00525197,0.00093759,6.47e-06,1.03e-05,1.58e-05,0.00015364,0.00011553
1.2.840.113619.2.370.4.279707905.1577945102.964637.png,0.857096,0.00267939,0.5940681,0.7150078,0.00398045,0.1842129,0.00013606,0.0,0.00051539,0.37039065,0.00047678,0.00034491,0.00053254,0.9980426,0.00010398,0.00020331,7.6e-07,1.645e-05,0.00025743
1.2.840.113619.2.203.4.279707905.1591040223.162677.1.png,0.93909526,4.481e-05,0.00063199,6.552e-05,0.00012,4.728e-05,0.96056366,0.12174945,0.98381054,0.00200851,0.00841909,0.0039507,4.872e-05,0.99991333,8.02e-05,2.854e-05,5.84e-06,2.78e-06,0.00017343
1.2.840.113619.2.203.4.279707905.1576094967.534529.1.png,0.6992427,0.00675186,0.00011042,5.623e-05,0.0001169,0.00038436,0.1231418,0.00661253,0.00097979,0.00563758,0.9305107,0.5012976,0.00018749,0.90386343,0.00046667,0.00012949,5.883e-05,0.02006758,0.00034737
1.2.840.113619.2.370.4.279707905.1578897862.649300.png,0.00116918,0.00868293,0.01150149,2.635e-05,0.0018419,0.01218905,0.9803382,0.00020268,0.00466371,0.12576379,0.00473816,0.01728332,0.00057471,0.00066704,0.00092435,4.818e-05,1.95e-05,0.00166676,5.44e-06
1.2.840.113619.2.370.4.279707905.1576132749.627691.png,0.00958078,0.00441345,2.834e-05,5.04e-06,6.143e-05,0.00075467,0.19699016,0.01582788,0.11993935,0.08560023,0.05371007,0.00903986,0.001015,0.7123173,0.00021677,1.299e-05,1.87e-06,0.00458719,0.00013293
1.2.156.112536.2.560.64226048152091077.1333588896345.43.png,0.16832975,0.00138474,0.00361217,0.9972555,0.3963005,0.5616974,0.00194344,0.00252709,0.00122866,0.00527154,0.00162356,0.03085334,0.36183676,0.00014339,0.00101491,0.30922815,0.00103779,0.0014586,9.059e-05
1.2.840.113619.2.203.4.279707905.1594837848.891244.1.png,0.05138048,0.19453415,0.00015237,0.0053038,0.00463505,0.0740607,4.124e-05,0.00108891,0.00018028,0.02642436,5.69e-06,1.06e-06,0.01000318,0.0003704,0.10088308,0.00081514,0.00046168,0.0399453,0.00197911
1.2.840.113619.2.370.4.279707905.1605843077.654168.png,0.03392004,2.67e-06,0.07017661,0.99999535,6.363e-05,0.01846053,0.00245773,0.20834574,0.9701883,0.00141666,0.00011521,5.92e-06,1.14e-06,6.262e-05,3.313e-05,2.472e-05,0.0001182,9.6e-07,1.3e-06
1.2.840.113619.2.203.4.279707905.1604691565.793013.1.png,0.9814501,0.00077139,0.01029753,0.24177863,0.00011698,0.00258452,0.10476823,0.00826445,0.86395246,0.04630064,2.334e-05,1.44e-05,5.15e-06,0.00974652,0.0092253,0.00763972,0.00111215,0.00141868,0.00036132
1.2.840.113619.2.370.4.279707905.1592356977.790094.png,0.13748087,0.15370457,0.00026308,1.754e-05,0.00303489,2.031e-05,0.46416268,0.01754453,0.00214217,0.00013475,0.03881961,0.34996843,0.00017099,0.00116939,0.00131571,0.0001046,0.0034913,2.8e-05,0.00052561
1.2.840.113619.2.370.4.279707905.1578879066.571471.png,0.10417409,0.47738472,0.1258787,2e-08,0.0101969,0.01660789,0.3368235,3.924e-05,0.00016033,0.0610557,0.01479769,0.00902346,0.00026643,0.04394336,0.00406091,2.97e-05,8.418e-05,0.00170739,0.01299749
1.2.840.113619.2.370.4.279707905.1596761830.76370.png,0.00232577,0.9949541,0.00543503,3e-08,3.1e-07,6.53e-06,0.00017032,3e-08,7.3e-07,3.5e-07,0.00182144,0.23419353,0.9993915,0.00036765,0.00062625,5.46e-06,1.284e-05,0.0001483,7.59e-06
1.2.840.113619.2.203.4.279707905.1574780812.6896.1.png,0.9995701,0.3900626,0.9268199,0.02210346,0.0080873,0.08533973,0.010001,0.14816797,0.01895701,0.006333,0.0010462,0.00200624,0.29885015,0.03295118,4.752e-05,6.286e-05,0.06385366,0.14646314,0.00136332
1.3.12.2.1107.5.3.33.2229.11.202009071500040921.png,0.7225732,0.00030568,0.00054695,0.9845009,6.25e-06,0.7107479,0.06365564,0.06036342,0.00873388,0.7691648,0.00092846,0.00018313,1.492e-05,0.03849636,2.92e-05,0.002891,0.0001867,0.01897168,8.34e-06
1.2.840.113619.2.203.4.279707905.1595360310.272044.1.png,0.8335492,6.097e-05,0.40008673,0.982044,0.00026071,0.32058564,0.04535276,0.5987947,0.9503698,0.0012719,0.00340439,7.998e-05,0.00017892,0.00260334,9.677e-05,0.00440698,0.00158693,0.00045664,4.05e-05
1.2.840.113619.2.370.4.279707905.1600743319.332523.png,0.00517098,0.9983005,0.00015606,0.0005558,1.6e-06,5.2e-07,0.00076294,8.45e-06,1.457e-05,0.01315313,0.00022036,2.412e-05,3.81e-06,0.00012745,0.9979691,0.00422294,0.00073946,6.7e-07,0.00020628
1.2.840.113619.2.203.4.279707905.1577306970.93660.1.png,0.0125078,0.00350422,4.902e-05,2e-07,5.908e-05,0.0020356,0.00024452,0.00013405,0.00015497,0.01562891,0.02279628,0.01139341,0.00019456,0.15518665,0.0005512,3.557e-05,8.67e-06,0.7050492,0.00039749
1.2.840.113619.2.370.4.279707905.1603089469.414195.png,0.7585759,6.16e-06,0.4906712,0.99986625,9.221e-05,0.13960999,0.00014556,1e-06,0.83267295,2.685e-05,0.00086784,2.42e-05,5.89e-06,0.03841298,1.572e-05,0.00209092,4.08e-06,2.679e-05,6.29e-06
1.2.840.113619.2.203.4.279707905.1585168481.166058.1.png,0.31053233,3.204e-05,0.00034032,0.0437445,0.00126566,0.00586099,0.11140473,0.7333829,0.99442714,0.00374995,0.00017976,1.605e-05,1.478e-05,0.00404062,0.00141655,0.00018048,2.945e-05,0.00026398,4.58e-05
1.2.840.113619.2.370.4.279707905.1577840900.578521.png,0.00120423,0.03585555,0.00018542,3.943e-05,0.00106827,4.491e-05,0.6993036,6.3e-07,7.337e-05,0.00512936,0.5571956,0.01359111,2.626e-05,0.00419744,0.00037884,0.00020225,3.575e-05,2.16e-05,2.98e-06
1.2.840.113619.2.370.4.279707905.1593496473.544561.png,0.30274594,0.07984042,0.4249951,0.00061064,0.14662346,0.00056346,0.01925338,0.00669401,0.03641812,0.00170414,0.08496106,0.99891627,0.00102132,0.00179129,0.01214691,5.276e-05,0.00036557,1.49e-06,5.113e-05
1.3.12.2.1107.5.3.56.1642.11.202009022046250343.png,0.9392098,0.00010797,0.01866187,0.6725927,0.05834254,0.00138588,0.00216322,0.00324705,0.20414908,0.04814738,0.00240397,0.00263039,6.036e-05,0.00560662,0.00010891,0.00901286,0.00671472,0.00011811,1.25e-05
1.3.12.2.1107.5.3.33.2229.11.202009211403420125.png,0.23560955,0.99594355,0.00032062,0.08048224,0.00048202,0.96482134,8.14e-06,0.00065445,0.00010239,0.79528207,0.0003634,0.00022169,3.752e-05,0.00055724,0.07679879,0.00114015,0.0010786,0.00072385,0.0002812
1.2.840.113619.2.370.4.279707905.1576394181.595372.png,0.08872818,0.06752129,0.11636034,0.05973238,0.8282724,0.15393336,0.02096507,0.00032657,0.13800505,0.00120949,0.11297192,0.9577916,0.00035641,0.00118193,0.00647477,0.0010069,0.00072073,1.299e-05,0.00011266
1.3.12.2.1107.5.3.33.2229.11.202010171057070671.png,0.10945007,0.01312584,0.00263871,0.00032015,0.0002785,0.00705812,0.0723807,0.05272153,0.852263,0.875953,0.08300449,0.0164536,0.00011706,0.72523266,0.00021395,5.97e-06,0.00336528,9.77e-06,1.252e-05
1.2.840.113619.2.203.4.279707905.1597175041.369426.1.png,0.517973,0.67129266,0.00010353,6.522e-05,1.5e-07,0.06106664,0.2690333,0.00730885,0.5499949,0.06243368,5.83e-06,4.7e-07,5.514e-05,0.14044766,0.00030404,5.11e-06,8.358e-05,0.01501055,0.00012226
1.2.840.113619.2.370.4.279707905.1580008779.285162.png,0.000149,0.01760746,0.00436485,0.00243977,0.0177056,0.4475704,0.06564628,0.09316465,0.00091262,0.8554501,0.02878089,0.0016554,0.00021492,0.00075651,0.00133884,0.00010446,1.838e-05,0.00016899,1.163e-05
1.2.840.113619.2.370.4.279707905.1586143639.938375.png,0.994716,0.01908437,0.9974424,0.00072117,0.00010328,3.14e-06,0.0007042,0.00138905,0.00226734,0.00041418,5.46e-06,0.03921672,4.99e-06,1.401e-05,0.00220374,4.837e-05,1.2e-05,6.83e-06,0.00542064
1.2.840.113619.2.370.4.279707905.1577069144.444940.png,0.00088172,0.9070257,0.0427716,0.8980982,0.00021516,0.13063851,0.00012765,4.2e-07,5.92e-06,0.6792829,0.8006401,1.22e-05,0.0012119,0.96864456,4.692e-05,4.692e-05,1.113e-05,8.5e-07,0.00010105
1.2.840.113619.2.370.4.279707905.1576981164.766730.png,2.701e-05,0.15461555,1.2e-07,0.0,8.1e-07,2.35e-06,0.04545063,0.27111095,0.02823097,0.0056927,0.02088732,3.148e-05,0.00021798,0.00534841,0.00051388,1.4e-07,9.99e-06,2.186e-05,9.138e-05
1.2.840.113619.2.370.4.279707905.1600480336.231677.png,0.18099555,0.00065595,0.15700273,1.34e-06,0.00367752,0.00043053,0.66907877,1.62e-06,9.27e-06,0.1401815,0.9982307,0.19985802,0.0004702,0.97985554,6.989e-05,1.828e-05,0.00013264,0.00166169,9.794e-05
1.2.840.113619.2.370.4.279707905.1598922821.850774.png,0.94679826,0.00079516,0.9821098,0.46527877,9.44e-06,0.00012326,1.377e-05,2.668e-05,4.59e-06,0.00552197,0.00062218,0.6759886,1.12e-06,0.00054677,6.614e-05,0.00041038,2.156e-05,8.66e-06,1.342e-05
1.2.840.113619.2.370.4.279707905.1577782093.97714.png,0.06729022,0.00044889,0.03852049,0.00039019,0.00011309,5.595e-05,0.7752634,7.902e-05,0.00301217,0.01705437,0.00213968,0.00094034,0.00020929,0.14724141,0.00011891,0.0003265,5.6e-07,6.344e-05,7.193e-05
1.2.840.113619.2.370.4.279707905.1600568044.389026.png,0.00021657,0.00027122,0.00675168,0.0871693,2.293e-05,0.00437352,0.9719857,0.00121751,0.99777055,0.02304656,0.00075966,3.53e-06,4.169e-05,0.00022211,0.0002851,2.965e-05,0.00113894,0.001369,1.392e-05
1.2.840.113619.2.370.4.279707905.1604538265.966665.png,0.99997973,5.869e-05,0.00192069,0.46193457,0.00231638,6.66e-06,2.9e-05,1.5e-07,0.00301241,3.13e-06,1.062e-05,0.00038572,0.00018519,0.99989814,0.00029346,0.00155391,5.49e-06,0.93865013,0.00022028
1.2.840.113619.2.203.4.279707905.1576874386.500630.1.png,0.0015315,7.609e-05,9.1e-07,0.0001102,8.569e-05,8.76e-06,0.00018643,0.00170748,0.00382634,0.00252562,0.00020047,1.67e-05,6.085e-05,0.00512529,0.02490512,5.515e-05,1.874e-05,0.2731032,4.178e-05
1.2.840.113619.2.370.4.279707905.1577760785.598685.png,1.432e-05,0.00549252,1.019e-05,4.7e-06,5.68e-06,5.43e-06,0.952276,4.95e-05,0.0054825,0.00021886,0.71884096,1.05e-06,1.383e-05,6.796e-05,0.00087362,1e-07,3.66e-05,8.04e-06,1.51e-06
1.3.12.2.1107.5.3.56.1642.11.202001281319460578.png,0.00031799,0.00554597,0.00230325,0.9905563,1.31e-05,0.00016588,0.02626456,0.00696919,0.8812966,0.01169027,0.00134482,1.212e-05,1.4e-06,1.34e-06,0.00032329,0.36885807,0.00010085,1.79e-06,1.802e-05
1.3.12.2.1107.5.3.33.2229.11.201911261454020328.png,0.01595047,0.1823595,0.08781018,0.89307594,0.00211577,0.00014045,0.00276935,0.01557948,0.00923386,0.0044308,0.1208683,0.00622268,0.0028793,0.00178541,0.02845153,0.00374497,0.002712,0.00015561,6.556e-05
1.2.840.113619.2.203.4.279707905.1603737802.783493.1.png,0.230449,0.00136818,0.00407911,0.9179282,0.01321997,0.29038697,0.00043571,0.9984129,0.99888986,0.179787,0.00036526,2.834e-05,0.00076676,0.00041573,0.00101276,0.00045337,0.00011815,0.00047336,9.6e-07
1.2.840.113619.2.370.4.279707905.1603077679.324550.png,0.01900164,0.85624766,0.09063727,0.00030787,0.01819135,0.00199299,0.54523176,0.00173782,0.00157439,0.00047103,0.91239023,0.00752142,0.00960372,0.00965396,0.0034476,0.00031921,0.00015488,2.306e-05,0.00045398
1.2.840.113619.2.203.4.279707905.1575060522.181582.1.png,0.2835001,0.9546646,3.4e-07,5e-08,3.1e-07,0.0386474,0.00058368,0.00119179,7.3e-07,0.00031728,0.00061873,1.488e-05,0.00345672,0.10945481,3.779e-05,5.3e-06,1e-08,0.96314746,0.00068504
1.3.12.2.1107.5.3.56.1642.11.202002281521100765.png,0.99168736,0.00018149,0.9270412,0.9792169,3.977e-05,0.03328678,0.0049208,0.01182192,0.00430007,0.01740655,2.93e-06,3.72e-06,2.89e-06,5.237e-05,3.309e-05,0.1030475,0.00016437,0.04062469,2.81e-06
1.2.840.113619.2.370.4.279707905.1579312613.831139.png,2.28e-05,0.9909762,0.00043457,0.0091594,0.00017331,0.01094742,0.00338513,0.00636117,0.01654372,0.00076648,0.9777495,0.00051729,2.504e-05,1.864e-05,0.00011587,4.967e-05,5.45e-05,5.2e-07,4.4e-06
1.2.840.113619.2.203.4.279707905.1589479990.107461.1.png,0.1011304,5.965e-05,2.7e-07,1.885e-05,0.16552359,2.8e-06,0.98998594,0.00529077,0.996287,0.0009804,0.00045302,0.003344,0.00029653,0.7118041,0.00346498,2.95e-06,6.2e-07,3.04e-06,1.766e-05
1.2.840.113619.2.203.4.279707905.1586439832.148277.1.png,0.00886996,0.5685172,0.00055062,0.00110191,0.09605493,0.00185443,0.27199182,0.00028525,0.00035018,0.09966154,0.8684778,0.00047921,5.816e-05,0.35984415,0.00012967,1.502e-05,5.36e-06,0.00380224,2.438e-05
1.2.840.113619.2.203.4.279707905.1575488801.839849.1.png,0.95153093,0.00076965,0.00039428,4.199e-05,0.00101964,0.0151013,0.00314969,0.00110933,0.17260176,0.00534687,0.04632572,0.14869723,0.00020204,0.30596128,0.00196061,0.00016549,3.429e-05,0.06361468,0.00016349
1.2.840.113619.2.203.4.279707905.1576619398.798268.1.png,0.22959088,0.5494542,0.0015545,0.26137653,0.02383923,0.01248046,0.43008965,0.00908695,0.00234728,0.00098781,0.0006321,7.73e-06,6.833e-05,0.00276165,0.00037345,8.745e-05,0.00024656,0.00519954,2.162e-05
1.3.46.670589.30.1.6.1.963334151171.1580809214125.2.png,0.07991622,8.768e-05,0.10466614,0.9999496,5.9e-06,8.54e-06,8.4e-07,0.0,0.0,5.03e-06,6.47e-06,1.5e-07,2.87e-06,6e-08,5.573e-05,2.059e-05,0.00878686,3.3e-07,3.49e-06
1.2.840.113619.2.203.4.279707905.1575321203.87547.1.png,0.5131685,0.00079137,0.03871868,0.04399766,0.02261614,0.76023376,0.32194573,0.8330336,0.0295597,0.0059454,0.00763831,0.01613423,0.00084665,0.00278652,2.722e-05,0.00135197,9.891e-05,0.00813584,2.486e-05
1.2.840.113619.2.370.4.279707905.1603681444.100003.png,0.05412731,0.7319348,0.0023478,0.00053726,2.659e-05,6.03e-06,0.05288242,0.00046972,0.00203631,0.02731847,0.00070504,0.05754861,5.59e-06,0.00031887,0.6399686,0.00024629,0.00113083,1.65e-06,3.897e-05
1.2.156.112536.2.560.64226048152091077.1334442152215.22.png,0.99998665,8.654e-05,0.9977584,0.9281755,0.22990988,0.00129086,0.97658587,6.914e-05,0.00026173,2.22e-06,2.41e-05,0.00196471,0.00020311,0.00298999,4.21e-05,0.07096964,0.00654624,0.0026715,0.0001121
1.2.840.113619.2.370.4.279707905.1604719052.543277.png,5.118e-05,0.889756,0.03851092,0.00014767,0.00169585,0.001713,0.18203396,0.00029466,2.148e-05,0.00064456,0.44571748,0.5339237,0.370245,0.0002606,0.00150427,4e-06,0.01618622,6e-08,2.488e-05
1.2.840.113619.2.370.4.279707905.1603949484.726488.png,0.7932555,3e-08,0.18054694,0.9999992,4.85e-06,0.3140256,0.00017295,2.516e-05,0.97337,1.709e-05,1.445e-05,1.8e-07,5e-08,1.05e-05,7.9e-07,0.00162492,1.5e-07,1.84e-06,4.2e-07
1.2.840.113619.2.370.4.279707905.1597128643.575248.png,0.99839365,0.00830409,0.11723596,0.9843609,0.00458703,0.00032777,0.00011225,2.567e-05,0.00030252,0.01161541,1.024e-05,7.82e-06,6.931e-05,0.01468518,0.00788106,0.01763407,0.00030384,2.391e-05,0.00062717
1.3.12.2.1107.5.3.33.2229.11.202008290936050093.png,0.589518,4.93e-06,0.00392359,0.2333698,0.000234,0.96938413,0.00130773,0.6061619,0.9868402,0.09617953,0.0004571,0.00028936,8.6e-07,0.0037666,3.44e-06,0.00020043,0.01411224,6.308e-05,4.6e-07
1.2.840.113619.2.370.4.279707905.1593137723.621227.png,0.65313554,0.11332048,0.47650665,0.00742251,0.01844894,0.01706612,0.06171084,9.7e-07,0.0018594,0.0030581,0.01107335,0.00036234,0.00332417,0.61909276,0.00119338,0.000831,2.63e-06,0.00042469,0.00123719
1.2.840.113619.2.370.4.279707905.1605235333.175404.png,0.00530602,8.226e-05,0.02465575,0.9999958,8.9e-07,0.00022181,1.064e-05,0.00060022,0.9919939,0.01951594,9.85e-06,3e-08,0.0,2.58e-06,0.00386397,0.00026999,2.6e-07,5e-08,2.5e-07
1.2.840.113619.2.370.4.279707905.1591791358.41881.png,0.1356492,0.5653561,0.93602085,0.11440562,0.10627754,0.24534526,0.32816428,0.08186474,0.00053157,0.00081186,4.545e-05,1.039e-05,0.00078033,0.00010413,0.0559191,0.00068819,0.00140022,1.658e-05,0.00941002
1.2.840.113619.2.370.4.279707905.1576550197.547653.png,0.38156247,0.04056098,0.9522155,0.03782669,0.18060929,0.00210191,0.38301107,0.05457706,0.00070284,0.00914714,0.00046892,0.00487085,0.00014683,0.02455806,0.00413675,0.00370209,0.00257932,0.00036922,0.06745033
1.2.840.113619.2.370.4.279707905.1575352128.666946.png,0.49366227,0.05842852,8.336e-05,0.4360738,0.00024578,8.27e-05,0.00508275,7.853e-05,0.07341521,0.02210888,9.109e-05,1.15e-06,5.61e-06,0.00451978,0.82033855,0.00490708,7.134e-05,9.75e-06,0.00021426
1.2.840.113619.2.370.4.279707905.1580784690.346598.png,0.00031494,0.7933944,0.00105461,7.864e-05,0.00015126,0.00421129,0.00225997,1.699e-05,8.85e-06,0.10174111,0.92589587,0.04684025,0.00037242,0.00362665,0.0031131,2.578e-05,8.044e-05,2.14e-06,3.72e-06
1.2.840.113619.2.370.4.279707905.1578163200.469018.png,0.00017973,0.41547796,0.07290601,0.03450641,0.00419438,0.01598766,0.00019532,0.00664704,0.00040982,2.813e-05,0.9992924,0.00173362,1.108e-05,5.415e-05,4.192e-05,2.234e-05,3.487e-05,5e-07,1.517e-05
1.2.840.113619.2.203.4.279707905.1574788339.975797.1.png,0.9975816,0.00138938,0.0148849,7.252e-05,0.00011108,0.16221038,0.0127456,0.00138547,0.02402838,0.00918179,2.011e-05,0.00051017,0.00047338,0.01136826,7.61e-06,0.00015115,0.00010773,0.8107393,3.058e-05
1.2.840.113619.2.370.4.279707905.1574990056.538964.png,0.02633044,0.9195867,0.00054851,0.00014025,2.448e-05,0.00020164,0.02418507,3.778e-05,0.03391704,0.39283815,0.00147136,8.596e-05,0.00011727,0.00406715,0.61232597,0.00018367,0.00036756,3.201e-05,0.00109092
1.2.840.113619.2.370.4.279707905.1576918358.688579.png,2.99e-06,0.28203723,4.996e-05,0.00095018,0.00257623,0.01216977,0.25573292,0.00125193,0.1431655,0.06260839,0.21201366,2.568e-05,8.232e-05,0.00015166,0.00048097,1.543e-05,4.337e-05,0.00113854,1.778e-05
1.3.12.2.1107.5.3.56.1642.11.202007171538410328.png,0.999665,1.18e-06,0.16937284,0.9745452,0.00135432,0.00013777,0.00015173,0.00506438,0.00010088,9.31e-06,0.0007894,0.00093793,0.00011468,0.00217426,5.24e-06,0.93428195,0.0036962,0.01188589,0.00177041
1.2.840.113619.2.370.4.279707905.1578882178.111499.png,0.00047742,0.00438733,0.00113543,0.01908722,0.0561878,0.00037902,0.00482734,9.826e-05,0.00057784,0.97107625,0.01181431,0.00244644,0.0001246,0.01274881,0.00200512,0.00011879,1.28e-05,9.18e-06,1.21e-06
1.2.840.113619.2.370.4.279707905.1594450140.152705.png,0.5184486,0.28011015,0.00109763,0.40410635,0.02264902,0.03294867,0.00045441,5.79e-06,6.783e-05,0.5278977,0.7334379,0.0055999,0.00032379,0.91196215,0.00053961,0.00226007,9.14e-06,3.03e-06,4.87e-05
1.2.840.113619.2.370.4.279707905.1579400484.550933.png,0.00036701,0.4765883,0.0139042,0.38060233,0.01487849,0.01383185,0.00436146,0.00434161,0.59823895,0.00983851,0.6281299,0.00019791,4.078e-05,0.00080614,0.00080251,8.62e-05,4.5e-06,3.27e-06,2.68e-06
1.2.840.113619.2.203.4.279707905.1576264463.569597.1.png,0.00141454,0.07938394,1.18e-05,4.03e-06,0.00245011,0.0015502,0.00798137,0.00663135,0.02086033,0.00121459,0.00503703,0.00445592,0.00335408,0.00598769,0.00086816,4.259e-05,3.41e-06,0.4824376,0.00011438
1.2.840.113619.2.370.4.279707905.1604644939.122468.png,0.000293,0.9520573,0.0009746,2.352e-05,0.00072949,5.075e-05,0.04802636,1.98e-06,0.00021627,0.00182371,0.6174302,0.85321766,0.10075688,0.000451,0.256766,8.705e-05,0.00111055,5e-08,4.805e-05
1.2.840.113619.2.203.4.279707905.1577133255.582663.1.png,9.1e-07,3.012e-05,1e-08,3.31e-06,8.19e-06,1.3e-07,0.00244955,0.00158643,0.00641015,5.017e-05,0.00078556,1.215e-05,1.958e-05,8.586e-05,0.00101113,2.8e-07,2.83e-06,0.49228197,1e-08
1.3.46.670589.30.1.6.1.963334151171.1601306505531.2.png,0.00080111,0.05174506,0.00085811,3.431e-05,0.00218176,0.00014879,0.00532392,0.00011849,0.00014779,1.8e-07,0.99990296,0.00216475,0.0001136,0.00084814,1.368e-05,3.42e-06,7.865e-05,3.9e-07,0.00069437
1.2.840.113619.2.203.4.279707905.1597256118.256443.1.png,0.44228435,0.0006074,5.85e-06,0.01314892,0.00295741,0.00016001,0.6015342,0.946744,0.99998176,0.00098373,0.00027256,3.03e-06,0.00014526,0.35364503,0.00073341,5.22e-06,5.83e-06,0.00038058,9.09e-06
1.2.840.113619.2.370.4.279707905.1582272446.40755.png,0.3797122,0.9999356,0.00330927,1.911e-05,1.57e-06,6.14e-06,0.00030507,1.1e-06,5.1e-07,6e-08,0.00068197,0.02177262,0.9999508,0.00142574,0.2052352,0.00025436,2.426e-05,0.00141994,0.00014366
1.2.840.113619.2.203.4.279707905.1579623889.878094.1.png,0.57787275,0.00270738,0.00731546,5.173e-05,5.119e-05,0.11217652,0.04291236,0.10231366,0.33210453,0.01725159,0.00143147,0.69657093,0.27842885,0.11940367,0.00010058,1.462e-05,2.82e-06,0.00193391,9.303e-05
1.2.840.113619.2.203.4.279707905.1574786144.573129.1.png,0.00372995,0.00775365,0.69835496,0.25985685,0.00584414,0.04257058,0.7039456,0.05027808,0.00658951,0.00496836,0.00556526,4.65e-06,0.00401354,0.00110739,0.00044748,0.0005539,2.751e-05,0.00063737,1.22e-05
1.2.840.113619.2.370.4.279707905.1588902269.411897.png,0.8771896,0.03881059,0.801919,0.14604886,0.01485219,0.00032703,0.00051057,0.00063895,0.00372869,0.6887406,5.68e-06,5.2e-06,1.117e-05,0.02330482,0.12308533,0.01287686,0.01897986,0.00027828,7.307e-05
1.2.840.113619.2.370.4.279707905.1600051119.420614.png,0.00552048,0.668788,0.08714057,0.00709415,5.135e-05,0.00022209,0.42867163,0.82430625,0.09829723,0.00110356,1.657e-05,3.521e-05,9.73e-06,7.566e-05,0.03649962,0.00011086,0.00047779,3.9e-07,0.01153631
1.2.840.113619.2.370.4.279707905.1601947607.61468.png,0.8469172,9.194e-05,0.00418903,0.9787148,0.0541126,0.08070044,0.34313717,0.6494717,0.96217334,0.00152281,0.00025888,0.00010397,2.484e-05,0.00800177,7.305e-05,0.00021418,0.00095864,0.00021509,9.2e-06
1.2.840.113619.2.203.4.279707905.1575400755.315547.1.png,0.12221838,0.4746822,0.00137697,0.02238696,0.00604082,0.3257778,0.00915127,0.03065299,0.00276928,0.00104383,0.00039644,0.00038738,0.32069808,0.00255044,0.04391851,0.00165692,0.00011262,0.1077462,0.00456672
1.3.46.670589.30.1.6.1.963334151171.1594392100718.2.png,0.07532607,1.1e-07,0.658679,0.39831015,0.0001781,0.02305243,0.31426045,0.00671109,3.367e-05,2.4e-07,0.61405736,1.46e-05,0.00021795,0.00026577,3.19e-06,0.00016693,0.00429745,4e-08,0.00135848
1.2.840.113619.2.370.4.279707905.1577839160.33020.png,0.00331095,0.00727327,1.124e-05,1.886e-05,5.676e-05,2.08e-06,0.01425424,0.01385503,2.5e-05,0.00162398,0.17575905,0.00059499,8.029e-05,0.9540952,7.616e-05,3.57e-06,8e-08,0.2334828,5.589e-05
1.2.840.113619.2.370.4.279707905.1594605006.72570.png,0.00368131,0.9994905,0.00011015,0.00011728,2.13e-06,3.1e-07,0.00923637,2.04e-06,3.94e-06,0.01050827,0.00045374,0.00074082,0.01374423,0.000142,0.9996147,0.00503999,0.00082718,7.2e-07,4.412e-05
1.2.840.113619.2.370.4.279707905.1597368227.564036.png,0.00027662,0.11998881,4.631e-05,3.536e-05,0.00010296,0.00025253,0.98190886,0.70843905,0.05908994,0.00510504,0.00786711,0.00087867,0.00235858,0.00021558,0.00054371,6.28e-06,1.381e-05,4.976e-05,1.95e-06
1.2.840.113619.2.370.4.279707905.1591235033.685500.png,0.01380968,0.875075,0.08431083,0.00017467,0.11299737,0.13529354,0.00219681,0.00134226,0.00039484,0.6707929,0.01477784,0.00067697,0.00112437,0.00785388,0.535923,0.00051477,4.988e-05,8.884e-05,0.00390897
1.2.840.113619.2.203.4.279707905.1591390416.79102.1.png,0.88718975,0.8022249,0.0137965,2.99e-06,4.9e-07,0.00931634,6.01e-06,1e-07,2e-08,0.00013484,0.00721421,0.02500714,0.22125489,0.26956406,0.00190183,0.00011557,1.94e-06,0.11683014,0.00014838
1.2.840.113619.2.370.4.279707905.1585805580.451063.png,0.3502421,0.01275755,0.00052236,0.612565,0.02274978,0.04245052,0.31205243,0.0600512,0.3437596,0.00484375,0.0001996,2.98e-06,0.00056278,0.03688302,0.01874324,0.00018537,4.029e-05,0.00104207,0.000157
1.2.840.113619.2.370.4.279707905.1576289191.806882.png,0.9994475,0.00141692,0.9966305,0.6975867,0.41393337,0.9877345,0.5317373,0.6104948,0.98440254,0.04032394,0.00011999,0.00120556,0.00013858,0.00018104,1.528e-05,0.0029298,0.00021714,2.775e-05,3.693e-05
1.2.840.113619.2.203.4.279707905.1575318856.662279.1.png,0.99784887,0.00072776,0.00097439,1.895e-05,4.73e-06,0.16216178,0.04044174,0.00390541,0.24240395,0.00211303,4.7e-07,0.00016983,6.645e-05,0.00358293,6.52e-06,1.092e-05,2.39e-05,0.45474005,4.69e-06
1.2.840.113619.2.370.4.279707905.1575610889.477381.png,0.99796486,1.383e-05,0.99422365,0.9998647,0.00263136,0.00017397,0.00016246,0.00026799,0.00895925,0.0006113,1.58e-06,1.311e-05,1.198e-05,0.00011263,0.00016256,0.02960189,0.00018915,6.77e-05,0.00023634
1.2.840.113619.2.203.4.279707905.1575664199.966846.1.png,0.8973471,3.4e-07,0.02823561,0.9992054,5.517e-05,0.11224379,0.0093887,0.2758411,0.98738426,0.00112357,5.462e-05,0.00032593,1.16e-06,6.95e-06,2.101e-05,0.00030838,2.56e-06,0.00024963,3e-08
1.2.840.113619.2.370.4.279707905.1604300282.597405.png,3.615e-05,0.00075035,0.00021297,0.9835264,0.00064063,0.00087342,0.01893582,4.1e-07,0.99900067,0.00100777,0.00187396,0.00028562,1.47e-06,1.357e-05,0.00044788,0.00077244,2.249e-05,3.045e-05,3.37e-06
1.2.840.113619.2.370.4.279707905.1579012899.51503.png,0.7607467,0.09562659,0.00466487,0.0,5.955e-05,5.9e-06,0.96998143,0.00102149,7.42e-06,0.00147192,0.05621655,0.05406098,5.355e-05,0.79529715,0.00039057,1.071e-05,0.00015166,0.00206308,0.03620204
1.2.840.113619.2.370.4.279707905.1603262598.301967.png,0.01331342,4.84e-06,0.00306025,0.99947554,3.2e-07,0.00131267,0.00018028,0.6129714,0.9994348,0.35271445,1.309e-05,1.45e-06,6.4e-07,3.148e-05,1.881e-05,0.00025333,5.26e-06,9.46e-06,5e-08
1.2.840.113619.2.203.4.279707905.1577131749.112249.1.png,0.9958384,0.8149568,0.9059897,0.7711034,0.00248355,0.01745544,0.07266168,0.11812541,0.05151708,0.00280537,0.00083025,0.04203357,0.8506887,0.0402882,0.00053899,0.00048291,0.006954,0.00310362,0.05203746
1.2.840.113619.2.370.4.279707905.1604108857.79618.png,0.55915505,0.00147502,0.00887791,0.7445664,0.00047978,0.33548442,0.01406307,0.02427041,0.00176348,0.17092507,0.01065501,0.00196144,0.00046404,0.6642069,7.599e-05,0.00258363,1e-04,0.1615015,9.233e-05
1.2.840.113619.2.370.4.279707905.1575251180.236844.png,0.11810048,0.5654548,0.00088993,0.00043665,0.00109868,0.00081132,0.02551012,0.00043332,0.00188586,0.28438395,0.00960539,0.00015983,0.00048813,0.0370858,0.9378751,0.00016445,0.00289884,0.00014279,0.00076827
1.2.840.113619.2.370.4.279707905.1601683458.837658.png,0.9041391,0.00155055,0.00439139,0.00026182,0.00147863,0.08277468,0.1608917,0.00176805,0.0004181,0.01888376,0.88695854,0.03351438,7.532e-05,0.8437025,0.0001704,0.00131364,0.00072989,0.6159707,0.0014644
1.2.840.113619.2.203.4.279707905.1587064221.723818.1.png,0.99974614,0.991128,0.00570737,0.00021597,1.465e-05,5.631e-05,0.00013334,4.046e-05,0.00010548,1.817e-05,1.65e-06,1.9e-07,6.23e-06,0.01008831,0.00539587,0.00010836,0.44220063,0.12067153,1.18e-06
1.3.12.2.1107.5.3.33.2229.11.202010081015020109.png,0.00058518,0.9626773,1.554e-05,5.4e-06,0.00160296,4.48e-06,0.48318467,6.821e-05,0.00128948,0.00079492,0.05541432,0.83290666,0.8765696,0.00280868,0.12529089,1.544e-05,0.00020236,1.359e-05,1.824e-05
1.2.840.113619.2.370.4.279707905.1577583556.308629.png,0.00079126,0.00219352,0.0022294,0.00127858,0.00050502,0.00046343,0.966242,0.00046088,0.09198267,0.01587036,0.01137947,8.866e-05,3.273e-05,0.04845716,8.45e-05,2.115e-05,1e-06,0.00048934,8.8e-06
1.2.840.113619.2.370.4.279707905.1580004563.845045.png,0.34750736,0.00461341,0.00075773,0.0012011,5.713e-05,3.306e-05,0.02705736,0.00211532,0.02272062,0.30329064,0.00770122,0.12266202,0.00074563,0.9270724,0.00022204,0.0001436,8.2e-07,2.637e-05,5.699e-05
1.2.840.113619.2.370.4.279707905.1579756142.416943.png,0.00616077,0.00589346,0.00063326,0.00010233,1.084e-05,0.0001676,0.7249998,0.00062334,0.01684702,0.23702171,0.13364534,0.01487744,0.00017983,0.6301377,0.00047528,2.161e-05,5.03e-06,0.00010432,8.801e-05
1.3.12.2.1107.5.3.56.1642.11.202011131520030953.png,0.5692986,1.244e-05,0.02281705,0.17673336,0.20968667,0.7263971,0.00266223,0.00953655,0.01166556,0.00149566,0.00507212,0.00185643,0.00029665,0.00118549,5.232e-05,0.6871395,0.0014558,0.13714574,0.00382802
1.2.840.113619.2.370.4.279707905.1592807322.141465.png,0.00030107,0.96734786,0.03171118,1.288e-05,0.0680762,0.00434718,0.09961103,0.00024325,0.00153017,0.00013034,0.97887933,0.12640256,0.00744436,0.00031691,0.01237097,0.00020204,5.327e-05,1.471e-05,5.47e-05
1.2.840.113619.2.203.4.279707905.1574885107.163688.1.png,5.771e-05,0.42078036,2.4e-07,4.75e-05,0.00623804,0.01080156,0.00109975,0.89349467,0.00317773,0.00904069,0.0136302,0.00023911,0.00323132,0.0002017,0.00175114,1.468e-05,4.3e-07,0.00353631,3.71e-06
1.2.840.113619.2.370.4.279707905.1603083525.394883.png,0.63957316,0.00062272,0.00174874,0.20891687,6.345e-05,0.00274326,0.809702,0.22917189,0.9999389,0.00971577,0.00038653,0.00032978,7.3e-07,0.00042621,0.00032249,0.00088207,0.00061263,4.1e-06,1.505e-05
1.2.840.113619.2.370.4.279707905.1593998084.996655.png,0.7663775,0.14807509,0.39025843,0.00042161,0.34552515,0.0007373,0.04099062,0.00086165,0.00025498,0.00034939,6.405e-05,0.974356,0.00019065,0.00031825,0.02791497,0.00018503,0.00260199,8.2e-07,0.00063409
1.2.840.113619.2.370.4.279707905.1578730129.557448.png,0.74094814,9e-08,0.00685045,0.99994147,2.43e-06,0.004913,0.00026439,0.00049245,0.9916359,0.00021712,8.618e-05,1.11e-06,9e-08,2.653e-05,1.779e-05,0.00021072,3.8e-07,5.56e-06,7e-08
1.3.12.2.1107.5.3.56.1642.11.202011171520200781.png,0.04144528,0.00029827,0.05907518,0.99822706,6.81e-06,0.00079211,0.00024027,0.06893961,0.71695006,0.00304602,0.01237283,1.651e-05,2.5e-07,1.117e-05,9.469e-05,0.3771236,0.00110535,3.016e-05,9.22e-06
1.2.840.113619.2.370.4.279707905.1576198265.248741.png,0.00077268,0.5853899,1.661e-05,6.061e-05,0.00040577,8.19e-06,0.15172185,0.00205956,0.00025756,0.01743294,0.76189625,8.014e-05,2.098e-05,0.08201564,0.00028388,8.08e-06,2.99e-06,0.01307065,5.104e-05
1.2.840.113619.2.203.4.279707905.1574783899.685846.1.png,0.9847028,0.00333347,0.03690246,7.857e-05,0.00057883,0.08992829,0.00546102,0.00322876,0.03483797,0.00913244,2.064e-05,0.00055645,0.00262694,0.03926454,1.567e-05,8.26e-05,0.00017706,0.95978016,0.00011762
1.2.840.113619.2.203.4.279707905.1590605017.819252.1.png,0.9939218,2.952e-05,0.9799024,0.9844317,0.00029136,0.3190933,0.00933111,0.3227985,0.95054066,0.00371801,9.66e-06,1.663e-05,6.89e-06,0.00016612,8.791e-05,0.00343914,0.00051737,0.00096026,3.513e-05
1.2.840.113619.2.203.4.279707905.1578338293.189416.1.png,0.9935708,0.00065406,0.0301088,0.00529049,0.00079018,0.01908532,0.02413527,0.15530741,0.03693791,0.00010961,0.00085046,0.00111834,0.00216069,0.8102464,0.00016119,0.00022937,1.739e-05,0.8425247,0.00020744
1.3.12.2.1107.5.3.33.2229.11.201911231013450578.png,0.00120789,0.03322426,0.005162,0.9740484,5.69e-06,0.03779009,0.00043755,0.31346828,0.98720026,0.73915946,0.00215957,4.002e-05,9.79e-06,3.68e-06,0.00024584,0.00048402,5.48e-05,5.82e-06,2.3e-07
1.2.840.113619.2.370.4.279707905.1602643070.45166.png,0.04532783,0.8498558,0.17067327,0.00352928,0.01254119,0.00216019,0.0145711,0.01217466,0.00936528,0.003602,0.13772956,0.26464912,9.014e-05,0.00479355,0.01188216,7.952e-05,0.00050557,1.807e-05,0.0017957
1.2.840.113619.2.203.4.279707905.1579712324.145910.1.png,0.3126908,0.00666062,0.00333021,0.00023713,0.02572018,0.6697821,0.28156844,0.00221694,0.08962157,0.84127223,0.07169258,0.25531667,0.0111401,0.03316933,0.00395958,7.805e-05,0.00316564,7.88e-06,2.451e-05
1.2.840.113619.2.370.4.279707905.1597538738.364477.png,0.07670398,1.084e-05,0.66573286,0.9919669,2.42e-06,0.00517629,0.00024137,0.01243189,0.4196398,0.00183426,0.00087691,0.00020207,4.6e-07,9.415e-05,4.109e-05,0.00013016,6.1e-07,2.59e-06,6.7e-07
1.3.12.2.1107.5.3.56.1642.11.201912051612400484.png,0.00037258,0.00391755,0.06087136,0.07030838,1.882e-05,0.00210435,0.00160172,6.927e-05,5.17e-06,1.452e-05,0.29599586,0.00183299,0.00436664,2.403e-05,0.00021351,0.00244821,0.0219474,5.49e-06,1.67e-05
1.3.12.2.1107.5.3.56.1642.11.202003121557300015.png,0.00978253,0.00469803,0.00221635,0.9962462,0.00128215,0.00366119,0.00065452,0.21144332,0.8636218,0.00080448,0.12979305,0.00014916,9.59e-05,6.992e-05,0.00247299,0.04066166,0.00058893,5.797e-05,2.026e-05
1.2.840.113619.2.370.4.279707905.1576976445.74969.png,0.00790658,0.00308462,9.758e-05,0.00436216,0.00093434,0.02270189,0.02930897,0.9778139,0.03453546,0.01439202,0.01674091,0.00042647,0.00010115,0.00541791,0.0092379,0.00035741,2.963e-05,0.00234913,0.00083498
1.3.46.670589.30.1.6.1.963334151171.1576832869343.2.png,0.00350587,1.673e-05,0.00607897,0.9991218,1.213e-05,0.02383471,0.00089801,0.00016386,9.63e-06,5.699e-05,0.00491868,1.17e-06,0.00011443,0.00038671,5.69e-06,0.00129425,0.9317698,4.32e-06,0.0025285
1.2.840.113619.2.203.4.279707905.1577738727.455400.1.png,0.01547956,0.00019749,2.418e-05,0.00696135,0.00100276,0.00637325,0.00736792,0.96334773,0.99974555,0.00106379,6.694e-05,0.00077665,0.00016643,0.00024503,0.00020022,2.082e-05,0.00013313,0.00294279,3.8e-07
1.2.840.113619.2.370.4.279707905.1574588843.217096.png,0.00233387,0.0010802,0.00288601,4.03e-06,0.00049603,0.26268518,0.3442556,0.3457175,0.12200671,0.00833425,0.15886126,0.04315082,0.00260108,0.29549825,9.04e-05,0.00014911,1.96e-06,2.46e-05,0.00030911
1.2.840.113619.2.203.4.279707905.1576267053.638413.1.png,4.03e-06,0.00609348,4e-08,2.14e-06,0.0002374,6.83e-06,0.00046168,0.00991822,0.00127051,9.875e-05,0.00068158,2.851e-05,0.00015014,0.00039309,0.00038012,3.19e-06,1.44e-06,0.95358056,1.176e-05
1.3.12.2.1107.5.3.56.1642.11.202001161520110625.png,0.03063871,0.41533577,0.00535146,0.7740581,0.00237191,0.00197625,0.00256404,0.34820005,0.30847007,0.00284477,0.00316191,0.00926674,0.6712096,0.000605,0.00239618,6.049e-05,0.0213568,4.013e-05,3.842e-05
1.2.840.113619.2.370.4.279707905.1579143220.426085.png,0.00052953,0.94904506,1.447e-05,6.21e-06,6.937e-05,0.00012888,0.01683549,0.00021376,0.00456934,0.17557542,0.08385972,0.00012544,0.00030757,0.4299826,0.0004954,4.4e-07,4.269e-05,3.145e-05,4.68e-06
1.2.840.113619.2.203.4.279707905.1591034665.363733.1.png,0.0009852,0.02073187,1.814e-05,0.00077174,0.01286182,0.00020805,0.8073225,0.88939947,0.61684704,0.00075012,0.05356807,0.01353108,0.00056848,0.00578718,0.00059292,8.64e-05,2.09e-06,8.684e-05,3.203e-05
1.2.840.113619.2.370.4.279707905.1580877529.155953.png,0.03171033,0.22746997,0.00065833,0.00471626,0.23771065,0.00292993,0.11819129,4.51e-06,0.03004754,0.01853474,0.8779809,0.14253774,0.00011633,0.13531338,0.00300749,0.00059324,3.007e-05,1.724e-05,4.057e-05
1.2.840.113619.2.370.4.279707905.1591585801.904436.png,0.9995896,0.9895103,0.00067274,0.00207437,8.678e-05,0.00017254,0.00015653,1.1e-07,9.21e-06,0.00263632,9.818e-05,3.287e-05,0.00153943,0.32377043,0.00836499,0.00020894,0.00100995,8.483e-05,0.00012816
1.2.840.113619.2.370.4.279707905.1601257964.921565.png,0.00115067,0.00015688,0.00137637,0.99372107,4.921e-05,0.00505247,0.00265783,0.9057192,0.9892757,0.27860788,0.00085385,5.71e-06,2.42e-06,0.0303819,8.147e-05,1.128e-05,4.19e-05,1.31e-06,6.4e-07
1.2.840.113619.2.370.4.279707905.1579742976.158990.png,0.00462401,0.9614745,0.00066071,0.00195212,0.00343697,0.01514183,0.00589163,0.00138996,0.00228306,0.949594,0.05924208,0.0013094,0.00801578,0.00678415,0.92769474,0.00025456,0.00011185,7.746e-05,0.00074721
1.3.46.670589.30.1.6.1.963334151171.1576167834531.2.png,0.34735453,0.00074022,0.8840861,0.7473916,0.00080685,0.06450337,0.07717144,0.01825295,0.011328,0.00409548,0.00568514,0.00044425,0.00440675,0.24895465,0.00060328,0.04745588,0.03441566,3.954e-05,0.4726037
1.2.840.113619.2.203.4.279707905.1576612126.317927.1.png,0.9863196,5.71e-06,0.99475086,0.9903054,0.02725155,0.86698383,0.0096976,0.00203759,0.01424102,0.0007996,0.0001046,0.00403386,1.187e-05,0.00016062,2.01e-06,0.00038887,1.69e-06,0.00135747,4.21e-05
1.2.840.113619.2.370.4.279707905.1579826663.281937.png,6.181e-05,0.958019,0.00010208,1.191e-05,0.00012243,7.745e-05,0.0333385,0.02322146,0.00052748,0.00028692,0.9846119,0.00091447,4.855e-05,6.34e-05,0.00923058,3.369e-05,3.487e-05,1.047e-05,1.394e-05
1.2.840.113619.2.370.4.279707905.1577350887.55382.png,0.60734904,0.0002113,0.9530679,0.3836026,0.03776058,0.03676654,0.03879133,0.02310535,0.02609748,0.0003661,0.02344324,0.01623412,0.00112323,0.00950876,4.226e-05,0.00753254,0.00187591,0.00725352,0.14702047
1.3.12.2.1107.5.3.33.2229.11.201912151118550312.png,8.303e-05,0.8689699,2.41e-06,0.13264103,0.00255653,3.46e-06,0.03848386,0.01633262,0.0012204,9.227e-05,0.07990476,0.05124716,0.95342696,0.00012585,0.20650578,0.00015653,5.498e-05,3.46e-06,4.2e-07
1.2.840.113619.2.370.4.279707905.1583027737.952173.png,0.42318824,0.0460374,0.9944456,0.00763474,0.7561704,0.00288661,0.718275,0.00035419,0.00031501,0.0008687,0.00050073,0.02340964,0.00094197,0.0013786,0.00473176,0.00329843,0.00341542,0.00032519,0.01279726
1.2.840.113619.2.203.4.279707905.1579209309.905209.1.png,0.01382567,0.9932499,0.0003612,4.4e-07,2.138e-05,0.03823408,0.00906387,0.30429658,0.00018052,0.00468582,0.00019742,0.00022133,0.6028782,0.00929474,0.00260577,3.82e-06,4.927e-05,0.00090833,0.01467243
1.2.840.113619.2.370.4.279707905.1580020143.63821.png,0.98940897,0.01851687,0.7581147,0.0,1.583e-05,1.15e-05,0.25954583,0.00237286,9.98e-06,8.8e-07,0.00302878,0.67364466,0.39742512,0.41333607,1.839e-05,2.377e-05,0.00038687,0.0084333,0.0481029
1.2.840.113619.2.370.4.279707905.1576824852.872291.png,0.01333654,0.00022354,0.00227685,0.00314473,0.00042074,0.00087421,0.15526967,4.736e-05,0.03614913,0.1950975,0.01208814,0.00017162,1.258e-05,0.7028953,0.00014452,4.124e-05,2.17e-06,3.847e-05,1.801e-05
1.2.840.113619.2.203.4.279707905.1576095601.767863.1.png,0.43066984,0.00044599,0.00011645,4.3e-07,0.00029999,0.0004765,0.08068282,0.00026215,0.19751844,0.00058112,0.16966864,0.66671216,0.00012428,0.96445936,8.29e-05,3.308e-05,1.3e-07,0.00668206,3.535e-05
1.3.12.2.1107.5.3.56.1642.11.201912051605150296.png,0.00029884,1.165e-05,0.8586966,0.0937001,6.043e-05,0.00247059,0.00253355,0.00019401,0.10672949,0.00030844,0.00043635,0.00013257,2.335e-05,0.00011826,7.816e-05,0.00221329,5.319e-05,7.31e-06,0.00017413
1.3.12.2.1107.5.3.56.1642.11.202002091457140828.png,0.818506,6.017e-05,0.5884004,0.99867594,0.00170886,0.00014941,3.147e-05,0.00030966,0.00099521,8.627e-05,0.03125612,4.691e-05,4.6e-06,0.01149261,4.491e-05,0.00523678,7.147e-05,2.1e-07,0.00020134
1.2.840.113619.2.370.4.279707905.1594870207.434616.png,6.428e-05,0.3060681,0.00161626,5.352e-05,0.00057381,0.00689743,0.04985606,0.003524,1.549e-05,0.03271528,0.7225253,0.0220747,0.00161703,0.00233801,0.00052722,9.504e-05,2.45e-06,9.16e-06,9.3e-07
1.2.840.113619.2.370.4.279707905.1601772003.916039.png,0.00153457,0.46252528,0.0024808,0.00195886,0.01484148,0.00872144,0.02495952,1e-05,5.416e-05,0.04015958,0.91223127,0.00574223,0.00024041,0.00107951,0.00075828,0.00119295,6.832e-05,0.00014645,5.61e-06
1.2.840.113619.2.203.4.279707905.1578668370.448201.1.png,0.10051297,0.02955065,0.00024539,0.00010877,0.0058924,0.00013703,0.57931674,0.00029379,0.97685665,0.05761097,0.0623359,0.33505264,9.657e-05,0.7389149,0.00029309,5.996e-05,3.9e-06,7.361e-05,8.82e-06
1.2.840.113619.2.370.4.279707905.1599094075.467989.png,0.47373384,1.59e-05,0.649625,0.99769306,6.233e-05,0.01274157,0.00528723,0.6696236,0.46391073,0.00797032,0.00043676,3.922e-05,2.24e-06,0.00046593,6.772e-05,4.432e-05,7.46e-06,0.00020721,4.538e-05
1.2.840.113619.2.370.4.279707905.1579397078.369620.png,0.00097987,1.83e-06,0.00210113,0.9998723,0.0001426,0.49642485,0.00253417,0.84827125,0.9999227,0.01411419,0.00015425,3.954e-05,9.4e-07,5.277e-05,2.32e-06,2.13e-06,0.00116952,2.1e-07,1.4e-07
1.2.840.113619.2.370.4.279707905.1574746204.43155.png,0.00042255,0.3312095,0.00033225,3.5e-07,0.00020027,1.6e-06,0.395005,0.03575452,0.00196596,0.00045643,0.11831867,7.637e-05,0.00205809,0.00421585,0.02507462,2.582e-05,1.144e-05,0.00682566,0.00018432
1.2.840.113619.2.370.4.279707905.1576888276.922737.png,0.00941106,0.10489849,0.00103223,0.21176565,8.567e-05,0.0124577,0.00945571,0.00264763,0.03246197,0.55544764,0.00028889,1.07e-06,6.28e-05,0.00185021,0.3405336,0.00215488,0.00780737,0.00183785,0.00072909
1.2.840.113619.2.370.4.279707905.1578791938.414181.png,0.0022081,0.00161957,0.00039552,0.9821884,7.88e-06,3.456e-05,0.00047006,2.3e-07,0.9878699,8.71e-05,0.03303075,2.584e-05,6e-08,0.00030016,0.00186883,0.00058373,2.1e-07,4.8e-07,4.9e-07
1.2.840.113619.2.370.4.279707905.1605772132.759008.png,0.00519965,0.19003318,0.01124744,7e-07,0.07359942,7.795e-05,0.27440286,4.656e-05,0.00989158,0.00987564,0.25022626,0.9978744,0.00035731,0.00309508,0.03791126,4.749e-05,0.0003493,3.7e-07,3.25e-06
1.2.840.113619.2.370.4.279707905.1575941810.143724.png,0.9211616,0.00048751,0.9973489,0.5013258,0.00019433,0.00079153,2.684e-05,0.01919467,0.00033586,0.00039139,1.824e-05,0.00433554,1.261e-05,4.348e-05,8.114e-05,0.00120354,9.01e-06,1.056e-05,0.00097755
1.2.840.113619.2.370.4.279707905.1598228153.144384.png,0.05241572,0.85373527,0.00337458,5.498e-05,0.00117598,7.439e-05,0.03590422,2.998e-05,0.01154742,2.82e-06,0.06582501,0.95543486,0.7200084,0.00033203,0.01124684,0.00010655,0.00125692,1.699e-05,4.868e-05
1.3.12.2.1107.5.3.33.2229.11.201912110115310921.png,0.43643323,1.829e-05,0.0320637,0.00014252,0.00165508,0.01163967,0.09902927,0.00273734,0.04185744,0.01584298,0.00025987,0.9581723,5.269e-05,0.00014536,0.00022387,7.293e-05,0.00027545,0.00026349,2.27e-06
1.2.156.112536.2.560.64226048152091077.1335559703634.201.png,0.998355,1.1e-06,0.6950189,0.94969094,0.04441798,0.00256055,0.00662113,0.01599459,0.00320672,2e-08,0.01874339,0.0008707,0.00020086,0.00267685,2.156e-05,0.13192506,0.01080246,0.00024437,0.00387727
1.2.840.113619.2.370.4.279707905.1597732790.200355.png,0.00430692,0.2063773,0.08005079,8.022e-05,0.00479172,2.44e-06,0.88616747,0.0003426,3.477e-05,0.0010843,0.0187443,0.00109635,3.718e-05,0.00013268,0.85859853,0.00091839,0.00069969,9e-08,0.0007162
1.2.840.113619.2.370.4.279707905.1603959091.584085.png,0.9982823,4.66e-06,0.474215,0.97820574,6.5e-07,0.00908579,0.0119842,5.412e-05,0.00308207,0.00088954,1.692e-05,1.077e-05,8.5e-07,0.0049061,1.65e-05,0.00410409,9.81e-06,0.0840109,3.62e-06
1.3.12.2.1107.5.3.33.2229.11.202005231036450984.png,6.7e-06,0.99971646,1.3e-07,8.305e-05,7.43e-06,0.9702772,8.122e-05,7.25e-06,0.00060928,0.999476,0.00127268,1.03e-05,0.00031275,1.657e-05,0.00795636,1.35e-06,0.00069619,5.99e-06,1.46e-06
1.2.840.113619.2.370.4.279707905.1589248690.76104.png,0.19155861,0.38579845,0.00261932,1.152e-05,0.00098413,0.00033944,0.8700223,2.06e-06,0.00030819,0.00029171,0.04267564,0.00058012,0.00016811,0.02217318,0.00043574,0.00092639,4.2e-07,0.001482,0.00013847
1.2.840.113619.2.370.4.279707905.1600410611.894031.png,0.9717919,1e-07,0.8729788,0.99999946,7.56e-06,0.01247116,1.179e-05,2.24e-06,0.19195,2.736e-05,3.419e-05,7e-07,7e-08,5.234e-05,7.1e-07,0.01272568,3.1e-07,1.38e-06,2.17e-06
1.2.840.113619.2.370.4.279707905.1576291929.138033.png,6.201e-05,0.8710102,0.45418668,5.592e-05,0.00083575,0.00267929,0.05569322,0.00017074,0.00010637,0.09209967,0.49715844,1.94e-06,0.00010517,0.00036638,0.00026917,2.43e-06,2.59e-06,6.595e-05,2.5e-07
1.3.12.2.1107.5.3.33.2229.11.201912071626350750.png,0.04894446,2.737e-05,3.4e-07,0.00877735,6.2e-07,0.00072186,0.00025607,0.95850086,0.9999062,0.00042383,1.52e-06,3.13e-06,4.48e-06,0.00025125,0.00020266,1.03e-06,0.00405887,0.00303825,1.5e-07
1.2.840.113619.2.370.4.279707905.1592973390.439359.png,0.04467255,0.98891526,0.0055824,2e-08,0.00012534,0.13342646,0.00266967,0.00016456,1.17e-06,0.9449404,0.00058104,0.00052129,0.0003769,0.03020288,0.12116782,1.57e-06,0.00061468,1.83e-06,0.01830258
1.2.840.113619.2.370.4.279707905.1575002712.958340.png,0.23110501,0.00075493,0.00011352,1.63e-05,8.349e-05,5.08e-05,0.45776275,0.01037531,0.34139115,0.00861129,0.5199764,0.46513733,0.00059671,0.9559185,0.00023465,6.624e-05,5.23e-06,0.04056896,0.00024164
1.2.840.113619.2.370.4.279707905.1577945862.354513.png,0.2587531,0.11403652,0.01266996,6.73e-06,0.00055938,7.826e-05,0.45561984,0.00079304,0.00035166,0.18626449,0.07854162,0.01380812,0.0027667,0.767636,0.01946632,0.00015544,0.00041994,0.01066127,0.02709539
1.2.840.113619.2.203.4.279707905.1574699283.224911.1.png,5.459e-05,0.08794388,0.00017964,1.984e-05,9.557e-05,0.00716241,0.04307332,0.00015614,0.01639911,0.2992655,0.04010832,0.00605427,0.02514509,0.01116577,4.299e-05,3.72e-06,3.63e-06,0.00031946,3.7e-07
1.3.12.2.1107.5.3.56.1642.11.202009141526220859.png,0.98706627,0.99897826,0.02729588,0.02142178,0.00018102,0.00051047,0.00014469,3.622e-05,3.96e-06,0.00368718,0.00019383,0.00016448,0.00035667,0.00714793,0.9716536,0.00850555,0.00098939,2.784e-05,0.0041131
1.2.840.113619.2.370.4.279707905.1592716958.533392.png,1.195e-05,0.9983908,0.00182358,0.01173182,0.00014924,0.00301049,5.78e-05,0.00043824,0.00077766,0.00011774,0.9994704,0.00014033,3.836e-05,7.291e-05,0.00027919,0.00010789,2.936e-05,1.97e-06,4.51e-06
1.2.840.113619.2.370.4.279707905.1602219874.916780.png,0.00158608,0.9863093,2.404e-05,4.36e-05,0.00711072,4.974e-05,0.11987898,0.00078133,0.15632874,0.00398296,0.8976766,0.9637819,8.388e-05,0.0019756,0.6639279,8.12e-05,0.00381491,1.29e-06,1.508e-05
1.2.840.113619.2.370.4.279707905.1595819055.537985.png,0.008697,1.978e-05,0.02940344,0.01310815,0.00010643,0.0136733,0.00043188,0.987011,0.9992441,0.012228,0.00012493,0.00031746,4.348e-05,7.273e-05,2.95e-05,6.93e-06,0.00077833,1.223e-05,1.3e-07
1.2.840.113619.2.370.4.279707905.1603690874.445065.png,0.16475448,0.9801636,0.25736424,0.00032009,0.0113014,1.255e-05,0.010382,0.0039309,0.00082242,0.00067683,0.00265826,0.60443735,0.00096379,0.00142303,0.36011684,0.00039851,0.00015067,2.47e-06,0.00250596
1.2.840.113619.2.370.4.279707905.1603757934.821853.png,0.18775006,0.69063926,0.04589933,0.00989049,0.0005192,0.00018065,0.00113664,0.00020585,9.19e-05,0.00375445,0.00048942,0.00031871,0.00010431,0.00113433,0.16887467,0.00543773,0.00507027,3.74e-06,0.00652276
1.2.840.113619.2.370.4.279707905.1600322066.222298.png,0.03031424,0.323875,0.4022943,0.04593486,7.585e-05,0.00058996,0.00123853,0.00527662,0.00101595,0.02406238,0.00021071,0.00068922,0.00011607,0.0004435,0.09004571,0.00324302,0.00134396,1.067e-05,0.00912124
1.2.840.113619.2.203.4.279707905.1575928660.808403.1.png,0.6179349,0.0868297,0.0056295,0.00023885,0.00062539,0.99935013,0.0002973,0.00164266,5.3e-07,0.988259,0.00014217,0.00076595,0.01095726,0.00663848,0.00030423,2.312e-05,0.00239341,8.416e-05,0.00052243
1.2.840.113619.2.370.4.279707905.1578618659.864806.png,0.32696226,0.00074231,0.56631,0.31811586,0.8069151,2.21e-06,3.274e-05,0.00159159,0.0039738,2.16e-06,3.545e-05,0.9954617,0.00027428,6.184e-05,0.0005597,0.01561494,0.00066573,6.82e-06,0.00012969
1.2.840.113619.2.370.4.279707905.1577119727.819265.png,0.11109912,0.0005872,0.00163614,0.00213398,0.04778886,0.00211753,0.17365193,0.81960493,0.09248055,0.03027811,0.00601901,0.00686923,0.0001248,0.08209517,0.00046644,0.00028203,2.34e-06,0.00229046,4.845e-05
1.2.840.113619.2.370.4.279707905.1604906194.879175.png,0.22951066,0.01294943,0.01058104,0.97852886,0.04191468,0.22623087,0.08810882,0.00065651,0.26630458,0.27528828,0.00286581,0.00076743,0.00019798,0.03504312,0.0349347,0.00058222,0.00037377,0.0020527,0.0001817
1.2.840.113619.2.370.4.279707905.1574993680.808067.png,0.0043286,0.23501001,0.35011983,2.026e-05,0.06315498,0.12683167,0.4417258,0.10388286,0.00219233,0.6301311,0.270747,0.00366431,0.00888197,0.10196202,0.00012062,7.14e-06,1.191e-05,0.00020577,5.242e-05
1.2.840.113619.2.370.4.279707905.1603680857.106298.png,0.5697787,0.9217811,0.05236436,0.00285709,0.50761104,6.188e-05,0.99839014,0.00076898,0.00015541,0.00029365,0.0018865,0.02614688,0.01056796,5.456e-05,0.7483832,0.01245206,0.00099594,1.73e-06,5.581e-05
1.2.840.113619.2.370.4.279707905.1605592019.326911.png,0.24988374,0.00423596,0.9391923,3e-08,0.07792717,2.815e-05,0.950043,7.104e-05,2.727e-05,9.238e-05,0.01238238,0.9971148,0.92537594,0.00401744,0.01109558,7.946e-05,2.72e-05,0.00019932,3.834e-05
1.3.12.2.1107.5.3.33.2229.11.202010011104120531.png,0.00660776,0.00449352,0.02551034,0.57991207,7.644e-05,0.12833588,0.00188838,0.96150255,0.6596149,0.00303882,0.00109572,0.00168793,0.01012632,0.0003079,5.333e-05,0.00339662,0.5989097,0.00017271,0.00014604
1.2.840.113619.2.203.4.279707905.1585063886.298762.1.png,0.9992726,0.00108487,0.8677384,0.9958021,4.852e-05,0.00030893,0.00346017,0.07676846,0.00141453,0.00058536,8.862e-05,4.15e-06,3.64e-06,0.00034531,0.00023087,0.00235379,0.01532298,0.00020243,6.484e-05
1.2.840.113619.2.370.4.279707905.1603175785.125555.png,0.00514614,0.26357162,0.06927592,0.00282622,0.01209826,0.00643956,0.00649736,7.711e-05,0.00096323,0.00066841,0.94576263,0.04007723,0.00018052,0.03291539,0.00069749,8.041e-05,5.775e-05,3.09e-06,3.072e-05
1.2.840.113619.2.370.4.279707905.1575528280.876229.png,0.00812379,0.00011758,0.0003893,0.00059358,0.0002171,0.00016014,0.7929966,0.00143775,0.8897675,0.00266679,0.01587069,0.00033277,0.00012296,0.01470558,0.00462526,0.00016494,0.00017547,0.18106437,0.00023074
1.2.840.113619.2.370.4.279707905.1587711833.241630.png,0.00508675,0.8313016,0.00200621,4.3e-07,6.315e-05,0.0003013,0.04856755,0.00074361,0.00032684,0.00045217,0.96145606,0.00035052,5.71e-06,0.00237248,6.099e-05,3.16e-06,1.35e-06,2.847e-05,1.69e-05
1.2.840.113619.2.370.4.279707905.1579481046.493490.png,0.73210585,0.00015162,0.11389021,0.15943271,0.6291061,0.4636548,0.02359787,0.00791389,0.46203747,0.17868474,0.00150747,0.12785408,3.551e-05,0.03293028,0.00012841,0.00012273,2.82e-05,5.07e-06,6.12e-06
1.2.840.113619.2.370.4.279707905.1575182036.964467.png,0.05021963,0.00453413,0.96747184,0.00010021,1e-05,2.625e-05,0.00193028,0.06001654,0.00018691,0.00027794,0.00032144,0.00033003,2.81e-06,0.00142741,0.00114162,4.192e-05,1.033e-05,2.1e-07,0.00129248
1.2.840.113619.2.203.4.279707905.1578078321.212934.1.png,0.3806044,0.00106537,0.00384509,0.00663674,0.00683169,0.02074784,0.02715985,0.49263623,0.44138137,0.04756372,0.00963489,0.5879206,0.08812021,0.06183235,0.00434502,6.101e-05,0.00518013,0.00036575,0.00024208
1.2.840.113619.2.203.4.279707905.1576784394.466307.1.png,0.00876026,0.72858953,0.00011226,2.57e-06,0.00011831,0.00437285,0.00422151,0.01978686,0.00011022,0.00386719,0.00107267,0.0019588,0.01609342,0.01439575,0.00324667,9.378e-05,9.58e-06,0.29007268,0.00984101
1.2.840.113619.2.370.4.279707905.1597037498.844583.png,0.00028118,0.15681063,6.278e-05,0.13130352,0.00017368,2e-07,2.938e-05,1e-08,0.36532328,2.85e-05,0.01316612,0.00014948,9e-08,7.85e-06,0.5361996,0.04346066,4.5e-07,1.6e-07,5.17e-06
1.2.840.113619.2.203.4.279707905.1574883035.810157.1.png,0.05093564,0.00207623,0.00035044,0.00021306,1.334e-05,2.913e-05,0.03858788,2.453e-05,0.0202822,0.12709215,0.00044984,8.2e-07,0.0002343,0.9394353,2.539e-05,3.3e-07,3.3e-07,0.00171563,3.45e-06
1.2.840.113619.2.370.4.279707905.1605594563.898804.png,0.607496,4.97e-06,0.02694648,0.99808854,4e-08,7.353e-05,0.00054788,8.6e-07,0.98939705,0.18957607,4.805e-05,2.063e-05,1.9e-07,0.00351281,3.96e-06,0.00012594,3.9e-07,1.13e-06,4e-08
1.2.840.113619.2.370.4.279707905.1576550646.520264.png,0.60513353,0.00808752,0.99698853,0.00036047,0.10632263,0.00047353,0.9988192,0.07562115,0.00032002,0.00076313,8.64e-05,0.0001035,0.00039102,0.00204618,0.02258131,0.00037278,0.0073899,8.373e-05,0.05044762
1.2.840.113619.2.370.4.279707905.1601689058.660059.png,0.86854035,0.02153524,0.02795565,0.00168844,0.0050539,0.47145453,0.00097954,0.00031187,2.187e-05,0.03568516,0.08156474,0.01669498,0.00352688,0.15315613,0.00639924,0.00183184,0.00382081,0.14118904,0.00039526
1.2.840.113619.2.370.4.279707905.1577456937.960043.png,0.49201953,0.03698169,0.99578285,0.22356656,0.01202735,0.00015599,0.00891726,0.0130605,4.589e-05,0.00185821,1.672e-05,0.00048425,4.244e-05,0.00127657,0.02586249,0.09030724,0.01815828,2.37e-06,0.02013959
1.2.840.113619.2.370.4.279707905.1575938758.409093.png,0.6103986,1.88e-06,0.6656329,0.9984212,3.141e-05,0.01041484,0.00016595,0.01118394,0.9971172,0.00046534,0.00033189,0.00147305,5e-07,3.061e-05,1.458e-05,8.874e-05,3.03e-06,2.68e-05,9e-08
1.2.840.113619.2.370.4.279707905.1574833445.477797.png,0.00058627,0.01039687,0.00098967,0.01877054,0.00788324,0.00081745,0.0623863,2.06e-06,0.00098534,0.02427168,0.695291,0.00264067,0.00019598,0.03623006,0.00138677,0.00052062,9.345e-05,3.416e-05,6.971e-05
1.2.840.113619.2.370.4.279707905.1574738063.582952.png,0.05384491,0.18625024,0.00094551,0.0002343,0.00027245,6.64e-05,0.05433161,4.9e-07,0.00021285,0.02000002,0.7317084,0.06308818,0.00430723,0.15379617,0.17728525,0.00134038,0.00034643,0.01170172,0.00017799
1.2.840.113619.2.370.4.279707905.1576549374.825106.png,0.00818277,0.14907774,0.00115961,2.468e-05,0.00789672,0.00066077,0.40499657,0.00227341,0.00654924,0.00045396,0.7704369,0.00268603,0.00012875,0.0122978,0.00164984,0.00027355,3.069e-05,0.00194883,0.00110146
1.2.840.113619.2.203.4.279707905.1577997974.252046.1.png,0.0292368,0.31953865,0.01541392,3.291e-05,0.00249055,0.00011419,0.27820557,0.00195053,0.00038426,0.00476377,0.00413276,0.05184156,0.82677275,0.07802155,0.00197104,8.444e-05,2.375e-05,0.02081378,0.00159668
1.2.840.113619.2.370.4.279707905.1578658376.15931.png,0.6934796,0.9853631,0.00091223,0.00655483,0.01137715,1.275e-05,0.10114572,0.00254471,0.03079479,0.00403561,0.00805651,0.01301896,7.67e-06,5.006e-05,0.68056566,0.00035328,0.00294236,1.136e-05,0.00014676
1.2.840.113619.2.203.4.279707905.1578597378.171992.1.png,0.3733138,0.01897033,0.91078246,0.00026969,0.01510916,0.92207575,0.01354731,0.00163769,5.116e-05,0.01037147,0.00148269,0.05177028,0.01686165,0.00529751,0.00729148,0.00035754,0.00812857,0.00441396,0.02502935
1.2.840.113619.2.370.4.279707905.1599701917.166774.png,0.9983144,0.00021316,0.9644558,0.9717335,0.00135468,0.00107759,0.77053374,0.4943109,0.04982372,0.29378864,0.00048309,0.00023333,5.195e-05,0.00059453,1.023e-05,0.00019795,0.01297951,4.705e-05,2.339e-05
1.2.840.113619.2.203.4.279707905.1589393189.457671.1.png,0.13579617,0.21874829,0.07345557,0.00045968,0.73441184,0.147594,0.01369847,3.328e-05,0.00021761,0.4172256,0.01067946,0.04576155,0.01795775,0.01375427,0.8810014,0.00074644,0.00358113,6.34e-06,0.01010042
1.2.840.113619.2.370.4.279707905.1580708630.67531.png,0.86360055,0.8740949,0.00626377,0.5185193,0.00021177,5.77e-06,0.00012271,5.6e-07,0.3782515,0.00081486,1.697e-05,1.88e-06,2.5e-07,0.99323666,0.00697763,0.00047919,3.14e-06,4e-08,9.162e-05
1.2.840.113619.2.370.4.279707905.1588216897.903340.png,3.74e-06,0.97967225,4.14e-06,6.65e-06,1.827e-05,0.00078471,0.0608472,0.01227377,0.11941862,0.00723199,0.03648056,0.00062136,0.89587176,0.0002208,0.00390397,2.58e-06,0.00046014,0.00025734,1.21e-06
1.2.840.113619.2.370.4.279707905.1600135404.747306.png,0.06061818,0.63235116,0.01617162,0.00656019,0.01054314,4.739e-05,0.01330627,2.878e-05,0.01529615,0.01898945,0.38381547,0.13007915,1.96e-06,0.00261401,0.39413187,0.00150349,0.00013935,1.17e-06,0.0001902
1.2.840.113619.2.370.4.279707905.1579051423.233396.png,0.75025696,0.00985662,0.09206534,0.8119838,0.1134261,0.04614572,0.01141306,0.00077165,0.43943805,0.01157013,0.01524898,0.00129375,0.00198025,0.2352307,0.00147424,0.00074792,3.762e-05,0.00084621,0.00022913
1.3.12.2.1107.5.3.56.1642.11.202001191551080828.png,0.00528736,0.7216047,0.01643305,0.00184569,0.0027783,0.00585548,0.33811155,0.0006291,0.01941248,0.00750978,0.01393196,0.00163726,0.05074061,0.00018327,0.07000662,5.128e-05,0.46077916,0.00018268,0.00021912
1.2.156.112536.2.560.64226048152091077.1334575514304.30.png,0.31368864,0.00332956,0.7217173,0.98628587,0.03352076,0.31423795,0.00010854,0.00194658,0.00161257,0.01939876,0.00035487,0.0003052,0.00067546,0.00200746,0.00351477,0.5908324,0.00372461,0.00066187,0.00052158
1.2.840.113619.2.370.4.279707905.1575340156.784777.png,0.00413723,0.01904079,0.00330314,1.692e-05,0.00584689,0.00222842,0.67059886,0.01427738,0.00951686,0.18869244,0.17239185,0.01074181,0.00246458,0.08393237,0.01109045,0.000144,7.78e-06,0.00151494,7.193e-05
1.3.46.670589.30.1.6.1.963334151171.1576941107156.2.png,0.00091151,1.63e-06,0.01171896,0.99997234,6.807e-05,0.0001493,0.00987137,3.337e-05,6.9e-07,9.91e-06,0.00043082,2.72e-06,6.26e-06,1e-07,2.66e-06,2.87e-06,0.9724966,7e-08,6.54e-06
1.2.840.113619.2.370.4.279707905.1600653262.664160.png,0.0131646,0.95306855,0.00639894,8.74e-06,8.206e-05,9.701e-05,0.09733309,4.221e-05,0.00015658,0.0175651,0.00846622,0.01504333,0.00045293,0.00016199,0.63299155,0.00129128,0.00096276,2.29e-06,5.459e-05
1.2.840.113619.2.370.4.279707905.1575956741.766532.png,0.00127203,0.0054914,0.14301935,0.9959648,0.02890757,0.75437707,0.00016941,0.07145904,0.55045325,0.00128139,0.00130262,6.405e-05,6.73e-06,2.11e-05,8.247e-05,0.0032119,0.00061181,1.508e-05,0.00025343
1.2.840.113619.2.203.4.279707905.1583435503.371373.1.png,0.99285537,0.00165094,2.483e-05,0.00011495,0.00015714,0.00143715,0.8004642,0.00232948,0.9968008,0.05118774,0.00063339,0.00022934,0.00028181,0.999465,0.0001669,1.922e-05,8.55e-06,0.00740375,0.00031447
1.2.840.113619.2.370.4.279707905.1576511927.814024.png,0.01859908,0.03673136,0.87108165,0.08300469,0.00030054,2.362e-05,0.0014103,0.02897991,0.00133079,0.00030584,5.561e-05,0.00077644,1.43e-06,0.00015325,0.00105644,0.01924021,0.01729248,9.1e-07,0.00034765
1.2.840.113619.2.370.4.279707905.1576562825.498102.png,0.00052434,0.00025949,0.00014296,7.332e-05,6.926e-05,7.87e-05,0.11353404,0.25675273,0.0121607,2.534e-05,0.26267323,0.00011535,0.00156393,0.00895124,0.00018315,1.727e-05,0.00073917,0.00070552,0.01579518
1.2.840.113619.2.370.4.279707905.1593308580.998708.png,0.00708506,0.98831475,0.00066907,4.1e-07,0.02923806,0.00706432,0.1818467,3.15e-05,0.00017956,0.21640636,0.06227947,0.00144566,0.00014143,0.00540391,0.87695354,0.00015788,6.125e-05,0.00116827,0.00065625
1.2.840.113619.2.370.4.279707905.1578274515.366612.png,0.04500796,0.00834997,0.16537406,0.00043361,0.00015298,0.01646276,0.24157283,0.01656998,0.00153763,3.301e-05,0.02201869,0.01893838,0.02223596,0.00171177,0.00227627,0.00115202,2.1e-05,0.00242893,0.00067831
1.2.840.113619.2.370.4.279707905.1578971630.287981.png,5.038e-05,0.88268507,0.00105255,1.003e-05,0.02132293,0.18943226,0.11287641,1.3e-07,0.02597832,0.16339576,0.19723313,0.00104397,0.00046155,0.00013,0.00353618,6.09e-06,1.38e-05,0.00066282,6.62e-06
1.3.46.670589.30.1.6.1.963334151171.1575475554140.2.png,0.00308997,1.044e-05,0.0762713,0.16579348,0.00041185,0.0006166,0.9332299,2.1e-07,4.1e-07,3.967e-05,0.01578389,3.304e-05,1.145e-05,1.05e-06,2.71e-06,9.8e-07,0.34570923,5.89e-06,7.23e-06
1.2.840.113619.2.203.4.279707905.1576264224.426930.1.png,0.00015698,0.7399122,2.355e-05,0.00025756,0.00077427,0.00076499,0.14398894,0.02312157,0.00605192,0.02889543,0.14639178,3.394e-05,0.00038723,0.01059452,0.00011377,6.04e-06,1.28e-06,0.00945521,8.8e-07
1.2.840.113619.2.370.4.279707905.1595732881.785192.png,1.877e-05,0.9909,3.88e-06,0.0,3.6e-07,2.86e-06,0.00085637,5e-08,6.63e-06,0.00249437,0.00420559,0.00231394,0.7974165,0.00533307,0.8869192,1.81e-06,3.174e-05,0.00053864,2.244e-05
1.3.12.2.1107.5.3.33.2229.11.202010011113500171.png,0.00209346,0.0546073,5.72e-06,2.8e-06,0.00036345,6e-08,0.99914503,1.07e-05,0.00020885,5.27e-06,0.00011221,0.61056095,0.94073266,0.00014795,0.06919977,0.00039816,1.881e-05,1.034e-05,8.17e-06
1.2.840.113619.2.203.4.279707905.1593372028.860453.1.png,0.8538048,2.36e-06,0.00524673,0.28370312,0.00819532,0.6836452,0.18109128,0.01466763,0.6170747,0.93072194,5.245e-05,0.13295212,0.00016195,0.00081774,3.509e-05,0.00011541,0.00636153,0.00099153,3.48e-06
1.2.840.113619.2.203.4.279707905.1595012562.562031.1.png,0.49613717,4.09e-06,0.00266946,0.97788507,0.00199964,0.5356927,0.09243631,0.02773087,0.9973147,0.02169592,4.779e-05,6.792e-05,2.877e-05,0.00386351,0.00014267,0.00020848,5.596e-05,0.00085677,9.5e-07
1.2.840.113619.2.203.4.279707905.1575056373.664673.1.png,0.00011431,0.00474904,2.742e-05,1.9e-06,0.00164126,0.00101245,0.9942059,0.00045241,0.5319985,0.8096254,0.04422074,0.0015931,0.0017794,0.21430346,3.786e-05,3.81e-06,0.00015256,0.00203833,6.221e-05
1.2.840.113619.2.370.4.279707905.1605162843.722764.png,0.18360226,8e-08,0.02518737,0.9999767,1.69e-06,0.0258636,0.00019243,0.06089132,0.99906886,7.505e-05,9.12e-06,1.84e-06,1e-08,1e-06,1.134e-05,0.00074194,1.19e-06,5.46e-06,1e-08
1.2.840.113619.2.370.4.279707905.1597459296.54602.png,0.06431676,0.2809591,0.3052675,0.01495714,0.8570142,0.18908718,0.20733184,0.0003509,0.25100648,0.001008,0.7070939,0.06474098,0.00030236,0.0034623,0.00206249,0.00045432,3.636e-05,7.46e-06,0.00030908
1.2.840.113619.2.370.4.279707905.1577925631.546042.png,0.37576577,0.02478488,0.00201747,0.00943838,0.00343265,0.02996567,0.24718305,0.8636819,0.0541161,0.01605571,0.00325721,2.25e-05,9.233e-05,0.00105351,0.00845243,0.00013919,0.00013364,0.00055168,0.00073148
1.2.840.113619.2.203.4.279707905.1574694432.251849.1.png,0.10269529,0.00099705,3.599e-05,0.03924457,0.04805272,0.00107633,0.7923401,6.858e-05,0.11990613,0.00707626,0.01741323,0.00047378,0.00010925,0.7875814,0.0017744,4.466e-05,9.95e-06,0.05860105,0.00013926
1.2.840.113619.2.370.4.279707905.1602222587.918410.png,0.28446296,0.00060769,0.6694753,0.95130247,0.00058204,0.02281763,0.0001967,0.01590101,0.6418242,0.01467198,0.00436275,0.00346738,4.75e-06,5.863e-05,9.856e-05,0.00166631,1.635e-05,1.14e-05,2.629e-05
1.2.840.113619.2.370.4.279707905.1584751943.985835.png,9.75e-06,0.97452587,3e-08,0.00016789,9.39e-05,4.148e-05,0.02687401,0.32692233,0.0335579,0.00164127,0.91856074,9.72e-06,4.092e-05,7.044e-05,0.01060338,2.579e-05,9.3e-07,0.00039805,3.67e-06
1.2.840.113619.2.370.4.279707905.1589454276.227155.png,0.06525982,4.704e-05,0.6395708,0.9998714,0.00757009,0.38924795,0.00012902,0.15606649,0.5572306,0.00099144,0.00174445,0.00069428,1.073e-05,0.00014781,3.11e-05,0.00082904,0.00018592,3.267e-05,6.584e-05
1.2.840.113619.2.370.4.279707905.1602641541.95859.png,0.04546382,0.29970852,0.02339887,0.01167983,0.04373919,0.00106906,0.99083614,0.52451646,0.01276784,0.00017681,3.83e-06,2.743e-05,0.00290479,5.341e-05,0.04391813,0.00015449,0.00124225,4.9e-06,0.01482402
1.2.840.113619.2.370.4.279707905.1594686658.59145.png,0.9628568,2.2e-07,0.6429451,0.9990544,1.21e-06,0.02170166,4.842e-05,0.00122154,0.99748147,7.44e-05,4.626e-05,1.364e-05,2.5e-07,0.00018334,1.132e-05,0.00092918,1.78e-06,2.88e-06,4e-08
1.2.840.113619.2.370.4.279707905.1576452096.186223.png,0.2985439,0.04168042,0.99169743,0.0042618,0.24655518,0.00567218,0.28294706,0.00234051,0.00037797,0.00016263,0.08585733,0.00170714,6.257e-05,0.00175776,0.00020347,6.447e-05,0.00118839,1.658e-05,0.0105373
1.3.12.2.1107.5.3.56.1642.11.201911271508030765.png,0.9996948,0.00028091,0.9996556,0.9976247,3.88e-05,0.00118814,2.132e-05,0.11019471,0.00013886,0.00058891,0.0068862,1.886e-05,1.41e-06,0.00634934,1.106e-05,0.00040793,1.159e-05,5e-08,0.00104324
1.2.840.113619.2.370.4.279707905.1594098254.254074.png,0.7686536,0.8661576,0.01879324,0.01200373,0.01385882,8.14e-05,0.10737208,0.0013619,0.00508116,0.0078003,0.12143453,0.8063345,0.00067089,0.05215046,0.23614357,0.0011818,0.00423978,4.177e-05,0.00214821
1.2.840.113619.2.203.4.279707905.1575056154.808479.1.png,0.00028532,0.07940866,0.00121644,3.22e-06,0.00040433,5.787e-05,0.01192022,0.02017903,0.00038139,6.553e-05,0.00471999,0.00528731,0.12403111,0.00868268,0.01778284,1.004e-05,2.716e-05,0.20762783,0.00280073
1.2.840.113619.2.370.4.279707905.1602817157.624323.png,6.905e-05,0.95404416,0.00097235,0.00106056,0.00116919,0.00397856,0.02658471,0.0126878,0.00023908,0.00087999,0.99803585,0.00068005,4.112e-05,0.000167,0.00071099,2.441e-05,6.431e-05,4.75e-06,1.464e-05
1.3.46.670589.30.1.6.1.963334151171.1603887092453.2.png,0.02913748,2e-08,0.3134039,0.99894816,1.04e-06,5.427e-05,2.3e-06,8e-08,2.3e-07,3e-07,1.33e-05,8.16e-06,1.86e-06,2e-08,3.2e-07,3.7e-07,0.79461974,4.77e-06,3.5e-07
1.2.840.113619.2.370.4.279707905.1600653380.693725.png,0.01797308,0.0817657,0.0037315,0.02816494,0.0001832,0.0169086,0.00081769,0.01032509,0.00040363,0.13616537,5.428e-05,0.00056583,6.83e-05,0.00024832,0.11615036,0.00251594,0.09424388,1.883e-05,0.00072346
1.3.12.2.1107.5.3.33.2229.11.202011221535590546.png,0.0087208,0.00013929,0.25675997,0.6980356,2.99e-06,0.00023357,0.00602749,1.543e-05,0.04025725,0.00094013,7.61e-05,1.36e-06,2.4e-07,2.382e-05,0.00306428,0.00669929,9.92e-06,1.83e-06,1.968e-05
1.2.840.113619.2.370.4.279707905.1598421643.775152.png,0.00590201,0.46280316,4.216e-05,3e-08,0.00013068,0.04724998,0.04096907,0.00027828,0.00122863,0.00670499,0.77132666,0.04542906,0.00038313,0.00676729,0.00036531,2.351e-05,1.39e-05,0.00011218,0.00019723
1.3.12.2.1107.5.3.33.2229.11.202005221124270718.png,0.02706256,0.20242757,1.575e-05,0.00131885,2.327e-05,0.99517375,0.14451975,0.11382596,0.12287023,0.98110694,0.00080882,0.00017445,3.855e-05,0.0066386,0.00025863,0.00040121,0.00126617,0.04469186,0.00012462
1.2.840.113619.2.370.4.279707905.1600824596.702338.png,0.00181811,0.9989588,0.00310622,0.00029334,0.00021696,0.00037402,0.01884615,0.00074933,0.00045022,0.0104945,0.01008601,0.00120552,0.00080093,0.00025537,0.99053746,0.00232527,9.65e-05,3.23e-06,0.00032148
1.2.840.113619.2.203.4.279707905.1605040252.435435.1.png,0.15102595,0.00384404,0.01473362,0.02623874,0.01597768,0.5621398,0.7453184,0.5552325,0.6991234,0.8446134,0.00455147,0.00062941,0.00027729,0.06156186,7.76e-06,2.725e-05,3.03e-06,1.424e-05,1.056e-05
1.3.12.2.1107.5.3.56.1642.11.202005221238510546.png,0.0042937,0.00591987,4.894e-05,0.9835516,0.00288451,2.596e-05,0.00537995,0.01093014,0.07630584,3.35e-06,0.0414527,0.03400397,0.2303668,1.925e-05,0.00557238,0.00202598,0.00883758,4.205e-05,3.73e-06
1.2.840.113619.2.370.4.279707905.1579507179.474258.png,0.00426456,5.746e-05,0.0060702,0.18237963,1.1e-07,3.781e-05,0.01669279,0.00265063,0.99976,0.00035003,0.0008028,1.46e-06,1e-08,5.38e-06,0.00111634,4.16e-05,4.8e-07,8.3e-07,1.3e-07
1.2.840.113619.2.203.4.279707905.1591639976.903801.1.png,0.12929651,0.00035195,1.134e-05,0.00129215,1.223e-05,0.00030023,0.14562614,0.72341794,0.9990501,0.00083861,6.82e-05,0.00105222,0.00048513,0.00196666,0.00595751,3.77e-06,6.949e-05,1.875e-05,1.228e-05
1.2.840.113619.2.370.4.279707905.1596268840.123716.png,0.09999952,2.47e-06,0.07598473,0.99999946,1.6e-07,0.00037616,2.231e-05,4.58e-06,0.99788046,0.00215117,4.57e-06,5e-08,0.0,3.22e-06,3.734e-05,0.00253099,2e-08,1.1e-07,1.9e-07
1.3.46.670589.30.1.6.1.963334151171.1603730648671.2.png,0.06390646,6.44e-06,0.86631787,0.5635408,0.00027171,0.02030007,0.5263413,0.00151284,1.649e-05,0.00037899,0.02439709,0.00050827,0.00847402,0.00091855,0.00015941,0.00016658,0.10360297,4.43e-06,0.0069357
1.2.840.113619.2.370.4.279707905.1579875430.460609.png,0.05579856,0.8121668,0.00040692,5.809e-05,9.4e-06,3.18e-06,0.0957253,0.0034567,0.02852858,0.02430341,0.00010235,2.306e-05,6.8e-07,0.00050619,0.47792843,0.00109317,0.00075135,1.651e-05,0.00263651
1.2.840.113619.2.203.4.279707905.1577221962.469543.1.png,0.03888957,1.97e-06,6.62e-06,9.888e-05,1.145e-05,0.00162809,0.05182201,0.9916037,0.99408746,0.00210371,0.00190174,0.00513145,0.00011871,0.28237095,9.72e-06,5.87e-06,3e-08,0.00040833,3.34e-06
1.2.840.113619.2.370.4.279707905.1594687687.430313.png,0.4568773,4.01e-06,0.29151618,0.99998814,2.14e-06,0.00030499,0.00062439,0.00018136,0.99106896,0.00114321,2.149e-05,1.84e-06,1e-08,4.4e-07,2.558e-05,0.0024336,6.3e-07,1.099e-05,3.1e-07
1.2.840.113619.2.370.4.279707905.1577458125.239011.png,0.10036986,0.24211848,0.00983646,1.666e-05,8.738e-05,0.00011493,0.0033856,1.878e-05,8.47e-06,0.07996626,0.03017273,0.01546331,0.00364233,0.5289463,0.13536045,0.00029579,0.0002827,0.01993182,0.01595556
1.2.840.113619.2.370.4.279707905.1577524177.203486.png,0.815993,0.00456638,0.874405,0.00098813,0.08204778,2.411e-05,0.1844746,0.08753029,0.00327942,0.00010617,0.00054452,0.973868,0.03676676,0.00694918,0.00136653,0.0003645,0.00441029,0.00020425,0.04156788
1.2.840.113619.2.370.4.279707905.1577934930.481145.png,0.8676884,0.00014387,0.00106406,0.00458993,0.00067872,0.00038217,0.48269925,0.00041733,0.17472707,0.41413528,0.0256871,0.00502525,3.511e-05,0.9587584,4.202e-05,1.766e-05,4.09e-06,0.000833,0.00015822
1.2.840.113619.2.370.4.279707905.1601080789.284952.png,0.00097403,0.03360301,0.3076485,9.36e-06,0.1430589,0.11900478,0.04190488,1.16e-06,3.464e-05,0.93791646,0.0021456,0.00508145,0.11302652,0.00534555,0.01232318,1.947e-05,0.00042246,0.00015105,0.00063744
1.2.840.113619.2.370.4.279707905.1603246146.478395.png,0.00485847,0.00013494,0.26190853,0.98268765,6.192e-05,0.01522644,0.00099577,0.00016081,0.95454496,0.00027056,0.00532065,1.699e-05,5.03e-06,0.00014591,0.00047115,0.00181048,3.58e-06,3.306e-05,7.57e-06
1.2.840.113619.2.370.4.279707905.1576740715.779090.png,0.0086602,0.648825,0.0009823,0.16021928,0.08113555,0.00882147,0.06374108,0.0055954,0.00204143,0.93660176,0.3141135,0.00058858,6.053e-05,0.8538903,0.00050724,8.67e-05,1.333e-05,0.00050672,0.00010614
1.3.12.2.1107.5.3.56.1642.11.202011131528310390.png,0.72457707,0.00097549,0.04061712,0.99692816,0.46730563,0.00177782,4.396e-05,0.01528382,8.72e-06,1.4e-06,0.15556268,1.091e-05,1.46e-06,6.364e-05,5.203e-05,0.01427323,0.59229326,0.00073313,1.93e-06
1.3.12.2.1107.5.3.56.1642.11.202007161515130593.png,0.6995586,0.03111405,0.5254295,0.97411096,7.524e-05,0.00288458,7.531e-05,0.05323209,0.0051875,0.02792352,0.00078822,6.892e-05,9.86e-06,0.04847762,0.00140124,0.09701265,0.00215545,0.00031677,0.00045476
1.2.840.113619.2.370.4.279707905.1590130565.735546.png,0.16201408,0.467636,0.00128044,0.01463832,0.00010109,2.023e-05,1.073e-05,1e-08,2.992e-05,0.32565,0.00036372,5.15e-06,2.754e-05,0.99961454,0.0021097,1.979e-05,5e-08,0.00012728,0.01456686
1.2.840.113619.2.370.4.279707905.1577586592.229020.png,4.422e-05,0.4537224,4.048e-05,0.00018123,0.00026565,0.00011357,0.09984788,8.2e-07,1.066e-05,0.00115881,0.9626991,0.00025858,0.00010348,0.00047576,0.00077145,3.627e-05,1.911e-05,8.13e-06,3.1e-07
1.3.12.2.1107.5.3.33.2229.11.202009081425390187.png,0.7837672,0.01197592,0.04929642,0.03275728,0.00214414,0.00108656,0.00273748,0.00023567,0.00089778,0.00130564,0.00194496,0.0004837,0.00063727,0.00750662,0.01146516,0.11435603,0.02780656,0.00977008,0.00699154
1.2.840.113619.2.370.4.279707905.1578397198.830190.png,0.8761106,0.00443773,0.00073324,0.0066822,0.25978762,0.00092726,0.0008819,3e-08,0.00844645,0.09680143,0.05394473,0.61009544,0.00021221,0.9995646,0.00063434,0.00074057,1.53e-06,4.89e-06,0.00012219
1.2.840.113619.2.203.4.279707905.1575318985.105760.1.png,0.67904615,0.00064984,0.00079531,0.00016864,0.00032291,0.01028029,0.20037273,0.03823487,0.09812286,0.0040146,1.059e-05,1.295e-05,0.00051966,0.00435667,0.0001277,3.622e-05,2.37e-05,0.9371114,8.26e-06
1.2.840.113619.2.370.4.279707905.1601012919.22299.png,0.17659137,4.89e-06,0.6006917,0.9998417,1.6e-06,0.00557351,0.00134016,1.766e-05,0.9999411,4.816e-05,2.789e-05,6e-08,0.0,0.0001464,8.57e-06,3.241e-05,2e-08,3.8e-07,5.2e-07
1.2.840.113619.2.203.4.279707905.1576268348.974927.1.png,0.02047299,0.11553013,6.595e-05,1.46e-06,0.00069866,0.00114592,0.22496603,0.49512953,0.0540904,0.05343106,0.00049748,0.00231748,0.0076744,0.00889807,0.00013064,2.218e-05,4.38e-06,0.10913772,0.00076219
1.2.840.113619.2.370.4.279707905.1579741341.301732.png,0.9723102,0.00179775,0.00699505,1e-08,0.00017643,0.00057524,0.99084526,0.4258788,5.447e-05,0.00445796,0.00722866,0.03670035,0.00056624,0.9631731,0.0001913,1.971e-05,4.783e-05,0.00119775,0.40228856
1.2.840.113619.2.370.4.279707905.1578703447.435461.png,0.00017277,0.02120514,0.00291157,0.00060285,0.00761399,0.00502023,0.6513134,1.77e-06,0.00093825,0.01313138,0.0124354,0.00218843,0.00057943,0.00117861,0.00266412,2.861e-05,0.00320313,9.605e-05,9.951e-05
1.2.840.113619.2.370.4.279707905.1577753584.633230.png,0.00786474,0.04833198,0.01073628,1.229e-05,0.00016284,0.05411445,0.18017642,0.01230733,0.00061113,0.03535329,0.00782485,0.00313354,0.04939178,0.00478132,0.00297275,1.628e-05,5.527e-05,0.00349718,0.0005275
1.2.840.113619.2.370.4.279707905.1599270510.352564.png,0.9978125,3.568e-05,0.9918188,0.08619573,4.882e-05,0.00016047,6.535e-05,0.00032942,0.00374857,0.00012933,8.043e-05,0.99571115,6.56e-06,1.626e-05,5.354e-05,0.00011896,2.02e-06,3.38e-06,2.3e-06
1.2.840.113619.2.370.4.279707905.1578358471.854576.png,3.08e-05,0.7185194,1.183e-05,1.176e-05,0.001715,0.00064515,0.02604131,0.00763689,0.00439874,0.05173881,0.7808441,0.00084906,0.00051091,0.00576121,0.06866442,8.92e-06,4.162e-05,0.0006012,0.00013601
1.3.12.2.1107.5.3.33.2229.11.202008231432480078.png,0.00784445,0.02058551,1.851e-05,0.00053098,0.00095215,0.00098704,0.44052327,0.00133405,0.72156745,0.10367654,0.04599852,0.00281831,0.00034261,0.01580618,0.02525735,0.00010291,3.957e-05,0.00015653,6.114e-05
1.3.12.2.1107.5.3.56.1642.11.202001131548400343.png,0.0177854,0.01412093,0.61177605,0.97062653,0.00063341,0.0060463,0.18549003,0.06785701,0.42212892,0.6225916,0.00100535,0.00020051,3.3e-05,0.00012384,1.667e-05,0.00314151,0.0004593,0.00011314,2.082e-05
1.2.840.113619.2.370.4.279707905.1605768193.849893.png,0.00394955,0.08787517,0.01613714,5.83e-06,2.133e-05,1.025e-05,0.7387687,0.00012433,8.501e-05,0.00035656,0.00021892,0.13363202,0.5446243,0.00044532,0.02867884,7.761e-05,0.00167593,3.334e-05,4.258e-05
1.3.46.670589.30.1.6.1.963334151171.1600358202296.2.png,0.99070734,3.06e-06,0.6355539,0.9418363,0.16624986,0.00189126,0.0761334,0.00076865,0.0013084,4.5e-07,0.0271022,0.00037306,0.00013241,0.00019348,1.012e-05,0.00088748,0.07101501,0.00014122,0.00201867
1.2.840.113619.2.203.4.279707905.1578078628.325756.1.png,0.992139,7.217e-05,0.00488343,0.06204219,5.4e-07,0.00350379,0.00796452,0.07075308,0.84374857,0.00058185,0.00041614,0.00191318,4.982e-05,0.10968807,0.00012161,5.621e-05,7.5e-06,0.00948717,2.784e-05
1.3.12.2.1107.5.3.56.1642.11.202011061522460250.png,0.9989176,4.694e-05,0.9588075,0.99859995,0.00045387,0.00019617,0.001018,0.01883618,0.01246133,9.124e-05,3.838e-05,2.996e-05,3.098e-05,0.00228915,2.521e-05,0.15881526,0.00607503,0.00283401,0.00167171
1.3.12.2.1107.5.3.56.1642.11.202007192225120078.png,0.89798665,4.1e-07,0.98798853,0.90036887,0.01273402,0.00017318,4.48e-06,7.3e-07,1.38e-05,5e-06,3.7e-06,0.00015384,0.00020284,1.101e-05,1.08e-06,0.00513635,0.01261273,0.00115653,0.00139916
1.2.840.113619.2.370.4.279707905.1574572885.343464.png,0.00046309,0.01785047,0.00482011,0.00752218,3.345e-05,0.0713315,7.398e-05,0.2630016,0.00679932,0.0075092,0.8351204,0.08592127,0.00012599,0.00454187,6.41e-06,1.69e-06,1.412e-05,6.4e-07,8.1e-07
1.2.840.113619.2.370.4.279707905.1577438739.547623.png,0.01176497,0.05653183,0.0003369,0.0,0.00014763,0.01990124,0.526794,5.446e-05,0.00048879,0.2173211,0.00263016,0.0056661,8.55e-05,0.04789574,0.00121198,6.49e-06,1.609e-05,0.03059065,0.0048213
1.2.840.113619.2.370.4.279707905.1605580851.386253.png,0.00223314,0.9759335,0.01548623,0.00860024,0.00949066,0.00052276,0.0035065,0.00032365,0.04474566,0.00059396,0.76354176,0.01906739,3.54e-05,0.00031673,0.00536792,0.00022972,2.937e-05,2.23e-06,7.741e-05
1.3.46.670589.30.1.6.1.963334151171.1599128861796.2.png,0.82731813,9.612e-05,0.2391906,0.4358298,0.00922291,0.33590484,0.14257804,9.377e-05,0.01142906,0.00040102,0.00122156,8.521e-05,1.206e-05,0.001172,4.216e-05,0.00950796,0.00106901,0.00685256,0.00441909
1.2.840.113619.2.203.4.279707905.1575926689.691273.1.png,0.99864686,7.252e-05,0.6750313,0.99167866,8.069e-05,0.00890815,0.00066983,0.00252644,0.18172371,0.00032183,0.00013543,1.25e-06,3.76e-06,0.20543943,0.00013785,0.0754391,5.373e-05,0.00079226,1.544e-05
1.2.840.113619.2.370.4.279707905.1577495557.679962.png,1.96e-06,0.03093003,4.928e-05,0.00264537,3.8e-07,0.02827505,0.00097014,0.04303848,9.49e-06,0.28775445,0.18932267,2.486e-05,4.61e-06,4.058e-05,0.00035548,9.3e-07,0.0003139,1.57e-06,2.6e-07
1.3.46.670589.30.1.6.1.963334151171.1603892686781.2.png,5.844e-05,0.02676985,0.00023038,3.205e-05,0.00137205,6.663e-05,0.0089981,0.00663179,0.01170528,0.00702572,0.08314978,0.00093896,0.01925879,0.03517782,0.2852822,0.00015686,0.0002897,0.00044319,0.00099269
1.2.840.113619.2.203.4.279707905.1574701764.849865.1.png,0.1131137,0.0003506,0.82513094,1.869e-05,0.01552671,0.9881926,0.0476661,5.36e-06,0.00042333,0.1260032,1.577e-05,0.9912292,0.78769547,0.00021877,6.854e-05,5.78e-06,6.11e-06,2.113e-05,7.6e-07
1.2.840.113619.2.370.4.279707905.1596417877.635333.png,0.4243972,0.9791852,0.1083506,0.01961179,0.00050905,0.00123564,0.00055818,0.00017855,7.8e-07,0.00186204,4.577e-05,0.00190432,0.08553082,0.00015857,0.03750493,0.00136483,0.00029861,6.427e-05,0.00146088
1.3.12.2.1107.5.3.33.2229.11.202009091454300859.png,0.99974304,0.00025682,0.01599501,0.9984428,0.05077688,0.04559378,0.00198864,0.6997862,0.23991226,0.38236007,0.00037079,0.006378,0.00012039,0.00114981,0.00020815,0.00446057,0.01138318,0.00391383,0.00016158
1.2.840.113619.2.370.4.279707905.1602747919.285654.png,0.29367292,0.5777119,0.09295888,0.05050912,0.94226503,0.00706875,0.9999151,0.6879404,0.00435562,2.7e-05,0.00011538,0.00014946,0.02016969,9.04e-06,0.02501223,0.00065331,0.04437822,3.2e-07,0.00031012
1.2.840.113619.2.370.4.279707905.1579758046.193194.png,0.161554,0.09938563,0.01177077,9.514e-05,0.0001659,0.00035359,0.05833617,1.071e-05,2.4e-06,0.11788837,0.54455316,0.03246625,0.00240804,0.899525,0.00472507,0.00015148,0.00034945,0.01321722,0.00086315
1.2.840.113619.2.370.4.279707905.1601270905.681488.png,0.03478187,0.04526682,0.3261363,0.00059621,0.00204698,0.00154842,0.00614159,0.00960934,0.00046624,0.00435094,0.13712086,0.46678007,0.0003351,0.00192266,0.00016328,0.00010123,0.00018374,0.00017837,6.151e-05
1.2.840.113619.2.370.4.279707905.1593049488.300148.png,0.00423997,0.47758165,2.71e-06,3.27e-06,2.869e-05,0.0071592,0.1856103,5.822e-05,4.308e-05,0.5844613,0.7408032,0.00726709,0.00111663,0.00711207,0.7358726,2.863e-05,0.00011808,3.13e-06,1.36e-05
1.3.12.2.1107.5.3.56.1642.11.202008121533500046.png,0.50636727,1.85e-06,0.25645545,0.9999939,2.47e-06,7.292e-05,2.05e-06,0.1722747,0.58704126,0.00011505,0.00038262,1.28e-06,3e-08,1.4e-06,8.8e-07,0.3240554,0.00024327,2.49e-06,1.3e-05
1.3.12.2.1107.5.3.33.2229.11.201912281605000281.png,0.00380642,0.00619081,0.00070827,2.85e-06,0.10164512,0.00696162,0.41540405,7.707e-05,0.00866406,0.45326912,0.97050506,0.9879683,0.00010906,0.01741648,0.00049289,2.245e-05,0.00271104,9.22e-06,3.25e-06
1.2.840.113619.2.370.4.279707905.1594089633.538865.png,0.5862045,7.216e-05,0.21192352,0.9638613,0.0476935,0.04217916,0.02597263,0.00097357,0.99530435,0.00054585,0.01507122,0.0006397,6.34e-06,0.00281334,0.00034988,0.00074648,4.96e-06,3.37e-06,7.41e-06
1.2.840.113619.2.370.4.279707905.1586670230.337771.png,0.85323846,0.00275989,0.01845422,0.01749224,0.00086586,0.00125936,0.00484212,0.00014413,2.033e-05,0.00189224,0.9833015,0.09450699,0.00201934,0.23294993,0.00121741,0.00076223,0.08612762,0.00762034,0.00025624
1.2.840.113619.2.370.4.279707905.1598253071.396561.png,0.02982596,0.27027383,0.04019464,0.00120286,9.987e-05,0.00704525,0.20403756,0.0252521,0.00201565,0.01756878,0.02114304,0.063145,0.11044414,0.00960857,0.00848708,0.00693933,0.00010495,0.00092468,0.00532861
1.2.840.113619.2.370.4.279707905.1592032435.292032.png,0.0027418,0.85946435,0.00378693,6.63e-05,4.847e-05,0.01020942,0.15664352,0.06929076,0.00637451,0.01311728,0.2194634,9.331e-05,0.01484348,0.01570347,0.00025875,8.8e-06,1.785e-05,0.00016042,4.661e-05
1.2.840.113619.2.370.4.279707905.1600925378.33166.png,0.6619689,0.00167891,0.96110696,0.9940974,2e-08,8.94e-05,6.02e-06,5.32e-06,0.01136742,0.01332736,3.82e-06,5e-08,0.0,5.54e-06,0.00017171,0.0001876,2e-07,4.8e-07,7.9e-07
1.2.840.113619.2.370.4.279707905.1594955591.399258.png,0.0511278,7.97e-06,0.10837082,0.9926082,0.00033293,0.00493668,0.0016676,0.00497942,0.9961476,0.00251215,0.00153205,0.00108592,1.04e-06,0.00035324,0.00019323,0.00032468,9.7e-07,1.73e-06,5.9e-07
1.2.840.113619.2.370.4.279707905.1578014288.797959.png,0.02285787,0.0926913,0.02002803,1.3e-07,8.26e-06,0.00054519,0.7914906,0.00602904,0.00578496,0.00019614,0.00028118,0.395814,0.9979207,0.00351022,0.00709986,8.738e-05,8.24e-06,0.00168727,0.00073
1.3.12.2.1107.5.3.56.1642.11.202007221832150343.png,0.00176286,0.08841934,0.03214384,0.00445882,0.0009476,0.01810575,0.00280349,0.0104653,0.00117021,0.00030746,0.6954547,0.00460826,0.08545092,0.00097823,6.706e-05,8.53e-06,0.04135572,0.00012108,0.00226787
1.2.840.113619.2.370.4.279707905.1602048085.624802.png,0.11180399,0.00053313,0.44792223,0.00650717,0.0085116,0.00915972,0.03005385,0.00020409,0.14532463,0.00902012,0.03440858,0.2612643,2.46e-06,0.00022648,0.00050311,0.00036253,1.131e-05,8.453e-05,3.35e-06
1.3.12.2.1107.5.3.33.2229.11.202005141116140734.png,0.0037103,0.9754356,4.84e-06,1.622e-05,6.06e-06,2.707e-05,0.0027626,0.00051576,0.00577475,0.00012863,0.00130622,0.03934335,0.99946064,6.588e-05,0.00301422,3.962e-05,0.00193196,0.00026473,3.65e-06
1.2.840.113619.2.370.4.279707905.1597461020.557315.png,0.00100088,0.9859828,3.154e-05,8.9e-06,0.00119426,7.99e-06,0.7031089,0.0013415,0.00412734,9.83e-05,0.17954703,0.99923813,0.95535547,0.00010122,0.27093253,0.0009276,0.00670544,1.7e-07,6.29e-06
1.2.840.113619.2.370.4.279707905.1577493809.866766.png,0.532872,4.415e-05,0.9982031,0.24181525,0.72854066,0.00014784,3.175e-05,0.00023402,0.00323968,0.00015881,0.00011843,0.9959957,1.388e-05,3.303e-05,0.00013508,0.0004398,8.359e-05,1.416e-05,3.392e-05
1.2.840.113619.2.370.4.279707905.1578969353.589929.png,0.11905135,0.00038933,0.03360728,0.7524843,0.00101409,0.00456563,0.00817891,5.64e-06,0.00316487,0.05080466,0.00146127,0.00010789,0.00034152,0.95046496,0.00071275,0.00015927,1.74e-06,0.00586571,0.00015072
1.2.840.113619.2.370.4.279707905.1605780169.392942.png,0.03000934,0.00396479,0.18570718,0.98006606,0.00015297,0.00456533,0.00115984,0.21782137,0.91421187,0.01124871,3.4e-05,3.758e-05,1.87e-06,9.17e-06,0.00015814,0.00047571,0.02403742,5.609e-05,3.17e-06
1.2.840.113619.2.370.4.279707905.1587084712.583139.png,0.07522367,0.98654944,0.00014102,0.0001694,0.00530086,2.7e-06,9.94e-06,5e-08,0.00016087,0.9911838,0.00052495,8.545e-05,5.185e-05,0.9958312,0.34158275,7.189e-05,3.09e-06,7.31e-06,0.00326433
1.2.156.112536.2.560.64226048152091077.1333985649203.89.png,0.15856007,0.11791892,0.02937774,0.29370508,0.00105988,0.4626272,0.00086551,0.00535389,0.00144488,0.15335049,0.01271684,0.00204078,0.00493612,0.01325074,0.01385523,0.01429572,0.0115473,0.00639161,0.00185918
1.2.840.113619.2.370.4.279707905.1602574801.242948.png,1.178e-05,0.9054992,0.00023354,0.00011473,0.0005667,0.0025866,0.05998072,0.00055239,5.236e-05,2.43e-05,0.9872454,0.41188064,0.35179153,2.681e-05,4.685e-05,9.089e-05,0.00123787,4.6e-07,1.85e-05
1.2.840.113619.2.203.4.279707905.1579033640.867947.1.png,0.05883841,0.02075732,0.00743987,3.82e-06,0.0001311,0.04919052,0.00249976,0.00037131,9.48e-06,0.00010079,0.00175471,0.00098794,0.00299538,0.1459076,7.875e-05,4.36e-06,8.6e-07,0.98136145,0.00131528
1.2.840.113619.2.370.4.279707905.1605316236.28184.png,0.00670053,0.30440274,0.04270778,0.00170496,1.71e-06,4.7e-07,0.00107341,4.3e-06,0.00019245,0.0255278,1.433e-05,3.6e-07,6e-08,0.00091997,0.08720338,0.00088944,2.01e-06,2.003e-05,0.00073042
1.2.840.113619.2.370.4.279707905.1591753268.775076.png,0.01664862,0.96854913,3.06e-05,1.2e-07,0.00013114,8.93e-06,0.32502168,8.184e-05,5.6e-07,0.0009362,0.15959746,0.00057635,0.00579595,0.00676572,0.7991507,7.926e-05,2.507e-05,0.00021417,0.00055054
1.2.840.113619.2.370.4.279707905.1579412159.261866.png,0.9233541,2.138e-05,0.95589554,0.99637365,4.044e-05,0.18017484,0.00106333,0.00026368,0.5482349,0.00021336,0.00047831,2.951e-05,1.882e-05,0.00032553,4.487e-05,0.01225285,6.24e-05,7.575e-05,2.32e-06
1.2.840.113619.2.370.4.279707905.1599445565.856868.png,0.25026268,6.41e-05,0.04030344,0.99238,1.127e-05,0.00372974,0.00017433,0.03477178,0.9918582,0.00408798,0.00077305,2.302e-05,4e-07,0.00580191,0.00034564,0.00048633,1.49e-06,1.96e-06,2.94e-06
1.2.840.113619.2.370.4.279707905.1601344518.182435.png,0.04837088,0.00013997,0.7534252,0.9430236,0.0062885,0.01627283,0.00711967,0.00390377,0.22033425,0.32132465,0.00027096,0.0030146,4.2e-07,0.0042369,2.809e-05,5.7e-06,5.153e-05,1.106e-05,6.11e-06
1.2.840.113619.2.370.4.279707905.1576596586.886629.png,0.02742775,0.01050265,0.15051952,0.02306241,0.01243967,0.00188835,6.007e-05,3e-08,0.00024945,0.32981017,0.00781759,0.00102552,0.0002307,0.10082101,0.00143662,5.624e-05,4.32e-06,0.00030111,0.00144963
1.2.840.113619.2.370.4.279707905.1588989317.568321.png,8.813e-05,0.94617933,3.46e-06,1e-08,5.1e-06,7.1e-06,0.0319042,0.00042058,0.00471031,0.00289914,0.013054,8.39e-06,0.00024134,0.00075491,0.0213755,6.8e-07,2.878e-05,0.00365204,7.613e-05
1.2.840.113619.2.370.4.279707905.1579662984.121982.png,0.5293919,0.1189458,0.01278463,3.64e-06,0.00024995,3.27e-06,0.11920957,0.00247357,7.54e-06,0.00021935,0.6594477,0.3063719,0.11656976,0.96063864,0.22847345,0.00094509,3.946e-05,0.00849339,0.02866
1.2.840.113619.2.203.4.279707905.1576529348.157927.1.png,0.14646265,0.00183738,2.848e-05,0.02555004,0.00151203,0.00117157,0.36787552,0.00797856,0.04102826,0.00626631,2.803e-05,2.66e-06,0.00070565,0.9475717,0.0005046,2.27e-06,1e-07,0.14055645,0.00013117
1.2.840.113619.2.370.4.279707905.1576483707.25847.png,0.99783194,0.00278187,0.05422246,0.0390304,0.00252617,0.00808925,0.00226135,0.07094412,0.2101797,0.00182061,0.00075764,0.00032907,0.00042569,0.06583903,0.00240313,0.00165453,0.03764431,0.7005561,8.529e-05
1.2.840.113619.2.370.4.279707905.1577588975.704184.png,0.9977022,1.132e-05,0.0084597,0.41884527,6.717e-05,0.00665392,0.00014071,5.7e-07,0.00375502,0.0003221,2.938e-05,5.254e-05,9.116e-05,0.9992593,9.34e-06,2.398e-05,3.1e-07,0.9976032,0.00015403
1.3.12.2.1107.5.3.56.1642.11.202003201601120531.png,0.9980094,2.23e-06,0.91975427,0.99990416,4.82e-05,0.0223884,0.00075666,0.00031318,0.00180688,4.571e-05,0.00019572,4.024e-05,8e-08,4.12e-06,8.1e-07,7.47e-06,0.0002739,1.62e-06,1.6e-07
1.2.840.113619.2.203.4.279707905.1576873122.359133.1.png,0.00722884,0.09448307,8.44e-06,0.00883181,0.05499693,5.767e-05,0.02707072,0.32899693,0.04515192,0.07839254,0.00016373,2.46e-06,0.00190875,0.19315217,0.00503231,6.59e-06,2.74e-06,2.65e-06,3.272e-05
1.3.46.670589.30.1.6.1.963334151171.1598711062218.2.png,0.00061137,7.67e-06,0.01982553,0.99197304,4.543e-05,0.1530089,0.00023676,0.06249534,0.00062837,2.674e-05,0.02260582,1.57e-06,0.00077507,0.00027218,2.17e-05,0.0191805,0.8077289,4.297e-05,0.01346795
1.2.840.113619.2.370.4.279707905.1589434840.274187.png,0.01507833,0.12068762,0.00309844,0.00093669,0.00551282,0.00548474,0.05983751,6.849e-05,0.00311818,0.15392734,0.31927082,0.00144787,0.00116234,0.08313308,0.01006758,0.00046157,0.00254323,0.1756356,0.00391498
1.2.156.112536.2.560.64226048152091077.1335032538200.241.png,0.8531284,0.13616279,0.5543168,0.9831165,0.00240601,0.25534752,0.00239214,0.08324606,0.00569019,0.0310254,0.00494513,0.00034632,0.00143397,0.02928971,0.00091625,0.0161417,0.01859191,7.213e-05,0.00156305
1.2.840.113619.2.370.4.279707905.1600046826.543748.png,0.0072608,0.8488598,0.15519086,0.00691115,0.17631884,0.01685224,0.84299654,0.02004127,0.00012123,0.00020454,0.4102796,0.01986433,0.02928065,0.00071975,0.01125274,0.0003705,0.00146116,4.29e-06,0.00052563
1.3.12.2.1107.5.3.33.2229.11.201912221326370546.png,0.00012684,0.00248637,0.00172512,0.00024527,0.00051704,0.00050127,0.00082041,7.934e-05,0.01272368,0.4277016,0.23260593,0.00261406,6.215e-05,0.5382313,0.00054351,1.515e-05,0.0149217,1.722e-05,1.15e-06
1.2.156.112536.2.560.64226048152091077.1334051120886.35.png,0.9830734,0.00070891,0.9313435,0.995054,0.0320371,0.20505615,0.02173297,0.01483181,0.63347787,0.01816188,0.000386,0.00024753,0.00015107,0.0613462,0.00164535,0.00724322,0.00190248,1.325e-05,0.0026708
1.3.12.2.1107.5.3.56.1642.11.202001101809110687.png,0.9999778,0.02185876,0.8924875,0.6248404,0.0048968,0.00578414,7.06e-06,0.00274957,1.833e-05,0.01266264,3.426e-05,3.278e-05,4.75e-06,0.02558514,3.448e-05,0.00101898,0.00573101,0.00082069,0.0011637
1.2.840.113619.2.370.4.279707905.1597886572.153508.png,0.01011859,0.43758652,0.01854587,0.7518357,0.00409541,0.02057941,0.0612351,0.9895536,0.04805328,0.00962738,0.00093208,3.999e-05,0.00038004,0.00075746,0.00101483,0.00151408,0.77468026,0.00023487,2.089e-05
1.2.840.113619.2.203.4.279707905.1574888541.740095.1.png,0.04890864,0.9986527,0.00078743,2.257e-05,7.79e-06,2.89e-06,0.00050033,1.49e-05,4.182e-05,7.7e-07,0.00220439,0.00505962,0.99966794,0.00883904,0.5209949,3.042e-05,6e-05,0.01351367,0.00115866
1.2.156.112536.2.560.64226048152091077.1335554998350.22.png,0.99905246,0.00054902,0.99493766,0.8943379,0.44940817,0.39050528,0.36561128,0.00104336,0.00727186,2.85e-06,0.01844634,0.00126142,0.00104652,0.01772372,4.478e-05,0.0005907,0.00110188,0.00013617,0.00077441
1.2.840.113619.2.370.4.279707905.1579497822.922807.png,3.839e-05,0.39468613,9.616e-05,1.29e-06,6.99e-06,0.00046523,0.8632775,1.247e-05,0.02133456,0.00624794,0.03079422,6.475e-05,4.615e-05,0.00097166,0.00051277,2.6e-06,2.129e-05,0.02293924,5.414e-05
1.2.840.113619.2.370.4.279707905.1576201991.654681.png,1.104e-05,0.84398633,0.00029428,8e-08,0.00014502,0.00125295,0.00972822,1.531e-05,0.00028704,0.07771351,0.46731827,0.00088095,0.00260142,0.00135914,0.01616026,2.48e-06,6.73e-06,5.617e-05,1.287e-05
1.2.840.113619.2.370.4.279707905.1581384618.611714.png,1.75e-06,0.99190485,3e-08,1e-08,2e-08,0.00044458,0.18906842,9.215e-05,0.0028847,0.00059253,0.02960966,0.00010251,0.58677006,5.722e-05,0.00018272,1.3e-06,9.067e-05,0.00015398,1.54e-06
1.2.840.113619.2.203.4.279707905.1575402360.291774.1.png,0.9986909,0.12721989,0.00021255,0.0027408,1.324e-05,0.01128216,0.07335248,0.0018536,0.9752832,0.00068515,4.53e-05,0.00016569,4.707e-05,0.12747087,0.00197947,8.355e-05,0.00020119,0.02433265,6.812e-05
1.3.12.2.1107.5.3.33.2229.11.202005231341590296.png,0.09816929,0.00033431,0.6699609,0.04660068,5.64e-06,0.2316735,0.00028131,0.02009797,0.00237437,0.04871473,0.00026415,0.0165379,0.00031196,1.691e-05,0.00036431,0.0005594,2.05e-05,1.825e-05,1.77e-06
1.2.840.113619.2.370.4.279707905.1575356441.995653.png,0.01259513,0.4337688,0.18060458,2.73e-06,0.0101581,0.00076109,0.31329504,0.00041038,8.7e-06,0.00041606,0.7838188,0.00141849,0.00019702,0.00777091,7.25e-05,1.59e-05,1.33e-05,0.00124112,8.576e-05
1.2.840.113619.2.203.4.279707905.1574884067.549667.1.png,0.10870146,0.9029374,0.00168073,1.7e-07,4.7e-07,9.848e-05,0.00012035,0.00019693,2.77e-06,0.00051146,0.00311199,0.28537184,0.93165785,0.54719794,0.00190275,5.2e-07,8.9e-07,0.01703687,0.00161988
1.3.12.2.1107.5.3.33.2229.11.202001281121350562.png,0.00096544,9.546e-05,0.00479818,9.56e-06,0.00010186,8.01e-06,0.9886032,0.00018988,0.00042575,7.19e-06,1.441e-05,0.9906724,0.99052584,0.00024522,1.11e-05,1.97e-05,0.00058092,9.04e-06,1.841e-05
1.3.12.2.1107.5.3.33.2229.11.202011220837060265.png,8.966e-05,0.89665025,0.00037716,0.93391925,0.00038903,4.306e-05,3.507e-05,0.7275679,0.00548432,8.8e-07,0.02188655,1.212e-05,0.8069366,8.9e-07,0.00213108,0.00406808,0.00015008,7.62e-06,1.61e-06
1.2.840.113619.2.203.4.279707905.1578340304.243492.1.png,0.91983944,0.00419788,0.04419091,0.26252952,0.0526824,0.62265384,0.22154003,0.5148809,0.42159724,0.07413099,0.0036161,0.00283741,0.00078587,0.00357848,0.00105568,0.00240373,0.00028903,0.00316168,0.00014771
1.3.46.670589.30.1.6.1.963334151171.1592221600109.2.png,0.00071798,0.00149003,0.01717142,0.8337604,0.00010008,0.18741573,0.00071514,0.52837306,0.2044769,0.00488869,0.15372162,3.71e-05,3.089e-05,0.00026408,0.00289234,0.05409338,0.02234792,0.00020818,0.00125186
1.2.840.113619.2.370.4.279707905.1574745042.225497.png,0.00213641,0.0424474,0.0031746,8e-07,9.366e-05,0.00088732,0.6093054,0.0023438,0.0006575,0.07782776,0.01733003,0.86601937,0.9832544,0.10109181,6.235e-05,0.00013452,1.809e-05,0.00132522,1.752e-05
1.3.12.2.1107.5.3.56.1642.11.202004021507370390.png,0.2032239,0.02834455,0.00101992,1.048e-05,0.00854246,1.01e-06,0.5053708,0.00089952,2.858e-05,1.2e-07,0.00316244,0.9506761,0.81342834,3.551e-05,0.5276588,0.00182861,0.00027971,5.088e-05,6.042e-05
1.2.840.113619.2.370.4.279707905.1578100069.519439.png,0.00830492,0.852464,0.00349374,3.98e-05,0.00080421,0.00010241,0.16448674,0.00017752,8.215e-05,4.49e-06,0.8149866,0.941722,0.2476305,0.00126742,0.10168693,0.00093099,0.00062473,7.6e-06,0.00049633
1.2.840.113619.2.203.4.279707905.1605555153.774440.1.png,0.00022819,0.00010477,0.00641857,0.8496764,7.086e-05,0.01071136,0.5936772,0.14083216,0.99995714,0.00843206,3.5e-05,1.86e-06,3.57e-06,3.4e-06,0.00019043,0.0003423,0.0026872,0.00069667,8.18e-06
1.3.12.2.1107.5.3.56.1642.11.202008141224290078.png,0.6241288,0.00271354,0.0254054,0.11946741,0.01036377,0.5872103,0.028344,0.57040626,0.00929347,0.16265993,0.00092288,0.00317268,4.097e-05,0.02066712,0.00012417,5.321e-05,0.06582826,0.00912803,0.00087356
1.2.840.113619.2.203.4.279707905.1574881633.303484.1.png,0.9993573,0.47752845,0.00172374,0.00375076,0.00064351,0.00828485,0.00210836,0.00064,0.00042081,0.00017948,0.00430262,0.00463622,0.0003023,0.72649103,0.00175934,0.00104203,0.00042773,0.01066976,0.00041732
1.2.840.113619.2.370.4.279707905.1597885142.837151.png,0.59769726,0.91973525,0.0029277,0.00076391,8.158e-05,5.133e-05,0.00183776,0.00030485,0.00033301,0.08001885,8.8e-05,0.00133284,2.08e-06,0.00087909,0.28411773,0.00059268,0.00318702,0.00011317,0.00092975
1.2.840.113619.2.370.4.279707905.1590366705.505204.png,0.06224186,0.16894048,0.00656822,4.381e-05,0.16155775,0.74103194,0.03766241,0.00022952,0.00084399,0.4279399,9.714e-05,0.0008386,5.738e-05,0.00376423,0.00350064,0.00145991,1.739e-05,0.7804942,0.00129356
1.3.12.2.1107.5.3.56.1642.11.202008241552510453.png,0.99983895,0.00029849,0.9302541,0.9995086,0.062152,0.00010867,0.09336357,7.04e-06,2.4e-07,6.97e-06,0.00020557,9.864e-05,9.586e-05,6.609e-05,0.00052093,0.27538675,0.04909123,3.001e-05,9.215e-05
1.2.840.113619.2.370.4.279707905.1578657145.605717.png,0.00092166,0.71196294,0.03419596,1.43e-06,0.00236002,0.00186599,0.1967099,0.00341021,0.00040944,0.00193726,0.93375075,0.04734691,0.05977781,0.0226949,0.00014474,0.00011258,9.613e-05,0.00054821,0.0003054
1.2.840.113619.2.370.4.279707905.1585444776.773641.png,0.00067446,0.7842622,0.00012417,1.5e-07,0.0001446,0.00685266,0.02592714,0.10380351,0.00033492,0.5896492,0.02794128,0.00068204,0.00667884,0.07847847,0.05810602,8e-07,0.00010308,1.46e-06,0.00459984
1.2.840.113619.2.370.4.279707905.1575434949.687055.png,0.00063302,0.00045851,0.06609868,0.00078996,0.14444359,0.9773818,0.89246494,8.509e-05,0.00141126,0.9993578,0.00500698,0.00017652,0.00067625,0.06669353,0.00070615,2.632e-05,0.000542,0.00615717,5.437e-05
1.2.840.113619.2.370.4.279707905.1605410020.325401.png,0.01107995,0.9973066,0.00098629,0.00024522,2.653e-05,1.702e-05,0.01837121,4.13e-05,3.691e-05,0.001208,0.00032432,0.00095967,0.6711071,0.00180126,0.9849547,0.00115315,9.672e-05,0.00019263,0.00075061
1.2.840.113619.2.370.4.279707905.1599886873.498661.png,0.03638927,0.0153594,0.05669722,0.00014933,0.02708123,0.01075576,0.22493777,0.00145872,0.00143907,0.10384244,0.08039608,0.03293146,0.00767468,0.08614773,0.00190674,0.00029781,1.209e-05,7.914e-05,7.327e-05
1.3.12.2.1107.5.3.56.1642.11.202004081609300281.png,0.03722982,0.18385826,0.00167731,0.01401524,0.00091739,0.00159502,0.1555572,0.05826173,0.10314712,0.4846171,0.0085677,0.00568483,4.974e-05,0.00946038,0.00052443,0.00139197,0.11182804,0.00117003,0.00014646
1.2.840.113619.2.370.4.279707905.1577642875.975266.png,0.7095082,0.7522734,0.00123027,0.08099004,0.00076805,0.00070335,0.00111189,0.00022297,0.00045284,0.02026972,0.09818778,0.00025206,0.00175667,0.04068545,0.9051518,0.0008751,0.00321098,2.343e-05,0.00062141
1.2.840.113619.2.370.4.279707905.1593481482.466964.png,0.9883708,0.06138095,0.9398173,0.84431136,7.46e-06,0.00018117,0.00015642,0.00353044,9e-08,0.00232501,2.144e-05,2e-08,1e-08,0.00212302,0.00056052,0.00038728,6.72e-06,6.4e-07,0.00697005
1.2.840.113619.2.370.4.279707905.1599534492.316339.png,0.25503534,2.3e-07,0.16433084,0.99999976,2.5e-07,0.00121234,2.176e-05,0.00044353,0.9983752,0.00012157,2.776e-05,3e-08,0.0,1.609e-05,3.71e-06,0.00090759,5e-08,6e-08,1.74e-06
1.2.840.113619.2.203.4.279707905.1596652233.675066.1.png,0.997555,0.22393683,0.00442662,0.00127852,1.311e-05,0.00208112,0.00012081,0.00011269,0.03246853,0.00086471,4.995e-05,0.00022558,0.0064214,0.843161,0.00320929,2.576e-05,0.00021151,0.2179062,0.00052335
1.2.840.113619.2.203.4.279707905.1574980194.754582.1.png,0.9997695,1.845e-05,0.99735266,0.90718794,0.2830076,0.58298165,0.19849928,0.6508983,0.9863516,0.00034728,6.06e-06,0.00034953,0.00024233,2.463e-05,6.76e-06,0.00046431,4.411e-05,3.43e-05,3.21e-06
1.2.840.113619.2.370.4.279707905.1604286270.318188.png,0.08422984,0.01789174,7.85e-06,0.18515824,0.00525015,0.00827071,0.5031672,0.87017864,0.34595835,0.00066758,0.00649267,4.25e-05,0.00086161,0.0104855,0.01819192,9.404e-05,8.39e-06,4.77e-06,9.686e-05
1.2.840.113619.2.370.4.279707905.1599807920.169181.png,0.00222612,0.93756235,0.01367413,0.00031959,0.00126187,5.051e-05,0.01823175,0.00012043,0.00010273,0.01695764,0.00020858,0.06448497,0.21948487,0.00056027,0.96741104,0.00107243,0.006119,4.99e-06,0.0003205
1.2.840.113619.2.370.4.279707905.1605251002.761979.png,0.02802134,0.0002365,0.16249448,0.9718674,0.00040061,0.00467468,0.00131138,0.00123372,0.9585412,0.00385824,0.00452369,0.00643075,4.4e-07,0.00015935,0.00027206,0.00034489,3.16e-06,1.54e-06,1.72e-06
1.2.840.113619.2.203.4.279707905.1575404250.905513.1.png,0.00639398,0.09399347,0.00053443,0.4125248,0.75241333,0.74200433,0.4177809,0.95234704,0.1417194,0.1767112,0.02447615,0.00072701,0.00021717,0.00025458,0.00011938,6.83e-05,3.49e-05,5.817e-05,2.77e-06
1.2.840.113619.2.370.4.279707905.1576484145.765527.png,0.17212547,0.00036994,0.0530663,0.53810483,0.00013137,0.00093439,0.16735162,0.01853676,0.5561116,0.03284643,0.00010568,6.51e-06,6.17e-06,0.0006067,0.0035437,0.00070682,0.00040796,0.00031305,1.186e-05
1.2.840.113619.2.370.4.279707905.1602397204.480764.png,0.00820405,0.00484978,0.0050161,0.9617926,3.5e-07,4.644e-05,0.00037927,0.01720708,0.8536378,0.11681883,9.5e-07,3e-07,4e-08,2.79e-06,0.05444687,0.00068763,5.24e-06,1.16e-06,2.8e-06
1.2.840.113619.2.370.4.279707905.1574753248.664005.png,0.00770701,0.01702513,0.09217688,0.00029235,0.01004663,0.01800596,0.0928016,1e-08,6.164e-05,0.00626116,0.37792072,0.0211739,0.00011528,0.00063596,0.00012385,0.00027365,1.581e-05,0.0004166,2.34e-06
1.2.840.113619.2.370.4.279707905.1578365798.2882.png,0.1085231,0.07787093,0.01027343,0.0407354,1.398e-05,3.92e-06,0.04033649,0.00423693,0.9354725,0.00017314,0.02523453,1.326e-05,1.6e-07,1.815e-05,0.00154554,4.067e-05,4.24e-06,3.2e-07,1.762e-05
1.2.840.113619.2.370.4.279707905.1596073789.414849.png,0.16245064,1.334e-05,0.03765291,1.1e-06,0.00025319,0.03694593,0.94914794,0.30627906,0.010764,0.04150994,0.1626634,0.02198518,0.00033057,0.14746259,2.651e-05,3.17e-06,0.00017082,0.00013847,0.00296128
1.2.840.113619.2.203.4.279707905.1575055891.43611.1.png,0.03877249,0.00344362,8.742e-05,0.00446945,0.03284702,4.896e-05,0.00710629,0.01624634,0.00290109,0.03072938,0.00034218,6.503e-05,0.00049943,0.5484866,0.00032977,5.75e-06,7.88e-06,0.00090075,2.99e-05
1.3.12.2.1107.5.3.33.2229.11.202006291454470531.png,0.13016818,0.00015219,0.00309241,0.12884966,0.08290234,0.51384425,0.19603658,0.17024057,0.9875945,0.02789912,0.00069336,0.18164298,6.071e-05,0.00035224,0.00019008,0.00126439,0.00011846,0.00016484,3.55e-06
1.2.840.113619.2.370.4.279707905.1601791708.124293.png,0.0001538,0.99987304,3.5e-07,1e-08,0.0,0.00080491,0.00237295,0.00045514,6.15e-05,0.00035762,4.041e-05,0.0028136,0.91890234,0.0018981,0.00019316,2.2e-07,0.00010821,4.301e-05,0.00055651
1.2.840.113619.2.203.4.279707905.1575585252.113206.1.png,0.96678674,0.00132174,0.00717655,0.20872062,0.8966774,0.85050666,0.15624581,0.998147,0.05647993,0.011205,0.00028779,3.095e-05,0.00034142,0.00163388,0.0003121,0.00154986,0.10637817,0.00694932,0.0001343
1.2.840.113619.2.370.4.279707905.1576725037.805333.png,0.9999113,2.8e-07,0.99993014,0.96545506,0.9967037,0.9998417,0.99978685,0.00017795,0.12481347,7.93e-06,2.083e-05,0.00443017,0.00010561,0.00011695,9.5e-07,0.04628045,3.056e-05,5.6e-06,0.00016847
1.2.840.113619.2.370.4.279707905.1605857385.602401.png,0.04174484,0.9780221,0.00042283,4.025e-05,0.00445595,5.8e-07,0.01791281,9.27e-06,8.036e-05,0.00380892,0.03042299,0.5439022,0.0001761,0.00100251,0.987761,0.00056288,0.00161004,1.8e-07,7.399e-05
1.2.840.113619.2.370.4.279707905.1605161573.887541.png,0.34322065,0.10369018,0.00329705,0.95910233,0.00022383,0.00179065,0.00249117,0.01994286,0.5745552,0.00042911,0.00035545,5.9e-05,3.1e-06,0.00010056,0.00045741,0.000595,0.00240327,0.00012577,1.002e-05
1.2.840.113619.2.370.4.279707905.1590545388.645057.png,0.1076776,0.11843607,0.00369461,5.51e-06,0.00011948,0.02805723,0.0423828,0.4280215,0.01255144,0.05390024,0.00269227,0.00186595,9.47e-05,0.01718098,0.04676772,0.0001746,4.576e-05,0.00243389,0.02135863
1.2.840.113619.2.370.4.279707905.1575419782.754451.png,0.01308828,0.99742013,0.00382746,0.0,7.883e-05,2e-06,0.0061783,4.204e-05,3.28e-06,0.00836786,0.03869627,0.01004747,0.08408882,0.1204754,0.74342406,1.377e-05,4.669e-05,4.528e-05,0.00142821
1.3.46.670589.30.1.6.1.963334151171.1599913837093.2.png,0.01316596,0.000725,0.01896563,2.08e-05,8.569e-05,0.00053717,0.7511021,0.00046652,1.368e-05,2.852e-05,0.4340816,0.00028188,0.00044781,0.00082713,0.00020569,1.236e-05,0.02149845,7.4e-07,0.04285792
1.2.840.113619.2.370.4.279707905.1578982514.828591.png,0.06868284,0.00877903,0.00015911,0.09056845,0.00924473,0.00181848,0.07309471,2.215e-05,0.02509388,0.00847278,0.02426928,3.813e-05,4.051e-05,0.86511934,0.00067858,3.318e-05,3.2e-07,2.274e-05,0.00011821
1.2.840.113619.2.203.4.279707905.1587741312.197314.1.png,0.8847025,0.01154005,0.7123903,0.01970095,0.14187773,0.03255843,0.38504136,0.89859,0.26464224,0.02173898,0.00017484,2.92e-05,2.963e-05,0.00011581,2.646e-05,0.00042589,0.00109993,1.78e-06,0.00038919
1.2.840.113619.2.370.4.279707905.1596257887.170536.png,0.5702767,0.002528,0.11775254,0.06728106,0.26558733,0.5556898,0.7989499,0.149203,0.74111307,0.94345313,0.00214482,0.07561366,0.00040141,0.01552713,0.00035492,0.00272822,0.00020142,0.00084666,0.00015924
1.2.840.113619.2.370.4.279707905.1601435537.810779.png,0.0066738,0.19640046,0.0525037,0.04064417,0.00088046,4.531e-05,0.00276387,3.41e-06,0.0796185,0.00190569,0.3821674,0.02090748,1.16e-06,0.00040795,0.14014056,0.00031249,3.488e-05,3.37e-06,9.14e-06
1.2.840.113619.2.370.4.279707905.1604026276.725795.png,0.27045792,0.00082267,0.01629728,0.7565842,0.00518173,0.0003949,0.15561996,0.0019676,0.7423776,0.00065677,0.00015987,2.173e-05,0.001145,0.00051553,0.0260525,0.0007153,0.00109894,2.162e-05,0.00049316
1.2.840.113619.2.370.4.279707905.1579154858.178743.png,0.76674104,0.00337081,0.00035031,0.00016417,2.72e-06,2.335e-05,0.00719912,0.00013157,0.0537835,0.15005626,0.00646684,0.00044486,2.111e-05,0.9998354,0.00038372,4.002e-05,4.6e-07,0.00015637,0.00067162
1.2.840.113619.2.370.4.279707905.1605582346.932773.png,0.999658,0.20887282,0.16555846,0.05094892,0.04144838,0.45597497,0.00283685,0.00127212,0.12292615,0.00314501,7.226e-05,0.00030535,8.437e-05,0.19955365,0.01862462,0.00215243,0.01024572,0.00015764,0.00038844
1.2.840.113619.2.203.4.279707905.1578510492.603156.1.png,0.17933805,0.00373168,5.9e-07,7.8e-07,0.00116368,3.64e-06,0.8615482,0.00297702,0.9824577,0.04470516,8.764e-05,0.01712639,0.00430538,0.94517887,0.00652108,4.49e-06,2.513e-05,3.539e-05,0.00010156
1.3.12.2.1107.5.3.56.1642.11.202010281528450359.png,0.08959011,0.13872726,0.0082629,0.00142442,0.00156084,0.00024015,0.44736084,0.00140577,0.00289591,0.00135769,0.21315607,0.888492,0.8042944,0.00184147,0.01388191,3.85e-05,0.00902885,3.463e-05,7.296e-05
1.2.840.113619.2.370.4.279707905.1604449110.642284.png,0.05768152,0.01373889,0.0017613,0.05520238,4.729e-05,8.615e-05,0.00263781,0.00011394,0.53922623,0.00386668,0.26706767,0.00321921,9.4e-07,0.01543326,0.00258329,0.00186894,7.2e-06,7.85e-06,7.9e-07
1.2.840.113619.2.370.4.279707905.1578706232.648230.png,0.40346563,0.03255914,0.07454452,0.13787246,0.00016965,0.00554814,0.00030384,5.7e-07,6.753e-05,0.3501051,0.00169071,1.626e-05,0.00023258,0.9999378,0.00017009,1.568e-05,1.15e-06,0.00024954,0.00038525
1.2.840.113619.2.370.4.279707905.1605583212.403453.png,0.5330256,5.741e-05,0.30869666,0.9978447,2.062e-05,0.05562471,0.0006005,0.00190539,0.21366732,0.03237876,0.00084282,0.00129788,2.172e-05,0.00786759,5.043e-05,0.00231331,1.002e-05,0.00011114,6.03e-06
1.2.840.113619.2.370.4.279707905.1578373750.490971.png,0.6293913,2.994e-05,0.06001256,0.8882153,0.12123532,0.19851528,0.00173464,0.00872498,0.02301896,0.1425783,0.00058439,0.00106698,2.591e-05,0.092108,0.00153912,0.0009753,1.975e-05,9.82e-06,5.605e-05
1.2.840.113619.2.370.4.279707905.1601348245.547786.png,0.03843486,0.26448923,0.21565144,5.045e-05,0.00164104,1.117e-05,0.00565708,0.00911873,0.0011151,7.827e-05,0.74937147,0.9933455,2.02e-05,0.00106161,0.00205254,1.176e-05,1.332e-05,1.6e-06,7.8e-06
1.3.46.670589.30.1.6.1.963334151171.1604929291390.2.png,0.99976975,1.204e-05,0.9954419,0.99585986,0.00130651,0.00195283,0.00057637,0.00028604,0.00013434,6.6e-06,0.0009531,0.00043087,0.00010651,4.32e-05,3.25e-06,8.619e-05,0.00052971,0.00200991,2.621e-05
1.3.12.2.1107.5.3.33.2229.11.202001051412410781.png,0.6796428,0.7524929,4.795e-05,0.06976218,6.214e-05,0.00079501,0.14518914,0.00211667,0.06847968,0.0028384,6.292e-05,4.865e-05,3.004e-05,0.10237569,0.44442156,0.00080438,5.258e-05,0.00035044,0.00028886
1.2.840.113619.2.370.4.279707905.1604299070.15847.png,0.45319447,5.28e-06,0.0447853,0.9972264,0.00031454,0.01056377,0.00129528,0.02313012,0.9859548,0.00158549,0.00133458,0.00050454,3.2e-07,0.0216179,6.603e-05,0.00022852,1.145e-05,2.32e-06,1.22e-06
1.2.840.113619.2.370.4.279707905.1577220972.241782.png,0.03232778,0.03516232,7.11e-06,0.0053903,0.0127159,0.00159098,0.44814813,0.89862067,0.11638024,0.00309727,0.00322463,0.00430572,0.00302879,0.17827134,0.00100477,0.00013145,3.85e-06,0.00035915,0.00016625
1.2.840.113619.2.370.4.279707905.1599282805.188915.png,0.03511094,0.1269967,0.31315544,0.05646642,0.42708609,0.05663918,0.31939545,0.00329316,0.00096573,0.00241999,0.06756868,0.01896851,0.00079539,0.00063984,0.00102726,0.00557664,0.02783078,4.529e-05,0.00071298
1.2.840.113619.2.370.4.279707905.1583199300.721552.png,0.24698292,0.00121725,0.00320617,0.6501051,0.00048562,0.00080429,0.42311075,0.00164692,0.0362297,0.07322327,0.00457729,1.416e-05,5.903e-05,0.00725186,0.00044614,4.086e-05,1.596e-05,8.359e-05,2.411e-05
1.2.840.113619.2.370.4.279707905.1576284495.493569.png,0.00010558,0.00154202,5.661e-05,5e-08,0.00385067,1.2e-07,0.02254416,0.08678952,0.02374126,3.992e-05,0.01263294,0.00031921,0.00025494,0.01352188,0.00388321,3.42e-06,5.573e-05,0.16250317,0.00183091
1.2.840.113619.2.203.4.279707905.1574780813.985065.1.png,0.06168488,0.00068528,0.03802403,2.056e-05,0.01230855,0.00446568,0.7064182,0.22283576,0.30874863,0.00996484,0.00448838,0.97678703,0.9923039,0.01772804,0.00076052,0.00011748,5.384e-05,0.00039167,9.151e-05
1.2.840.113619.2.203.4.279707905.1575663255.32975.1.png,0.8410457,0.01146663,0.23273174,0.61195433,0.82741725,0.41830027,0.4882118,0.28262892,0.02348408,0.00134206,0.02039141,0.00184391,0.00013697,0.00202223,4.424e-05,4.041e-05,0.0002309,2.799e-05,3.473e-05
1.2.840.113619.2.370.4.279707905.1578471347.612925.png,0.00093938,0.00349036,0.00385863,0.00081093,0.0784202,0.02682743,0.09222092,1.49e-06,0.01068784,0.47964415,0.3914688,0.0296104,6.181e-05,0.01194225,0.00115295,3.623e-05,0.00045926,0.00087426,8.73e-06
1.2.840.113619.2.370.4.279707905.1576983391.421221.png,4.14e-06,0.30313057,0.00153583,0.00280221,4.31e-06,0.00137544,0.00114696,0.00072296,2.097e-05,0.6811826,0.313873,6.81e-06,0.00020082,0.06335239,2.977e-05,2.714e-05,8.81e-06,4.8e-07,2.2e-07
1.2.840.113619.2.370.4.279707905.1580006459.12200.png,0.09885477,0.00442029,0.10486273,8.44e-06,0.00034296,8.738e-05,0.03187787,0.00215383,2.783e-05,0.00181586,0.3500944,0.6973579,0.00040033,0.03429846,0.00069243,7.585e-05,6.88e-06,0.00033907,5.175e-05
1.2.840.113619.2.370.4.279707905.1575853712.630442.png,0.979423,0.00032411,0.67616546,0.99866027,0.03214873,0.01062387,0.00064015,2.202e-05,0.05101708,0.00074637,0.00049237,0.00258786,0.00407388,0.09595972,0.00016246,0.00649528,8.498e-05,2.159e-05,0.00446726
1.2.840.113619.2.370.4.279707905.1602307960.515223.png,0.03514566,0.9945682,0.01735539,2.768e-05,2.989e-05,2.1e-07,0.00103651,8.14e-05,0.00016415,0.00220389,1.2e-05,0.00069817,1.781e-05,0.00073732,0.9641081,0.00081529,0.00011793,4.6e-06,0.02394854
1.2.840.113619.2.370.4.279707905.1576216221.188546.png,0.01204157,0.69248736,0.00016827,0.00026282,0.00089555,6.887e-05,0.21949042,0.00026649,0.00551386,0.06931045,0.01940203,4.572e-05,0.00042654,0.00246587,0.53701174,0.00023035,0.00426947,4.096e-05,0.00063353
1.2.840.113619.2.203.4.279707905.1578343497.856303.1.png,3.46e-06,0.00038166,8.1e-07,1.41e-06,0.00011656,0.00015813,0.0179139,0.09817606,0.01951402,0.00111886,0.00019596,0.00035924,0.00347382,0.00038995,0.00058606,6.61e-06,2.52e-05,0.95462227,6.34e-06
1.2.840.113619.2.203.4.279707905.1578596581.771221.1.png,0.05112042,4.816e-05,0.00947096,0.00209712,2.543e-05,0.00861253,0.02102057,0.18640886,0.8156923,0.00897155,0.00391575,4.549e-05,1.11e-05,0.03721798,0.0003517,2.812e-05,7.5e-07,2.119e-05,2.52e-06
1.2.840.113619.2.370.4.279707905.1596159208.172656.png,0.09818108,0.2753914,0.60501057,0.00011648,0.00591772,0.00026434,0.08438506,4.147e-05,0.00062059,0.00027296,0.00086376,0.9955266,0.75308496,0.00106776,0.04490315,0.00041778,0.00097716,0.00017464,0.00013438
1.2.840.113619.2.370.4.279707905.1578451073.773902.png,0.05973993,0.00054304,0.00949907,0.05235926,0.0020891,0.9843179,0.49569672,0.95526,0.14367358,0.9787123,0.00107245,0.00047848,0.00016128,0.05376309,4.375e-05,0.00016629,3.932e-05,5.848e-05,4.038e-05
1.2.840.113619.2.203.4.279707905.1576012550.418860.1.png,0.9354709,0.6425845,0.05142896,0.00010331,4.085e-05,0.297349,0.00028551,1.8e-06,0.01091681,0.03644182,0.00019376,0.00920181,0.09546006,0.08866495,0.00023847,5.8e-06,3.98e-06,0.02030445,0.00011539
1.2.840.113619.2.203.4.279707905.1577824233.472831.1.png,0.00136975,0.35106692,0.00123003,6.548e-05,0.0081057,7.03e-06,0.16476992,0.17539895,0.00531753,0.00035543,0.00043334,0.00285742,0.01826036,0.0276946,0.33974972,0.00013102,0.00033986,0.00400914,0.00954933
1.2.840.113619.2.203.4.279707905.1576700439.519168.1.png,0.01723259,0.00160889,3.73e-06,0.00778938,0.02811666,0.0024819,0.61888176,0.98871666,0.9386084,0.01103078,0.00065885,2.998e-05,0.00067638,0.0054962,0.00502834,7.626e-05,0.00018589,0.00066078,5.346e-05
1.2.840.113619.2.203.4.279707905.1575498543.468622.1.png,0.03734842,0.00195038,0.0003078,3.649e-05,0.00071355,0.00021953,0.00303138,0.00031129,0.00293077,0.02562621,0.0021966,0.00289398,2.11e-05,0.10101501,0.00086685,0.00037942,6.331e-05,0.6226394,7.804e-05
1.2.840.113619.2.370.4.279707905.1605580971.71808.png,0.0337272,0.6244336,0.0003897,0.00063645,8.725e-05,0.00174193,0.00977381,1.453e-05,0.02501934,0.1909753,0.00124789,0.00034707,0.00021015,0.02091423,0.02527917,0.00056338,0.00018793,0.15568753,0.00033675
1.2.840.113619.2.370.4.279707905.1599698700.233255.png,0.9975204,0.01939528,0.9998186,0.00179247,5.6e-07,5.8e-07,9.27e-06,6.3e-07,3e-07,0.00026706,1.621e-05,0.5938144,1.016e-05,0.00095897,0.00028641,0.00053658,2.128e-05,1.13e-06,0.00069043
1.2.840.113619.2.370.4.279707905.1579954433.902623.png,0.00043523,0.99900013,3.7e-07,0.0,2e-08,1e-08,0.00132405,9.7e-07,1.74e-06,2e-08,0.00523679,0.01116769,0.9953199,0.00011382,0.01939052,6.74e-06,1.65e-06,0.0030229,1.3e-06
1.2.840.113619.2.370.4.279707905.1576891942.826453.png,0.00036096,0.8388409,8.715e-05,1e-08,4e-06,8.93e-06,0.35670936,5.3e-06,0.00240156,0.00318211,0.62629896,0.00052718,6.321e-05,0.0153263,0.00306199,3.9e-07,2.06e-06,0.00420403,6.088e-05
1.2.840.113619.2.370.4.279707905.1582349666.19145.png,0.4293203,1.973e-05,0.7493043,0.9974596,0.00019692,0.087046,0.00309154,0.00028468,0.31778985,0.00024773,0.00090804,1.504e-05,3.163e-05,0.00074396,0.00025233,0.01729578,2.793e-05,1.225e-05,3.41e-06
1.3.12.2.1107.5.3.33.2229.11.202001280850490421.png,0.02478517,0.00016241,0.001025,0.4823026,0.0042082,0.00060224,0.2025878,0.00150964,0.01877127,0.0301262,0.04889589,0.0021093,0.00159312,0.00508209,0.00033323,2.585e-05,0.00749935,0.00023799,1.182e-05
1.2.840.113619.2.370.4.279707905.1574748602.502270.png,0.82585174,0.1983739,7.8e-06,1e-08,9.2e-07,4.007e-05,0.94514817,0.11773033,1.205e-05,0.00112504,0.00429663,0.02875667,0.00643994,0.9541934,0.01036134,1.339e-05,3.11e-06,0.00017079,0.5691909
1.3.12.2.1107.5.3.56.1642.11.202008281550060171.png,0.11686746,0.95597947,3e-06,0.09271027,0.00866603,2.68e-06,0.20579565,0.01100979,0.20626146,0.00074829,0.00015516,0.22098695,0.99971306,0.00010719,0.00912384,4.66e-06,5.951e-05,6.04e-06,1.728e-05
1.3.12.2.1107.5.3.56.1642.11.202006050923290546.png,0.16304396,7e-08,0.31038332,0.9998152,7.85e-06,0.00019867,5.272e-05,0.03892843,0.57786375,0.01571204,1.295e-05,1.319e-05,1e-07,1.6e-07,3.92e-06,5.299e-05,1.875e-05,2.14e-06,0.0
1.2.840.113619.2.370.4.279707905.1601773540.887287.png,0.03396022,0.03385702,0.01729443,8.2e-07,3.867e-05,8.988e-05,0.0602768,6.6e-06,6.593e-05,0.00035337,0.0046194,0.993107,0.99838454,0.0094482,0.00334084,0.00022525,2.226e-05,0.00168734,4.861e-05
1.2.840.113619.2.203.4.279707905.1575054447.418449.1.png,0.0962627,0.9961284,0.24822456,0.00011386,0.00165886,0.00788232,0.00142744,0.00014634,1.69e-05,0.0003188,4.23e-06,0.00259507,0.9969006,0.00042517,0.00117734,1.555e-05,0.02682534,0.00134221,0.0002107
1.2.840.113619.2.370.4.279707905.1597806258.964157.png,0.01837015,0.64163136,0.00468666,0.0001366,0.13475223,0.000342,0.44730377,8.212e-05,0.00201169,9.842e-05,0.82724327,0.9976036,0.208426,0.00095096,0.00970106,0.00037507,0.00038873,9.3e-07,6.017e-05
1.2.840.113619.2.370.4.279707905.1595983039.685198.png,0.00022542,0.00467851,0.00021575,0.00040726,4.79e-06,0.0020305,0.80900973,3.525e-05,0.26830935,0.38614672,0.02581049,0.00013862,9.97e-06,0.00489349,0.00059659,8.608e-05,0.00013544,0.00850319,5.888e-05
1.2.840.113619.2.370.4.279707905.1600395948.278084.png,0.00034236,0.9980015,8.425e-05,2.522e-05,0.0007607,2.53e-05,0.45244157,0.00065461,0.00184754,0.0002882,0.99078673,0.03866044,9.282e-05,0.0025293,0.01853053,8.096e-05,5.123e-05,9.5e-07,2.758e-05
1.2.840.113619.2.203.4.279707905.1579720145.335292.1.png,0.64298695,0.7793939,0.00160902,0.00032252,0.01313067,0.02071657,0.00467558,0.02560964,0.0062336,0.16316144,0.03216308,0.00330383,0.00118819,0.11337315,0.22092453,0.00176212,0.00022357,0.0020395,0.00125306
1.2.840.113619.2.370.4.279707905.1574648297.548148.png,0.0475128,0.07241471,2.114e-05,3.04e-06,0.0083862,2.639e-05,0.36935037,5.51e-06,0.00109718,0.00387607,0.22498687,0.11381771,4.141e-05,0.17108884,0.03489154,0.00395404,1.6e-06,0.0001099,1.985e-05
1.2.840.113619.2.370.4.279707905.1600044394.525104.png,0.00626108,0.00640675,0.10730216,0.9563759,0.00051203,0.00485529,0.0024955,0.00051986,0.94717306,0.00014948,0.13627191,5.493e-05,3.5e-06,0.0012814,0.00026864,0.00075656,4.76e-06,1.12e-06,6.073e-05
1.2.840.113619.2.203.4.279707905.1578340405.926153.1.png,0.00332408,0.09626031,1.77e-06,5.767e-05,0.00020457,0.04989876,0.00027998,0.38750416,0.0014372,0.0059237,0.00038976,0.0004302,0.0115499,0.00271458,0.0001506,2.547e-05,1.93e-06,0.10161815,7.77e-06
1.3.12.2.1107.5.3.33.2229.11.202010081006070187.png,0.02579431,0.07102378,0.01077167,0.00151911,0.01335452,0.06168328,0.49947423,0.00248889,0.00934602,0.14715983,0.42833933,0.2159118,0.00956324,0.02879325,0.00107701,0.00045036,0.00114723,0.00057951,0.00012307
1.3.46.670589.30.1.6.1.963334151171.1578470003593.2.png,0.0002256,8.1e-07,0.0058944,0.9928842,5.26e-06,0.00227838,0.02220306,2.403e-05,0.00013653,1.755e-05,6.081e-05,5.4e-07,2.86e-06,3.1e-07,3.74e-06,7.5e-06,0.99713576,4.3e-07,1.201e-05
1.2.840.113619.2.370.4.279707905.1577207648.282050.png,0.02525172,0.29974264,0.00771839,7.7e-07,2.774e-05,1.214e-05,0.0867705,0.00166439,5.477e-05,4.25e-06,0.02383761,0.04181174,0.7494589,0.0893097,0.01023899,4.593e-05,2.926e-05,0.09558504,0.01498907
1.2.840.113619.2.370.4.279707905.1596764768.116854.png,0.7243652,0.12949258,0.00627517,0.01182821,0.00304394,0.00025518,0.02602445,1.873e-05,0.00010147,0.6287563,0.06598676,0.00225698,0.00072928,0.18129703,0.3428198,0.00040827,0.00185684,1.762e-05,0.00125534
1.2.840.113619.2.370.4.279707905.1576288183.157901.png,0.03225806,0.00024185,0.04151069,0.3065076,0.00051207,0.0452259,0.1074936,0.04851004,0.08845742,0.08878394,0.00025421,5.73e-05,6.036e-05,0.00073707,0.00077638,0.00198605,0.00022144,0.01272938,4.353e-05
1.2.840.113619.2.370.4.279707905.1600566421.883633.png,0.37117183,0.0157784,0.49851373,1.1e-07,0.01046626,0.02650925,0.6070457,0.01170028,0.00472625,0.00080771,0.03076948,0.24298783,0.02234174,0.34577885,0.00018336,0.0001244,2.805e-05,0.00884113,0.0054175
1.3.46.670589.30.1.6.1.963334151171.1598877761031.2.png,0.9325319,0.00180715,0.93246967,0.05294258,0.30455893,0.04951342,0.00032291,0.09591964,0.00102478,0.0020563,0.00186092,0.00037177,2.661e-05,0.00196251,0.00034044,0.00602787,0.00178746,0.0006274,0.35572433
1.2.840.113619.2.370.4.279707905.1576040545.825777.png,0.2723285,0.02146745,0.00026934,0.04120778,0.00134872,1.7e-06,0.00316493,9e-08,0.00031603,0.02507774,0.00036881,8.2e-06,1.84e-06,0.03037517,0.15506573,0.00236579,1.228e-05,9.32e-06,3.646e-05
1.3.12.2.1107.5.3.56.1642.11.202008051622120671.png,0.9551793,0.00225491,0.86507857,0.9805498,0.08852213,0.2912851,0.0535603,0.09726122,0.00168022,0.02611919,0.00266004,0.00082337,0.00020609,0.00335673,0.00156088,0.17250863,0.03381593,0.00293647,0.00504881
1.2.840.113619.2.370.4.279707905.1604471335.902786.png,0.22555871,1.4e-06,0.00896129,0.99999535,1.76e-06,0.00584475,0.00114951,0.00513925,0.99958175,0.00192106,9.67e-06,5.5e-07,3e-08,1.41e-06,3.91e-05,0.00455549,9.2e-07,3.65e-06,2.7e-07
1.2.840.113619.2.370.4.279707905.1603507481.394997.png,0.53734845,4.2e-07,0.12483996,0.99998987,4.1e-06,0.00495778,6.735e-05,0.00023155,0.9810358,5.602e-05,0.00031186,8.1e-07,1.9e-07,0.00013848,2.438e-05,0.00735721,4.22e-06,4.49e-06,2.97e-06
1.2.840.113619.2.370.4.279707905.1604818315.975181.png,0.05036754,0.02649436,0.39355525,0.00630816,0.40573233,2.49e-06,0.04183794,0.00013121,0.00015429,4.704e-05,0.00061399,0.88607246,5.267e-05,5.374e-05,0.31782013,0.00430598,0.00695074,1.2e-07,0.00011083
1.2.840.113619.2.203.4.279707905.1605129077.163719.1.png,0.09023471,0.09674442,0.00027935,0.28661835,0.18951406,0.95789754,0.5222404,0.5637364,0.09246866,0.0682249,0.01029258,0.00045609,0.00011044,0.00358023,0.00022341,0.00017486,2.025e-05,0.00017773,4.991e-05
1.2.840.113619.2.370.4.279707905.1575525086.417895.png,0.01083877,0.47122273,0.00458309,0.00342395,0.00016326,0.08607143,0.00280946,0.00135106,2.28e-06,0.83179486,0.01931086,0.001568,0.02799068,0.32233483,0.00663699,8.1e-06,5.716e-05,1.18e-06,0.01596243
1.2.840.113619.2.370.4.279707905.1600739801.78491.png,0.02524986,0.47646296,0.09484769,2.386e-05,0.00111001,4.44e-05,0.6037329,0.0001221,0.00021631,0.00333526,0.00293956,0.5081459,0.3880573,0.0028644,0.9108569,0.00164924,0.00091885,6.804e-05,0.00078432
1.2.840.113619.2.370.4.279707905.1606098865.840629.png,0.04871987,0.41250017,0.00041987,0.00045607,0.00071807,8.261e-05,0.12598455,4.735e-05,0.00081613,0.14987756,0.02681906,0.00021101,0.00111346,0.05492229,0.05077025,0.00014579,0.00035927,0.00385723,0.00079891
1.2.156.112536.2.560.64226048152091077.1334048454219.4.png,0.9533104,0.00155508,0.23163112,0.97604704,0.18713574,0.21015316,0.04723587,0.01005116,0.00280027,0.02051207,0.02838124,0.02224431,0.00050108,0.13736899,0.0004497,0.00629796,0.0396144,3.421e-05,0.00159231
1.2.840.113619.2.370.4.279707905.1576476442.646477.png,0.02745792,0.00099484,0.05935776,0.02962555,0.00970482,0.00181464,0.0770121,0.03666075,0.87646127,0.00012566,0.00165647,3.188e-05,0.00010199,0.00021102,0.00828736,0.00185842,0.00240638,3.997e-05,0.00081705
1.2.840.113619.2.370.4.279707905.1603680569.730199.png,0.01899119,0.14066216,0.54183793,0.00424667,0.048606,0.00742317,0.21572702,0.018781,0.04816558,0.001099,0.0014464,0.01097956,0.10188267,0.00630057,0.0012441,0.00050263,0.00295657,0.00029447,0.00570992
1.2.840.113619.2.370.4.279707905.1603593190.875509.png,0.17995971,0.00900499,0.11650661,0.0,7.81e-06,0.00036891,0.03633004,0.00218103,5.213e-05,2.83e-06,0.00383668,0.9864352,0.96076006,0.02340898,0.00025813,3.359e-05,7.87e-06,0.00042344,0.00924138
1.2.840.113619.2.370.4.279707905.1576301126.328301.png,0.9276771,4.161e-05,0.99792933,0.5176344,0.00741756,0.00014087,2.71e-05,0.0,9.99e-06,1.996e-05,0.00010695,3.441e-05,0.00019757,0.00042176,0.00011307,2.224e-05,1.8e-06,9.2e-07,0.00814073
1.2.840.113619.2.370.4.279707905.1589852422.920736.png,0.03527546,0.04846834,0.00154049,0.00443579,0.00076994,0.00101982,0.06336043,0.00181403,0.15684102,0.02409834,0.00342174,2.907e-05,0.00011607,0.00449693,0.24019748,0.00142645,0.01179928,0.01352877,0.00143958
1.3.12.2.1107.5.3.33.2229.11.202011120955180421.png,0.8988927,0.0001156,0.05486876,0.8695352,6.79e-05,0.02935804,0.01459444,0.1194263,0.68269855,0.0856268,0.00329377,0.02260637,0.00013805,0.0054875,0.00011566,0.00067147,0.0005016,0.00033994,2.278e-05
1.2.840.113619.2.370.4.279707905.1578297044.487433.png,0.00033596,0.4790548,0.00128219,0.02364081,0.00017248,0.02444458,0.00444616,0.00015247,6.506e-05,0.03982973,0.9959286,0.00043948,3.201e-05,0.0027371,5.406e-05,3.13e-06,4.62e-05,6.05e-06,3.1e-06
1.3.46.670589.30.1.6.1.963334151171.1580473908468.2.png,0.99855554,1.417e-05,0.99998546,0.99525595,0.00021473,0.0,3e-08,0.0,0.0,4e-08,5e-07,1.986e-05,4.91e-06,2.1e-07,3.94e-06,4.074e-05,4.189e-05,1.84e-06,1.544e-05
1.2.840.113619.2.370.4.279707905.1604640118.964161.png,3.251e-05,0.00297943,0.00033885,0.00013278,0.00561224,0.10657424,0.14749408,0.00486665,0.0034795,0.14504364,0.37560397,0.08764342,1.687e-05,0.00035781,0.00011055,6.29e-06,0.00027844,3e-07,9e-07
1.2.840.113619.2.370.4.279707905.1575773838.972290.png,0.0007406,0.14996721,0.00495891,0.00900753,0.0356632,0.00347797,0.01664763,3e-07,0.00045605,0.4290892,0.42852625,0.00050304,9.113e-05,0.0142308,0.00245359,0.00192017,5.07e-06,0.00055157,3.708e-05
1.3.12.2.1107.5.3.56.1642.11.202002201624400765.png,0.00576481,1.96e-06,0.8765576,0.21315126,5.942e-05,0.00788446,0.02113972,0.00120293,0.00047515,0.00029004,0.00467885,2.672e-05,1.664e-05,0.00019496,5.94e-06,0.01462013,0.09997197,5.452e-05,0.0005802
1.2.840.113619.2.203.4.279707905.1603822651.422231.1.png,0.0677745,0.03163012,0.00404147,0.00070857,0.05659026,0.69173425,0.00649546,0.02014268,0.1006216,0.5229899,0.01376418,0.18653104,0.00193611,0.00269067,0.04725237,0.00031365,0.15077046,1.646e-05,6.928e-05
1.2.840.113619.2.370.4.279707905.1589089340.238352.png,0.00058714,0.93451226,0.00016429,2.067e-05,0.00018272,2.41e-06,0.56321925,0.00215577,0.00032877,6.63e-06,0.05195706,0.02087266,0.642502,0.00052871,0.3027017,7.621e-05,0.00010112,3.452e-05,0.00026204
1.2.840.113619.2.370.4.279707905.1598838407.703208.png,0.9918316,8.187e-05,0.9855548,0.981667,0.00023913,0.00468066,0.00779129,0.01808595,0.88891506,0.00108741,3.521e-05,2.611e-05,0.00017167,0.0008589,0.00036464,0.00309663,0.00129138,0.00037311,7.504e-05
1.2.840.113619.2.370.4.279707905.1578818097.231639.png,0.9436107,3.7e-07,0.88114166,0.99999666,6.69e-06,0.0014633,0.0001034,0.0050307,0.99278075,0.00047027,3.24e-06,1e-07,5e-08,5.12e-06,6.57e-06,0.01142276,4e-07,2.7e-07,9.27e-06
1.2.840.113619.2.203.4.279707905.1574782770.42038.1.png,0.9989203,9.088e-05,0.0006316,3.129e-05,4.12e-06,0.15823784,0.0763864,0.0023841,0.4036277,0.00324472,2.2e-07,0.00023499,1.956e-05,0.00336483,3.55e-06,2.424e-05,1.337e-05,0.29738963,5.28e-06
1.3.12.2.1107.5.3.56.1642.11.202006191540100390.png,0.53225946,0.00025678,0.6394191,0.9453034,0.0015959,0.00689399,0.00121795,0.067792,0.11034994,0.00223197,0.00335701,1.052e-05,4.99e-06,0.00653038,0.00113577,0.9736603,0.00087516,0.00028108,0.00547575
1.2.840.113619.2.370.4.279707905.1597734299.678910.png,0.43579477,0.46429884,0.00039188,0.01478626,0.00097012,0.06607164,0.00282869,8.954e-05,2.9e-07,0.9814688,0.05044904,0.00163577,0.00026613,0.19176932,0.07765112,0.00046265,8.278e-05,7.046e-05,0.000618
1.2.840.113619.2.370.4.279707905.1577495087.599657.png,0.07839914,0.60201234,0.00010227,0.03839055,0.3227726,0.00023279,0.01390022,0.00102377,0.00023586,0.00221745,0.01131944,1.795e-05,0.0033886,0.26018322,0.01574196,1.575e-05,1.74e-06,0.0004865,0.00010191
1.2.840.113619.2.370.4.279707905.1574868929.855672.png,0.00035861,0.01529419,0.0034597,1.571e-05,0.00167326,0.0008535,0.8195241,6.2e-07,0.01844777,0.00282256,0.06397243,0.00025884,4.382e-05,0.00116842,0.00053584,1.531e-05,9e-06,0.00266301,5.575e-05
1.2.840.113619.2.370.4.279707905.1602727831.140204.png,0.00037516,0.04549424,0.00156586,0.00041931,1.68e-06,6.8e-06,0.06617428,0.0106551,0.16014484,0.00102872,0.56652236,0.0064391,1.01e-06,0.00058978,0.00080779,5.268e-05,3.71e-06,9e-08,1.42e-06
1.2.840.113619.2.203.4.279707905.1578588897.341753.1.png,1.419e-05,0.1824235,2.3e-07,0.00682864,0.00157733,0.00012926,0.2869483,0.89632607,0.9996306,0.00362142,0.01237647,1.775e-05,0.00055753,1.108e-05,0.00188848,2.331e-05,4.3e-06,7.22e-06,3.6e-07
1.2.840.113619.2.370.4.279707905.1597110603.727849.png,0.9952998,8.06e-06,0.19748501,0.9620105,0.0012453,0.0058419,0.0504176,2.17e-06,0.00015115,0.00014368,0.00087447,5.883e-05,2.492e-05,0.19765694,5.89e-05,0.00513217,8.15e-06,0.05025186,5.156e-05
1.2.840.113619.2.370.4.279707905.1600477203.650506.png,0.02711088,0.03655909,0.04699136,0.0,4.28e-06,7.269e-05,0.04675021,0.00011498,1.084e-05,6.439e-05,0.060855,0.9669288,0.91186035,0.0056805,0.00050518,7e-07,2.366e-05,7.764e-05,0.00015173
1.2.840.113619.2.370.4.279707905.1604970394.776799.png,0.25749883,0.00331208,0.02432036,0.627534,2.808e-05,7.964e-05,0.01256187,0.00923297,0.9310233,0.01639153,0.00084652,0.00194428,1.6e-07,0.00032524,0.0341995,0.00132605,3.066e-05,1e-07,8.63e-06
1.2.840.113619.2.370.4.279707905.1578013598.413440.png,0.04070569,0.17259642,0.00571848,8.253e-05,0.00076995,0.03089985,0.00896097,0.08479433,3.71e-05,0.01063374,0.62828565,0.02748133,0.00052967,0.07089104,0.01021645,4.184e-05,1.963e-05,0.00030351,0.00256724
1.2.840.113619.2.203.4.279707905.1585237341.557331.1.png,0.01436088,0.00185962,0.7798109,2.035e-05,0.00877744,0.94376934,0.00074223,6.55e-06,0.00069787,0.9789742,0.0001459,0.12762775,0.46044585,0.00289965,0.00036857,1.86e-06,0.00051104,4.51e-06,1.987e-05
1.2.840.113619.2.370.4.279707905.1578978604.916844.png,0.9999424,1.697e-05,0.97859955,0.9999496,0.0091599,0.00070977,1.854e-05,1.323e-05,0.02744325,0.00035345,1.43e-06,1.435e-05,4.641e-05,0.0086424,0.00067339,0.02621514,1.099e-05,7.153e-05,0.0001607
1.2.840.113619.2.370.4.279707905.1581210653.833118.png,0.08325028,0.9106218,0.00702066,0.00202751,3.93e-06,1.214e-05,0.00028124,0.00021929,0.00024746,0.02394508,7.981e-05,0.02090486,3.14e-06,0.00102057,0.9343375,0.00130877,0.00033418,1.6e-06,0.00086496
1.2.840.113619.2.203.4.279707905.1576614128.706881.1.png,0.07730552,0.00017275,9.105e-05,0.86694014,0.20113046,0.00342873,0.5494167,0.3292694,0.47702625,0.26956916,0.00682252,0.00084196,0.00020327,0.4375174,0.00017099,6.224e-05,4.6e-07,3.32e-06,1.38e-06
1.2.840.113619.2.370.4.279707905.1581213349.42082.png,0.7087517,2.151e-05,0.23432139,0.9986064,0.00200917,0.06302614,0.01639454,4.896e-05,0.83949,0.0032659,0.00023349,8.454e-05,1.929e-05,0.01775617,0.00020776,0.00329,6.95e-06,3.194e-05,6.67e-06
1.2.840.113619.2.370.4.279707905.1578027620.691356.png,0.04347594,0.06561258,0.00030936,1e-07,1.595e-05,0.38433847,0.47915396,0.0102371,0.00102362,0.8417448,1.014e-05,5.18e-06,1.292e-05,0.00310938,0.00025237,1.362e-05,3.194e-05,3.887e-05,0.01677407
1.3.12.2.1107.5.3.56.1642.11.202004211600250078.png,0.23103058,0.05430128,0.00093308,0.00018191,0.00147805,0.00056896,0.03730785,4.09e-06,7.9e-06,0.00050358,0.22011472,0.0021192,0.04489602,0.00984361,0.15882197,0.00100607,0.00158792,0.00086889,0.00081932
1.2.840.113619.2.370.4.279707905.1581038387.645162.png,0.02258079,0.00420614,0.71978426,0.984369,0.00193675,0.00528441,0.00030271,0.00195214,0.00458214,0.00486626,0.00136095,0.00012015,1.513e-05,0.00103819,0.00335305,0.02763354,3.927e-05,0.0004532,0.00377363
1.3.46.670589.30.1.6.1.963334151171.1592302901906.2.png,0.7930254,9.233e-05,0.04334774,0.3954346,0.00114067,0.00327454,0.09209503,0.00649945,0.01094236,0.00010037,0.01168319,5.58e-06,2.451e-05,0.00059106,0.00092222,0.00311667,0.00796559,0.0007627,0.01095858
1.3.12.2.1107.5.3.56.1642.11.202005211607250187.png,0.0015953,0.00136278,0.0087805,0.99949485,0.00088367,0.00093461,3.86e-05,0.00350701,0.26658195,0.00010147,0.00615992,1.32e-05,3.21e-06,5.19e-06,9.717e-05,0.5691549,1.269e-05,1.02e-06,0.00017807
1.3.12.2.1107.5.3.33.2229.11.201912031307580375.png,0.00949984,0.00454489,0.00208403,0.01045833,0.0005899,0.0086208,0.00019435,0.03198606,0.0800302,0.00253072,0.00265003,6.794e-05,7.965e-05,0.00032058,0.08801954,0.00088605,0.00125392,0.00021692,0.0006104
1.2.840.113619.2.203.4.279707905.1576180127.188654.1.png,0.99465173,0.00010026,0.99741966,0.99296874,0.01750354,0.6087538,0.43693388,0.2559537,0.7836613,5.045e-05,0.00685479,0.00101857,0.00674972,0.19016363,2.731e-05,0.0015052,0.00095693,0.00085486,0.04900788
1.2.840.113619.2.370.4.279707905.1577950305.659031.png,0.51076347,0.00065666,0.00362347,0.01482893,4.143e-05,0.00067111,0.02006293,0.00082565,0.30333096,0.00624245,0.00940343,0.00184704,2.525e-05,0.08935849,0.00223646,0.00056144,1.591e-05,0.01647963,9.58e-05
1.2.840.113619.2.203.4.279707905.1579204316.107370.1.png,0.00897451,0.0578601,7.38e-06,0.00189316,0.00389276,0.01512248,0.49082983,0.987987,0.4476682,0.15959927,0.00165388,0.00037693,0.07850422,0.00941478,0.0016271,4.776e-05,1.01e-06,0.00133207,2.665e-05
1.2.840.113619.2.370.4.279707905.1604641743.638300.png,0.96075386,6.15e-06,0.9359361,0.99753666,1.205e-05,0.15388404,0.00051789,3.601e-05,0.5397091,0.00042669,4.882e-05,2.615e-05,1.096e-05,8.936e-05,1.99e-06,0.01256855,1.059e-05,1.676e-05,6e-07
1.2.840.113619.2.370.4.279707905.1604906448.626441.png,0.9378694,0.00354801,0.79561967,0.79878527,8.637e-05,6.707e-05,4.7e-07,0.00050983,0.00153409,0.5895423,1.815e-05,0.00012464,1.1e-07,0.00028375,0.00696343,0.00024504,3.774e-05,1.3e-07,2.31e-06
1.2.840.113619.2.370.4.279707905.1576850315.930143.png,0.00603583,0.07690626,0.0598997,0.00011577,0.00165682,0.1000136,0.9771492,0.4947144,0.85772693,0.00273942,0.00099203,0.00182865,0.9139342,0.00314851,0.00101333,0.00034025,4.25e-05,7.484e-05,0.00572723
1.3.46.670589.30.1.6.1.963334151171.1590078015468.2.png,0.01842797,9.78e-06,0.08738555,0.13684878,6.652e-05,4.787e-05,0.86009294,0.00083129,0.20362595,1.401e-05,0.03979664,0.000305,5.304e-05,0.00027173,7.591e-05,0.00013353,0.00027815,1.318e-05,0.00033425
1.3.12.2.1107.5.3.33.2229.11.202009281428530015.png,0.9370305,1.82e-06,0.02977193,0.9998808,0.00904504,0.02261234,0.69603646,0.00343866,0.09589341,9.274e-05,0.00067148,0.00048184,5.29e-05,0.0003518,0.00014166,0.03397538,0.0005727,0.00046592,8.587e-05
1.2.840.113619.2.203.4.279707905.1577303042.943349.1.png,0.04326155,0.06061547,0.08772566,3.505e-05,0.00767749,0.8740746,0.00956538,0.00014637,0.00052305,0.16206251,0.00036755,0.02762566,0.00108731,0.00236764,0.00032027,0.00018392,2.831e-05,0.5904893,0.00023299
1.2.840.113619.2.203.4.279707905.1578343192.938354.1.png,0.9886199,0.00044921,0.9984263,0.9439037,0.00255443,0.00575747,0.0002961,0.58594286,0.02849076,0.04338091,7.09e-06,1.94e-06,3.69e-06,0.00048954,0.00013171,0.00141352,6.812e-05,1.42e-06,0.0015478
1.3.12.2.1107.5.3.33.2229.11.202008290844200156.png,0.00019937,0.04809376,2.883e-05,0.01147472,3.524e-05,0.05527152,0.0094483,1.507e-05,0.00177793,0.04182228,0.02389364,0.00026248,0.00154545,0.00019604,0.00041923,1.766e-05,0.12232503,0.00750134,8.135e-05
1.2.840.113619.2.370.4.279707905.1605756150.498434.png,0.21040514,0.22913554,0.00060012,0.01074203,0.00012169,9.89e-06,0.01022341,5.93e-06,0.0008207,0.14842436,0.00825567,0.00040417,0.00010003,0.03796837,0.53817046,0.0005403,0.00159912,0.00016588,0.00017435
1.2.840.113619.2.370.4.279707905.1579140062.659057.png,0.00273733,0.8527862,0.0030129,1.238e-05,0.03246623,0.32438648,2.056e-05,8.8e-07,2.402e-05,0.9975319,6.485e-05,0.00039009,5.905e-05,0.00133701,0.572151,8.412e-05,0.00057275,0.00382761,0.00018494
1.2.840.113619.2.370.4.279707905.1579481594.793423.png,0.8485386,0.02114305,0.00016747,0.00046957,0.00312511,0.00011536,0.00050037,0.00021357,0.23837847,0.0056958,7.769e-05,1.349e-05,6.399e-05,0.1794417,0.5222677,0.0018654,0.00029219,0.00187998,0.00042278
1.2.840.113619.2.203.4.279707905.1574787412.668867.1.png,0.99435943,0.00091037,0.04786312,4.34e-05,0.00073332,0.11736468,0.00283492,0.00503082,0.14955705,0.01023878,1.055e-05,0.00155023,0.00040904,0.03226009,6.67e-06,0.00011342,0.00022398,0.9229135,7.655e-05
1.2.840.113619.2.203.4.279707905.1575406364.738065.1.png,0.9999131,0.9948256,0.02121532,0.00010865,2.67e-06,0.06484343,5.905e-05,5.7e-07,1.855e-05,0.00023839,0.00667945,0.02932414,0.00324182,0.19359025,0.00205684,0.00013235,0.00337001,3.964e-05,0.00021734
1.2.840.113619.2.370.4.279707905.1599546270.452688.png,0.4613357,0.00945612,0.9884149,0.00055055,0.0102908,0.00039325,0.01421007,0.00100184,0.00125077,0.00085957,0.00066052,0.00535839,9.04e-06,0.00049712,0.00048262,0.00011067,0.0004018,0.00015032,0.00277096
1.2.840.113619.2.370.4.279707905.1600397609.506310.png,0.00193603,0.21655203,4.026e-05,1.6e-07,1.61e-05,8.8e-07,0.04864794,0.00559428,0.00035742,6.209e-05,0.02409148,0.00029621,0.00559197,0.04020673,0.15837449,3.19e-06,9.35e-06,0.09773396,0.00064946
1.2.840.113619.2.370.4.279707905.1575336232.196914.png,0.03838556,0.07255484,0.3230897,7.05e-06,0.38097465,0.30067375,0.0767723,9.67e-06,5.914e-05,0.46679503,0.00728592,0.029799,0.00040066,0.0104128,0.0104112,0.00076125,2.883e-05,0.02100782,0.00051374
1.3.12.2.1107.5.3.56.1642.11.202003231455440078.png,0.10445759,0.01103367,0.0320276,0.93282014,7.28e-06,2.207e-05,0.02392427,0.00106566,0.39066592,0.2717068,0.00360101,3.542e-05,1.96e-06,4.58e-06,0.00270106,0.00745726,2.624e-05,5.92e-06,1.55e-06
1.2.840.113619.2.203.4.279707905.1576696201.353809.1.png,0.001097,0.00957291,6.85e-05,0.00034006,0.91955,0.19314031,0.43122527,0.9479464,0.312113,0.01534384,0.01723334,0.00184826,0.00216045,0.00038471,0.00116014,0.00012142,4.16e-06,0.00013396,1.808e-05
1.3.46.670589.30.1.6.1.963334151171.1605257385250.2.png,0.60351425,5.25e-06,0.05570571,0.9877006,0.05883188,0.00926719,0.06425921,0.01623358,0.00078439,2.55e-06,0.0288901,0.00027918,0.0006765,0.00060394,4.22e-06,0.00080908,0.9320463,0.00043868,0.03601469
1.2.840.113619.2.370.4.279707905.1578623243.723950.png,0.00501924,0.17136379,4.74e-05,4.03e-06,0.00026523,0.00013504,0.10566866,0.04397651,0.00029211,0.00103354,0.23555698,0.00034923,0.00041677,0.1327569,0.00144602,8.56e-06,9.02e-05,0.058795,0.0087075
1.3.12.2.1107.5.3.56.1642.11.202010050616010984.png,0.6733793,5.706e-05,0.98293567,0.99312913,0.01611455,0.00188485,0.24339108,0.00267803,0.00096873,0.00084038,0.00358239,5.848e-05,1.154e-05,0.0003898,7.015e-05,0.05474719,0.00021616,2.717e-05,0.00030946
1.2.840.113619.2.370.4.279707905.1580394147.908291.png,0.05743503,0.00635263,7.452e-05,0.00037763,0.0004299,0.00010466,0.3108146,2.242e-05,0.05525088,0.02024225,0.00363783,7.415e-05,2.131e-05,0.17383777,0.01861729,0.00027174,1.949e-05,7.56e-05,0.00034605
1.2.840.113619.2.370.4.279707905.1588745749.993153.png,8.3e-07,0.77926177,1.873e-05,0.00057638,0.00021429,0.22344483,0.0033147,0.0028065,0.00149457,0.03283377,0.9970067,2.23e-05,0.00014557,0.00014915,0.00019147,4.66e-06,0.00011503,1.201e-05,8.33e-06
1.2.840.113619.2.370.4.279707905.1575164711.520393.png,0.1450512,1.3e-07,0.06741592,0.9999957,1.985e-05,0.05377437,0.0002972,0.00011236,0.99586535,0.00036174,4.916e-05,9e-08,2e-07,3.933e-05,1.504e-05,0.00111758,2.4e-07,2.62e-06,9.7e-07
1.2.840.113619.2.370.4.279707905.1602637957.361887.png,0.00120421,0.02600736,0.00249046,0.54690963,0.07910782,0.05345788,0.00114548,0.00054332,0.7407092,0.01015216,0.8507946,0.07913548,4.93e-06,0.00595097,5.593e-05,4.684e-05,1.407e-05,1.84e-06,2.3e-06
1.2.840.113619.2.370.4.279707905.1600044556.643416.png,0.12115529,0.8097118,0.05520584,0.00206158,0.00088536,2.914e-05,0.16102837,0.00427791,0.00322577,0.00208076,1.27e-05,0.09095139,0.00047438,7.398e-05,0.5949947,0.00043191,0.00016141,2.3e-07,0.00020903
1.2.840.113619.2.203.4.279707905.1578952672.751415.1.png,0.78720254,3.602e-05,7.025e-05,0.31261587,6.004e-05,0.00798808,0.00298782,0.02538262,0.12390971,0.15400064,6.323e-05,0.00027383,3.512e-05,0.02425434,0.00030732,0.00027682,1.472e-05,0.0385116,1.274e-05
1.3.12.2.1107.5.3.56.1642.11.202007221533000593.png,0.9730948,7.302e-05,0.9643682,0.98701054,4.574e-05,0.03311099,0.00320518,0.00484456,0.01137629,0.00048127,0.00021486,5.89e-05,2.91e-06,9.011e-05,4.24e-05,0.00151646,0.00021997,0.00028827,2.034e-05
1.2.840.113619.2.370.4.279707905.1576811060.988898.png,0.37025872,3.12e-06,0.03085781,0.9998679,0.00031664,0.00504384,0.00069798,0.0070985,0.97481674,0.08600666,0.00057898,0.00084738,3.92e-06,0.00209679,9.021e-05,0.00014701,2.69e-06,5.09e-06,9e-07
1.2.840.113619.2.203.4.279707905.1576092701.966726.1.png,0.01195162,0.05600614,0.00154347,6.742e-05,0.00037558,0.00091251,0.05123554,0.00051147,0.01972204,0.7281412,0.04003276,0.0029636,0.00245226,0.9556231,9.776e-05,5.98e-06,1.59e-06,7.592e-05,7.57e-06
1.2.840.113619.2.203.4.279707905.1604953857.945498.1.png,2.655e-05,0.00072426,4e-08,4.62e-06,1.488e-05,6.12e-06,0.03850562,0.800285,0.06592527,0.00031082,0.00098467,6.12e-06,0.00056289,0.00382877,0.0004819,1.3e-07,8.9e-07,0.058183,5.02e-06
1.2.840.113619.2.370.4.279707905.1595223728.715255.png,0.00642073,0.6593213,0.0020399,0.24603042,0.01680595,0.01193017,0.13294244,0.00276596,0.00761621,3.733e-05,0.6960192,0.08166972,0.0757132,0.00027771,0.00179249,0.02045337,0.00037669,3.63e-06,0.00010207
1.2.840.113619.2.203.4.279707905.1576529166.431442.1.png,0.9980426,0.0003579,0.9368376,0.99267673,3.89e-06,0.00024152,0.00115174,0.00771384,0.92211,0.01834103,4.9e-07,4e-08,1.3e-07,0.00053002,0.00086681,0.00540536,0.00015772,6.19e-06,5.947e-05
1.2.840.113619.2.370.4.279707905.1594521186.455517.png,0.08451965,0.9926952,0.0028802,1.995e-05,4.68e-06,2.55e-06,0.18485062,0.0005509,4.784e-05,0.00330198,0.00052966,3.037e-05,9.116e-05,0.00745613,0.9425042,0.00017384,0.00027723,4.987e-05,0.02146707
1.2.840.113619.2.370.4.279707905.1579746958.651728.png,0.00683817,0.00011608,0.01249078,0.9864907,0.00012251,0.01272956,0.00054613,0.00018337,0.20669538,0.6221116,0.00063488,3.679e-05,3.04e-06,0.8855668,6.59e-05,0.00026819,5.9e-07,1.07e-06,8.19e-06
1.2.840.113619.2.203.4.279707905.1574783844.310973.1.png,3.565e-05,0.0419901,7.96e-05,4.6e-07,0.00015453,0.65789396,0.00056043,2.09e-06,7e-07,0.10311327,0.01873127,1.708e-05,0.0001528,0.00043375,8.63e-06,7.28e-06,1.84e-06,0.8368747,4.99e-06
1.2.840.113619.2.370.4.279707905.1597641875.189819.png,0.87488544,0.00850963,0.8652028,0.03863302,0.09334458,0.00144461,7.92e-05,0.00014879,0.00136862,0.04301652,0.00037263,0.9458235,4.41e-06,0.00010197,0.00490401,0.00020986,0.00088531,5.48e-06,1.101e-05
1.2.840.113619.2.370.4.279707905.1579329121.149423.png,0.06627762,1.02e-05,0.16941778,0.9999759,1.897e-05,0.00966662,0.00049351,0.47202015,0.9696116,0.00292501,0.00027172,9.6e-07,1.83e-06,5.451e-05,0.00011951,0.00236875,4.168e-05,1.57e-06,1.91e-06
1.2.840.113619.2.370.4.279707905.1578962521.584739.png,0.23374373,0.00284707,0.9961054,0.00059457,0.11847109,6.821e-05,0.26542276,0.00148314,6.779e-05,0.00111012,1.908e-05,0.03535896,0.00023962,6.204e-05,0.00524823,0.00314599,0.00035965,3.33e-06,0.00188081
1.2.156.112536.2.560.64226048152091077.1335490112207.40.png,0.95460093,0.00013497,0.10773503,0.9961448,0.33480182,0.810095,0.83656776,0.13593549,0.34642857,0.00010531,0.04388074,0.00478719,0.06048482,0.00775287,2.727e-05,0.06938377,0.00027558,2.262e-05,0.00214273
1.2.840.113619.2.370.4.279707905.1598841367.11470.png,0.99516946,8.19e-05,0.9934749,0.0335215,0.00509921,0.00032174,0.00508361,0.04752781,0.01788246,0.00058767,0.00092994,0.9297031,4.46e-06,2.429e-05,2.361e-05,1.907e-05,1.418e-05,6.14e-06,4.039e-05
1.2.840.113619.2.370.4.279707905.1574941076.161455.png,0.26897776,0.0920357,0.00021485,0.00050329,0.00038327,6.933e-05,0.00839353,5.68e-06,2.359e-05,0.00823574,0.5949446,0.00182032,3.918e-05,0.34312248,0.00547753,0.00033848,2.741e-05,9.218e-05,7.074e-05
1.2.840.113619.2.370.4.279707905.1578616851.320366.png,0.09750552,0.97176325,0.08629636,0.00018212,0.01050348,0.02170719,0.00029651,3.589e-05,7.867e-05,0.8475957,0.00270207,0.00029757,0.00059373,0.0065959,0.09090412,5.518e-05,0.0445693,8.04e-05,0.00279956
1.2.840.113619.2.370.4.279707905.1579482658.583983.png,0.00983627,0.00131409,0.1021027,0.00011215,3.133e-05,0.00039596,0.12520231,0.18042237,0.02823802,0.00654254,0.01866745,0.05143903,0.00019311,0.00765103,0.0064709,2.949e-05,6.57e-06,5.972e-05,3.088e-05
1.2.840.113619.2.203.4.279707905.1584556361.102089.1.png,0.06176632,8.109e-05,0.00341867,0.30949712,0.10038244,0.99286646,0.07486922,0.2818204,0.01691856,0.8568586,0.00018601,0.00814556,0.00093557,0.00168428,0.00011626,0.00042018,0.6998353,0.00112475,2.613e-05
1.2.840.113619.2.370.4.279707905.1578548979.729392.png,0.00777627,0.00034226,6.356e-05,4.598e-05,1.239e-05,7.2e-07,0.00030621,1.324e-05,0.00013638,0.915408,0.03215745,0.02193116,3.99e-06,0.9971358,4.438e-05,1.85e-06,6.55e-06,1.189e-05,3.49e-06
1.2.840.113619.2.203.4.279707905.1575929684.75481.1.png,0.06225082,4.4e-06,6.766e-05,0.01263906,0.00357045,0.00289472,0.69877,0.02653609,0.99751574,0.00022968,0.00082029,0.00724086,0.00061865,0.02290921,0.00025713,4.658e-05,4.27e-06,0.00668542,6.02e-06
1.2.840.113619.2.203.4.279707905.1575920105.903025.1.png,0.00035377,1.826e-05,0.00024959,0.00023707,0.07137222,0.00081222,0.9232916,0.8987784,0.9969536,0.00917549,0.00012249,0.00179684,0.00030906,0.00062137,0.00016919,1.2e-05,1.215e-05,0.00012463,3.01e-06
1.2.840.113619.2.370.4.279707905.1578880176.916392.png,0.5296099,0.33766413,0.5860648,2.15e-06,0.00218012,0.00023151,0.0025595,9.2e-07,1.12e-06,0.05808924,0.5006332,0.2369187,0.02156295,0.6760881,0.02869893,3.378e-05,0.00041889,1.327e-05,0.01721357
1.2.840.113619.2.370.4.279707905.1579744379.631814.png,0.00023742,0.39134943,0.00044582,4.07e-06,7.686e-05,0.00038151,0.05401809,1.496e-05,0.0086639,0.27216312,0.11835123,0.00265475,0.00136934,0.1906809,0.02680192,5.79e-06,0.00196355,0.00282194,0.00576239
1.2.840.113619.2.370.4.279707905.1574745573.206529.png,0.0051308,0.1157649,0.03737784,5.633e-05,0.00012803,3.119e-05,0.07304612,5.5e-07,0.00419693,0.07880654,0.00142354,1.736e-05,1.288e-05,0.00760989,0.02015896,0.00027666,0.00035477,0.00022902,0.01134011
1.2.840.113619.2.370.4.279707905.1596520920.655376.png,0.00201045,3.91e-06,0.0071992,0.9999394,6.4e-07,0.00074708,0.00282415,0.00089702,0.99999875,0.00012201,3.091e-05,7e-08,1e-08,7.2e-07,0.00016011,0.00018801,2.2e-07,3.5e-07,2.6e-07
1.2.840.113619.2.370.4.279707905.1600751426.68579.png,0.40761504,0.8868812,0.00057799,0.00043473,0.00015975,4.1e-07,0.04460822,0.00019296,0.00319848,0.00825188,9.131e-05,0.04373256,5.5e-07,1.017e-05,0.7927122,0.00042569,0.00032417,8.5e-07,1.775e-05
1.2.840.113619.2.370.4.279707905.1585530325.666657.png,0.5505904,0.91523606,1.994e-05,8.815e-05,0.00019586,1.43e-06,0.0001214,1.009e-05,1.461e-05,0.00215268,0.03955121,0.00650769,0.00162051,0.75457615,0.32687953,0.00142502,0.00013819,0.00055506,0.00158815
1.3.12.2.1107.5.3.33.2229.11.202005051354170656.png,1.84e-05,0.48570827,5.564e-05,0.0024911,9.56e-06,0.02985027,0.03907004,0.00627873,0.04257166,0.03747606,0.18155178,0.00030382,0.00950568,7.234e-05,0.00297015,0.00010939,0.00273348,1.314e-05,1.77e-06
1.2.840.113619.2.370.4.279707905.1588227496.113790.png,0.00169814,0.00026104,0.10238621,0.00305314,0.00125155,0.0704282,0.8933363,8.46e-06,0.03049719,0.00045885,0.01207708,0.000111,3.299e-05,6.595e-05,7.245e-05,6.689e-05,7.347e-05,0.00109897,8.349e-05
1.2.840.113619.2.370.4.279707905.1577205488.81156.png,2.589e-05,0.3752216,4.66e-06,7e-08,5.7e-07,6.6e-07,0.452462,1.141e-05,0.00064694,3.2e-06,0.40587243,4.27e-06,3.151e-05,0.00010027,0.00012142,7.2e-07,9.31e-06,0.01635626,9.2e-07
1.2.840.113619.2.370.4.279707905.1575127457.572934.png,0.0253685,0.9788459,0.00063276,6.36e-06,8.4e-07,0.00016233,3.082e-05,2.5e-06,3.9e-06,0.00444457,0.00068246,0.10479204,0.96823007,0.0256099,0.06000474,8.804e-05,6.701e-05,0.00788624,0.00093459
1.2.840.113619.2.370.4.279707905.1577935512.80756.png,2e-07,0.9346907,1.82e-06,1.1e-06,7.188e-05,0.00058626,0.01489632,0.04333958,0.00576855,0.00554822,0.9009793,3.794e-05,0.00023577,2.698e-05,0.02202068,2.16e-06,4.829e-05,8.2e-06,5.7e-07
1.3.46.670589.30.1.6.1.963334151171.1597412543656.2.png,0.0190043,0.00045773,0.08422786,0.15792702,0.00347048,0.01175509,0.07795746,0.00020324,0.00150168,0.00017964,0.00349378,3.294e-05,6.512e-05,6.469e-05,0.00818294,0.00861264,0.00112158,0.03989977,0.0006301
1.2.840.113619.2.370.4.279707905.1604987718.870337.png,0.02214567,0.8917789,0.00315785,4.312e-05,0.0005214,3.29e-06,0.01385268,1.911e-05,4.964e-05,0.14357102,0.00622079,0.4760106,3.809e-05,0.00610947,0.9357646,0.00045609,0.00152768,3.9e-07,6.402e-05
1.2.840.113619.2.203.4.279707905.1575582932.153962.1.png,0.0004952,0.01033065,0.00133584,0.10512619,0.00496902,0.00344461,0.9745195,0.04067313,0.00564546,0.8182284,0.00685537,0.00014429,0.00113247,0.01392319,2.1e-05,5.8e-06,1.327e-05,3.744e-05,4.28e-06
1.3.12.2.1107.5.3.56.1642.11.202004231632170781.png,0.999416,2.972e-05,0.9884706,0.9910363,0.0119062,0.00283242,0.00011962,0.03028594,0.06137318,0.00022238,1.538e-05,0.00064765,5.332e-05,0.00186978,3.07e-06,0.01673828,0.01225555,0.00169588,0.00315656
1.2.840.113619.2.370.4.279707905.1601173964.735608.png,0.00311094,0.20558016,0.00014395,0.00250388,0.00197006,1.171e-05,0.03701535,6.02e-06,0.8291171,0.00391232,0.6554561,0.269037,7.9e-07,0.02173118,0.02710152,0.00017953,6.13e-06,7e-08,3.2e-07
1.2.840.113619.2.370.4.279707905.1579054713.643512.png,0.44630244,0.80475,0.00010035,0.0056226,9.665e-05,0.00067996,0.00058597,3.65e-05,0.00065299,0.7194586,0.00145899,5.036e-05,0.00067953,0.0459992,0.20959333,0.0003488,0.00273654,4.533e-05,0.00038395
1.2.840.113619.2.370.4.279707905.1601863648.369936.png,0.00098615,0.9920174,0.00166178,0.0006419,0.0029378,0.0001329,0.0866686,0.00207917,0.00967655,0.00161947,0.10704464,0.11706874,0.00013274,0.0004078,0.34966877,0.00028041,0.00069363,1.74e-06,8.882e-05
1.3.12.2.1107.5.3.33.2229.11.202010081011490656.png,0.06154439,0.01284148,0.25121367,0.97866344,0.063962,0.01945537,0.10257418,0.01033402,0.02205156,0.00156398,0.00227811,0.00132136,0.0768252,0.00067216,0.00341317,0.00998197,0.00230835,0.00108221,0.00060062
1.2.840.113619.2.370.4.279707905.1598323974.681345.png,0.32012814,0.26710376,0.00046376,0.05138964,0.00115386,0.00046359,0.0028287,2.448e-05,0.00517288,0.9720205,0.00416815,0.00018464,0.00159611,0.6687686,0.0073771,0.00055852,6.249e-05,8.86e-06,0.0003852
1.2.840.113619.2.370.4.279707905.1599462246.73981.png,0.00033514,0.8105968,0.00017377,6.618e-05,0.00040273,2.656e-05,0.2762252,0.00010565,3.26e-06,0.00723949,0.02118609,0.8820812,0.77121186,8.461e-05,0.47564092,0.00444741,0.00014629,1.46e-06,1.435e-05
1.3.12.2.1107.5.3.56.1642.11.202006241540040921.png,0.79506105,1.101e-05,0.11891545,0.9975362,0.00042352,8.17e-06,0.00951107,0.04739817,0.5949475,4.873e-05,3.316e-05,1.657e-05,1.194e-05,3.892e-05,3.786e-05,0.37394983,0.00348259,0.00041259,6.35e-05
1.2.840.113619.2.370.4.279707905.1593571614.872029.png,0.99987835,6.11e-06,0.9920231,0.9985262,4.545e-05,0.01301927,0.00024615,2.11e-05,0.19576979,0.00037734,7.1e-07,0.00015557,1.685e-05,0.00031215,2.05e-06,0.00240227,2.693e-05,0.00014358,5.21e-06
1.2.840.113619.2.370.4.279707905.1599621360.695078.png,0.60916865,0.9114934,0.14072241,0.00024589,0.00499706,0.00012969,0.00072361,9.48e-06,0.00049922,0.03122749,0.00056886,0.8172791,2.582e-05,0.00060369,0.22265074,8.49e-05,0.00103432,1.92e-06,0.00423104
1.3.12.2.1107.5.3.33.2229.11.202010131938220812.png,0.01102734,0.4314784,1.184e-05,0.19515643,0.00179524,0.00668497,0.0050415,0.00031151,0.00323076,0.0049685,4.5e-07,0.0121147,0.8176285,1.574e-05,0.0847792,0.000343,0.00022701,0.00445113,4.25e-06
1.3.12.2.1107.5.3.33.2229.11.202001290819180250.png,2.354e-05,1.713e-05,1.498e-05,0.0,1.342e-05,3.57e-06,0.998485,1.361e-05,0.01474006,0.00016345,0.00151075,0.10681225,0.00048916,0.00337505,1.98e-06,4.95e-06,4.94e-06,6.08e-06,6.061e-05
1.2.840.113619.2.370.4.279707905.1599099220.911889.png,0.5067732,0.27293935,0.03801092,0.03592103,0.3609427,0.00617654,0.99533,0.6489742,0.00470841,7.573e-05,0.00188569,0.01092263,0.00101153,0.00043996,0.00418502,0.00082663,0.0230354,1.301e-05,0.00037448
1.2.840.113619.2.370.4.279707905.1603332748.674905.png,0.16868491,0.46682683,0.04535564,0.13523655,0.00013541,0.00876647,4.634e-05,0.0754495,2.96e-06,0.05864266,3.78e-06,6.3e-07,5.49e-06,0.00085141,0.14038186,0.00029111,0.00218057,9.39e-06,0.00521191
1.2.840.113619.2.370.4.279707905.1574991551.728158.png,0.21316712,0.01756252,0.00019873,6.205e-05,0.00149326,2.869e-05,0.20017491,0.0009858,0.04024538,0.0242943,0.24229148,0.04985488,0.00028198,0.8030038,0.06669532,0.0002582,0.00015191,0.0012327,0.0010547
1.2.840.113619.2.370.4.279707905.1576819144.268560.png,0.1565443,0.08315622,0.34375873,2.176e-05,0.00619486,0.02142634,0.1794622,0.00210732,0.00052643,0.18668734,0.02170037,0.33912227,0.07198188,0.0988488,0.04644782,0.00042694,0.00040508,0.00163796,0.02403944
1.2.840.113619.2.370.4.279707905.1579310553.837639.png,0.11688302,0.66073716,0.09531444,0.00070253,0.00115319,4.77e-06,0.3637739,0.31203854,0.01023348,8.171e-05,0.00222785,0.00065218,0.0001974,0.00576717,0.03540532,0.0001146,9.109e-05,2.18e-06,0.14873892
1.3.12.2.1107.5.3.33.2229.11.202009271325290500.png,0.00146665,0.00951663,8.661e-05,0.00837787,0.00286122,0.00374177,0.81030947,4.988e-05,0.00586464,0.0949579,0.17343558,0.00090173,0.00071441,0.04198822,0.00080545,0.00017246,0.00172103,0.00793303,0.00053503
1.2.840.113619.2.370.4.279707905.1575249941.977615.png,0.15248773,0.9598802,0.03685969,3.5e-07,0.00014005,9.6e-07,0.00010638,3.12e-06,3.39e-06,0.00040041,0.00207528,0.01758481,0.80818176,0.05076826,0.9906964,0.00012623,9.778e-05,0.00028962,0.00778035
1.3.12.2.1107.5.3.56.1642.11.202006221545210734.png,0.43818027,0.3671558,0.01323641,4.742e-05,5.332e-05,1.542e-05,0.01928972,0.00013059,5.397e-05,0.00297463,0.6619112,0.9174078,0.0001456,0.00101519,0.18738417,0.00012508,0.00142056,3e-08,2.07e-06
1.2.840.113619.2.370.4.279707905.1605939189.491270.png,0.00228866,0.0623595,0.46169105,0.0001398,0.04392916,0.10809587,0.9178368,0.7776574,0.11155021,0.474384,1.707e-05,0.0032304,0.20712195,0.00116115,0.00017414,5.67e-06,0.0005412,0.00012801,4.685e-05
1.3.12.2.1107.5.3.56.1642.11.202002261506410921.png,0.6408858,5.66e-06,0.0390723,0.9998446,0.01422801,0.0022313,0.02524184,0.01793744,0.00185348,0.00011397,0.00117657,1.737e-05,1.85e-06,0.00108193,0.00012191,0.02462678,0.00228525,0.0028102,2.502e-05
1.2.840.113619.2.203.4.279707905.1584386082.348836.1.png,0.98303634,0.9481364,0.00032869,0.21024232,0.0110187,0.93936133,0.00021063,0.19898662,1.312e-05,0.02727512,0.01524466,0.00034876,0.00016385,0.00113907,0.00029908,0.00034236,0.00088166,5.869e-05,1.02e-05
1.3.46.670589.30.1.6.1.963334151171.1578815858203.2.png,0.00018485,0.0248126,0.00086409,0.00031018,0.00020186,0.29138863,0.01670686,0.02796013,7.766e-05,0.03635677,0.09925541,0.00023868,0.00120248,0.00019678,0.00015058,3.83e-06,0.8769292,4.591e-05,0.00060446
1.2.840.113619.2.370.4.279707905.1605150701.745476.png,0.02800598,0.7376184,0.225423,3.558e-05,0.01673031,0.00022966,0.9800181,0.00169088,0.00029249,5.814e-05,0.02071141,0.892171,0.9360436,6.416e-05,0.00101989,6.377e-05,0.00385039,4.3e-07,8.363e-05
1.2.840.113619.2.370.4.279707905.1578122943.870214.png,0.00250268,0.00818513,0.862214,0.00695914,0.00893251,0.02220429,0.00095827,0.00014273,5.038e-05,1.994e-05,0.88845366,0.00223835,3.271e-05,0.00016773,1.582e-05,1.723e-05,0.00017966,1.448e-05,0.00016362
1.2.840.113619.2.370.4.279707905.1575255757.669993.png,0.0017308,0.5767388,3.41e-06,0.15641278,0.00042766,0.00377762,0.00031448,0.00063211,0.00132955,0.81798434,0.00941001,2.982e-05,0.00104835,0.00239377,0.5541505,0.00094945,0.0016544,1.729e-05,1.649e-05
1.2.840.113619.2.370.4.279707905.1596162290.892111.png,0.00117961,0.9628291,0.0002376,0.43111044,8.701e-05,0.00016301,0.00225884,0.00415454,0.6387385,0.2156569,3.733e-05,8.34e-06,6.3e-07,1.889e-05,0.85431224,0.00169714,0.0007078,1.7e-07,7.383e-05
1.2.840.113619.2.370.4.279707905.1599786855.277786.png,0.00385672,6.15e-06,0.00068543,0.9996105,0.00023184,0.03846198,0.00076563,0.16911976,0.9899627,0.50479364,0.00029608,2.972e-05,3.381e-05,7.71e-05,8.629e-05,0.00013309,1.213e-05,0.00024809,1.7e-07
1.2.840.113619.2.370.4.279707905.1578364176.373127.png,0.0689678,0.00068841,0.00178569,1.764e-05,4.115e-05,0.00030011,0.10032942,1.911e-05,0.00166313,0.13258429,0.01157451,0.02009338,0.00201584,0.6836868,0.00018715,0.000222,1.4e-07,0.00032854,2.46e-05
1.2.840.113619.2.370.4.279707905.1577761482.846653.png,4.9e-07,0.94374955,7.2e-07,1.599e-05,1.32e-06,9.757e-05,0.01288553,0.01365441,0.0242034,0.00022498,0.4840626,1.03e-06,4.597e-05,3.6e-07,0.00019202,3.9e-07,8.23e-06,4.846e-05,1e-08
1.2.840.113619.2.370.4.279707905.1579745898.522188.png,0.18930894,0.26981375,0.48153624,0.8979749,0.1681137,0.03733464,0.12593257,0.9920257,0.65192443,0.03113982,0.00223481,0.00012579,0.00123349,0.00054183,0.00068402,0.00030484,0.12447885,0.00036336,1.295e-05
1.2.840.113619.2.370.4.279707905.1577437827.130131.png,0.20782112,0.00449032,0.99949646,0.0538756,0.23424429,0.00298622,0.01689855,8.068e-05,0.00018429,0.00488422,4.117e-05,0.00018657,3.18e-06,5.455e-05,0.00073822,0.00154219,0.00018881,3.56e-06,0.00098008
1.2.840.113619.2.370.4.279707905.1592200145.434440.png,0.00714494,0.69120646,0.12424771,0.00279543,0.03316332,0.01553076,0.01576129,0.00136259,0.00554171,0.00503825,0.8552891,0.39053205,0.00012619,0.0031404,0.00045194,1.283e-05,0.00013913,7.99e-06,2.282e-05
1.2.840.113619.2.370.4.279707905.1596500041.620730.png,0.10528182,0.6772744,0.00782421,9.967e-05,0.00295144,3.515e-05,0.736823,0.00465465,0.00135999,0.00010546,0.00041859,0.002365,0.00415033,0.00057839,0.05414938,0.000135,0.00186583,2.051e-05,0.00567688
1.2.840.113619.2.203.4.279707905.1589397820.131888.1.png,0.11958161,0.00020137,0.4608035,0.01262084,0.00014687,0.29798135,0.0006974,0.00900804,0.00743165,0.03431732,3.089e-05,0.07477311,0.00010828,0.00011867,0.00016845,0.0007765,2.058e-05,0.00379664,1.372e-05
1.2.840.113619.2.370.4.279707905.1578116797.257778.png,0.06637064,1.08e-06,0.45381737,0.9999886,0.00066359,0.8103255,0.0017136,0.00113552,0.9962702,9.579e-05,0.00028753,1.457e-05,4.5e-07,1.852e-05,4.13e-06,0.00070419,1.362e-05,1.13e-06,6.62e-06
1.2.840.113619.2.370.4.279707905.1578898707.829855.png,0.00572157,0.97772616,5.287e-05,0.00027965,0.01152412,0.08624981,0.00483345,0.0002318,0.00816682,0.8041653,0.05764089,0.00075424,0.00010363,0.00770432,0.93887615,0.00041133,8.74e-05,0.00089284,0.00015035
1.3.12.2.1107.5.3.56.1642.11.202001301553510390.png,0.9982374,8.46e-05,0.706125,0.9959692,0.00016486,0.00495332,0.00184748,0.00773066,0.09552673,0.00028221,4.014e-05,3.92e-06,1.098e-05,0.00314503,5.531e-05,0.349411,0.00109193,0.0046738,0.00014025
1.2.840.113619.2.203.4.279707905.1596047647.126610.1.png,0.13185368,0.5766819,0.00155802,0.07698697,4.242e-05,0.18824793,0.1811035,0.22971687,0.9999151,0.75141263,0.00057056,8.995e-05,1.141e-05,0.0002758,0.00013704,9.839e-05,0.03947161,1.112e-05,8.36e-06
1.2.840.113619.2.370.4.279707905.1594692243.371261.png,0.05955703,0.00109771,0.18848614,0.89728427,0.01741979,0.00943038,0.01389447,0.00057438,0.9759627,0.00328751,0.00216942,0.06388012,1.371e-05,3.012e-05,0.0003813,0.00123688,1.191e-05,0.00010877,5.57e-06
1.2.840.113619.2.370.4.279707905.1576474718.17303.png,0.00049135,0.87137926,2.668e-05,1.465e-05,6.36e-06,1.2e-06,4.252e-05,0.0,0.00015647,0.00792917,0.89260983,9.71e-05,3.131e-05,0.08225998,0.00029669,1.663e-05,1.3e-07,5.584e-05,1.629e-05
1.2.840.113619.2.370.4.279707905.1593222984.785665.png,0.7938988,0.00994622,0.84816194,0.00252067,0.03927802,0.00322059,0.00125096,1.387e-05,0.0043016,0.00244841,0.00059869,0.9900499,6.41e-06,6.249e-05,0.00011662,6.471e-05,0.00011711,6.3e-06,5.88e-06
1.2.840.113619.2.370.4.279707905.1606111331.735552.png,0.02772229,0.90647465,0.00323178,3.285e-05,0.00115614,0.00118342,0.0052827,0.00012385,7.177e-05,0.21502498,0.23534328,0.00757921,0.01631671,0.07046624,0.9186665,0.00014981,0.00014149,0.00028454,0.00298798
1.2.840.113619.2.370.4.279707905.1577802262.875650.png,0.01043286,0.00691142,0.0221733,0.11144878,0.00241428,0.00305937,0.0327403,0.00156209,6.672e-05,0.00130866,0.00618076,0.0471171,0.26796788,0.00146347,0.19169532,0.02543071,2.248e-05,0.00038758,0.00025868
1.3.46.670589.30.1.6.1.963334151171.1603462465000.2.png,0.00286088,1.464e-05,0.00097202,0.00193052,1.615e-05,3.019e-05,0.00064084,0.00085587,6e-08,6.3e-07,0.9192253,0.00027151,0.1083768,0.0604647,0.00559898,0.00014667,0.00042406,5e-08,1.713e-05
1.2.840.113619.2.370.4.279707905.1577438066.141953.png,0.9990511,0.00024552,0.9996992,0.79376,0.74337554,0.7211073,0.9880013,0.01759924,0.03142774,4.163e-05,0.00040993,0.00194074,0.04202716,0.08505931,0.00020164,0.0035783,0.00051174,2.514e-05,0.38020593
1.3.12.2.1107.5.3.33.2229.11.202009111442300750.png,0.00027268,0.03400848,0.00085596,0.8088986,5.187e-05,0.14369495,0.00045429,0.59550476,0.5802401,0.06099494,0.16840646,0.0001002,9.448e-05,8.415e-05,0.00989168,0.00208483,0.00101794,7.02e-06,1.511e-05
1.2.840.113619.2.370.4.279707905.1601258502.233070.png,0.677079,0.9817841,0.05280121,0.00108482,0.00177958,5.531e-05,0.0087549,0.00010551,0.00014801,0.0640115,0.00692357,0.6618776,6.269e-05,0.00665731,0.78127307,0.0007567,0.00321933,1.68e-06,0.00255071
1.2.840.113619.2.370.4.279707905.1605577724.585140.png,0.00115452,0.11440624,0.00709764,3.013e-05,0.00169371,0.00260341,0.33030587,1.427e-05,8.606e-05,0.23903668,0.2522606,0.00452765,0.00565405,0.06357536,0.00099033,0.00013704,3.068e-05,0.00025874,5.771e-05
1.2.840.113619.2.203.4.279707905.1578337757.88999.1.png,0.11916388,0.00012357,0.00011594,0.00812884,0.00109755,0.27107865,0.6502943,0.9609349,0.9044436,0.1289267,0.00100938,0.00035475,0.00019605,0.04855534,0.00019445,2.443e-05,4.97e-06,0.00996126,1.632e-05
1.2.840.113619.2.370.4.279707905.1588832524.962070.png,0.9475788,0.5482258,0.03354965,0.04527419,0.00078784,0.0002554,0.00060786,1.438e-05,8.276e-05,0.06917516,0.00170887,0.00020634,0.00012525,0.4409843,0.01030123,0.00122765,0.000899,0.00013356,0.00066232
1.2.840.113619.2.370.4.279707905.1579569113.230344.png,0.95522875,8.91e-06,0.0090556,0.99629503,0.00234508,0.01695769,0.09395389,0.00010425,0.9847905,0.00093428,3.102e-05,1.826e-05,4.496e-05,0.04450296,0.00077539,0.00304011,3.84e-06,0.0003762,0.00014159
1.2.840.113619.2.370.4.279707905.1576221541.697269.png,0.33376202,0.18858938,5.61e-05,2.041e-05,8.324e-05,4.079e-05,0.06449269,1.499e-05,0.00754526,0.00831044,0.0210128,0.09215853,0.00019076,0.6494747,0.02428546,0.00011794,6.69e-06,0.00564281,0.00017584
1.2.840.113619.2.370.4.279707905.1578171513.365657.png,0.00074262,0.23497649,0.8194737,0.00573141,0.00015189,0.00830908,0.00019614,0.00548411,1.279e-05,0.00216598,0.02802918,0.00322329,0.00023715,6.078e-05,0.02374496,0.00031908,4.212e-05,4.2e-07,6.987e-05
1.2.840.113619.2.370.4.279707905.1576977910.105483.png,5.697e-05,0.38411933,3.739e-05,0.00012992,4.66e-06,0.00792494,0.02329036,0.00106539,0.01066618,0.19781739,0.00057564,7.7e-06,3.02e-06,0.00033753,0.02671204,0.00022813,0.00111073,0.0184483,0.00020016
1.2.840.113619.2.203.4.279707905.1575491324.645004.1.png,0.9834592,2.673e-05,0.9871725,0.29347652,4.63e-05,0.04990504,0.00220136,0.04927384,0.00045925,0.00202436,0.00070947,0.00014589,5.69e-06,2.077e-05,7.49e-06,0.00048111,6.522e-05,0.00105599,7.065e-05
1.2.840.113619.2.370.4.279707905.1576718611.789177.png,0.00011451,0.998026,1.86e-06,1.8e-07,0.00025818,2.316e-05,0.39906952,0.11857088,0.04338885,0.00952119,0.3198497,0.00262894,0.40904284,0.00100554,0.05155122,6.66e-06,1.045e-05,7.86e-05,2.27e-06
1.2.840.113619.2.203.4.279707905.1578948812.431891.1.png,0.71724486,0.00414354,4.8e-07,8.199e-05,0.00157771,5.339e-05,0.94842,0.67412233,0.98793614,0.00047381,9.523e-05,5.454e-05,0.00078242,0.688894,0.0021556,8.41e-06,9.26e-06,1.964e-05,0.00039989
1.2.840.113619.2.370.4.279707905.1578720436.133352.png,5.6e-07,0.95765513,9.75e-06,5.8e-07,2.76e-06,0.00092463,0.01363705,5e-08,3.825e-05,0.21426442,0.01150215,0.00032224,0.06736198,0.00033012,0.00752589,5e-08,0.02383463,1.08e-06,1.49e-06
1.2.840.113619.2.370.4.279707905.1576385847.564335.png,0.58667123,0.00046472,0.9981541,0.38262257,0.06180633,0.07141874,0.00401157,0.00076841,0.00922585,0.0020086,5.79e-05,0.07159716,1.549e-05,3.379e-05,6.092e-05,0.00013738,7.653e-05,4.242e-05,0.00099137
1.2.840.113619.2.203.4.279707905.1579116560.960177.1.png,0.9999997,8.803e-05,0.99082726,0.9937208,0.00011125,7.4e-07,8.81e-06,9e-08,1.289e-05,2.1e-07,2.1e-07,2.87e-06,1.242e-05,0.54294497,4.052e-05,0.7751282,1.375e-05,4.19e-06,4.842e-05
1.2.840.113619.2.203.4.279707905.1574883949.494250.1.png,0.8629196,0.01471593,0.00142458,7e-07,3.2e-06,0.06905586,0.27300087,0.21697406,1.479e-05,0.3606843,0.22094373,0.07000977,0.00114866,0.9982101,3.614e-05,5e-06,4.89e-06,0.00025378,0.23518218
1.2.840.113619.2.203.4.279707905.1577998195.77784.1.png,0.977747,3.456e-05,0.00026217,0.00171548,0.00709816,0.00132031,0.3718139,0.10761596,0.55584157,0.00163319,0.00185612,0.0023818,0.00025177,0.99662685,1.526e-05,4.135e-05,1.4e-07,0.04054161,3.233e-05
1.2.840.113619.2.370.4.279707905.1575477765.123383.png,0.04496498,0.10991415,0.00220608,3.52e-06,0.00016944,0.00316836,0.67848194,0.06164716,0.02474366,0.00972991,0.05970506,0.02216673,0.0188615,0.15424736,0.01061674,0.00080437,2.251e-05,0.01491539,0.00254763
1.2.840.113619.2.370.4.279707905.1577408198.199564.png,0.00035083,0.33267617,0.00061252,8.13e-06,0.00015398,0.00038487,0.2444292,0.00014639,0.09243223,0.37157783,0.00210021,0.00024046,0.00022009,0.04592522,0.0448499,0.00015932,0.00205436,0.04043645,0.00508851
1.2.840.113619.2.370.4.279707905.1601791643.765628.png,0.77194834,0.03026482,0.00097368,4.3e-07,0.00166645,0.00082626,0.7274211,0.0196259,1.424e-05,0.0494494,0.00208478,0.0065714,0.00010175,0.8162262,0.00661085,2.615e-05,4.555e-05,0.0001709,0.26609036
1.2.840.113619.2.370.4.279707905.1603594254.253654.png,0.00045443,0.00077497,0.00053567,0.63844216,0.00022855,0.00332262,6.092e-05,4.3e-07,0.10061939,0.00013813,0.6477118,6.85e-06,1.386e-05,0.01732994,0.00066935,2.867e-05,2.831e-05,8.86e-06,3.277e-05
1.2.840.113619.2.370.4.279707905.1596250631.586929.png,0.06762644,0.1452607,0.32951295,0.00215502,0.00529376,0.03145292,0.00061604,1.107e-05,3.992e-05,0.30628544,0.00156635,0.09553207,5.62e-06,0.00172564,0.00154642,7.73e-06,0.00213906,4.1e-07,0.00044454
1.2.840.113619.2.370.4.279707905.1577931917.931995.png,0.03886548,0.05566868,0.00130971,0.0004739,0.01369588,9.481e-05,0.04715311,0.18994433,0.000173,0.00309042,0.5670005,0.00586322,0.00043824,0.44999275,0.00565638,6.933e-05,4.792e-05,0.0251931,0.00436556
1.3.12.2.1107.5.3.33.2229.11.202009271414110671.png,0.9999992,0.4102598,0.00064421,0.03280425,0.00038552,0.05274338,6.08e-06,5e-08,2e-08,5.675e-05,0.02056284,0.03536793,0.0017195,0.00229473,0.00078316,0.0002604,0.00099012,2.09e-06,8.86e-06
1.2.840.113619.2.370.4.279707905.1576478485.215691.png,0.08070938,6.07e-06,0.04235636,0.59209406,0.0286689,0.63052493,0.06091697,0.00256403,0.49477637,0.02027527,0.00705819,0.00127385,8.82e-06,0.00430781,1.96e-05,0.00264517,2.51e-06,0.0023768,2.876e-05
1.3.12.2.1107.5.3.56.1642.11.202006191556190453.png,0.7111526,0.87442094,0.32712758,0.00122022,7.895e-05,6.823e-05,0.20319697,0.03028035,0.00620856,0.03267649,9.311e-05,6.131e-05,2.883e-05,0.00869246,0.24529213,0.00017892,0.00235101,1.699e-05,0.00097592
1.2.840.113619.2.370.4.279707905.1579568746.844189.png,0.02240292,0.7800266,0.00180096,1.067e-05,0.00345551,0.03391878,0.01878169,0.00012855,4.961e-05,0.9679091,0.00841878,0.00115162,0.00562367,0.06963084,0.4613252,0.00014607,0.00029821,0.00059974,0.00474811
1.2.840.113619.2.370.4.279707905.1577755421.24685.png,2.896e-05,0.01306618,2.69e-06,4.75e-06,6.28e-06,3.788e-05,0.93045944,0.01607441,0.7938453,0.01152182,0.01137819,6.558e-05,0.00011201,0.00046718,0.00020069,1.11e-06,2.07e-05,0.00013715,2.91e-06
1.2.840.113619.2.203.4.279707905.1574696951.310225.1.png,0.14086047,0.00079298,3.1e-07,7.188e-05,2.048e-05,0.00041859,0.0008017,0.00543326,8.524e-05,1.417e-05,0.02674464,1.592e-05,0.00011655,0.0798057,0.00272959,2.86e-06,1.34e-06,0.81207013,9.576e-05
1.2.840.113619.2.370.4.279707905.1605859164.257435.png,0.00191032,0.99725217,0.0001746,0.05669004,0.00299649,1.795e-05,0.02138072,0.00141782,7.52e-05,0.00016504,0.00137245,0.0535142,0.07963028,2.91e-05,0.9955953,0.01727295,0.00420624,1.6e-06,0.00016595
1.2.840.113619.2.370.4.279707905.1583983158.222941.png,0.7071674,0.0083326,0.00885114,0.00499114,0.0012767,0.00102846,0.62610334,0.00795431,0.00228947,0.00420569,0.00324914,0.00021826,0.00016448,0.37640613,0.00096724,0.00047633,0.00209149,0.08623528,0.13236766
1.2.840.113619.2.370.4.279707905.1579395702.162742.png,0.16057462,3.73e-06,0.7306963,0.9984188,4.7e-06,0.01807156,0.00010998,0.00041977,0.9522729,0.00036147,0.00159572,1.78e-05,5.5e-07,0.00173404,4.868e-05,0.00018094,8.2e-07,9.8e-07,1.39e-06
1.3.12.2.1107.5.3.56.1642.11.202009301542480359.png,0.9990374,3.265e-05,0.9970214,0.9991136,0.00244785,0.00165179,0.05512162,0.00478682,0.00911227,6.71e-06,0.00014134,0.00011326,0.00012031,8.103e-05,4.94e-06,0.00104357,0.06770968,5.867e-05,0.00064899
1.2.840.113619.2.370.4.279707905.1578832524.396523.png,2.032e-05,0.97093594,0.00071195,0.00032724,0.00074534,0.00087591,0.00791392,0.05865219,0.00026376,3.523e-05,0.9998743,0.00243735,5.254e-05,0.00012331,0.00022714,5.21e-06,2.24e-06,5.2e-07,5.66e-06
1.3.12.2.1107.5.3.33.2229.11.202009071423570203.png,0.24891828,0.01697831,0.02225301,2.75e-05,0.00033125,0.00066483,0.02346277,0.00190256,0.24247716,0.01977998,0.00018855,0.32483613,9.977e-05,0.00038779,0.0086144,1.388e-05,0.01165839,1.75e-06,9.911e-05
1.2.840.113619.2.203.4.279707905.1575314551.937944.1.png,0.00949837,0.18181996,0.00012736,0.0001037,0.04254443,0.9719458,0.24992117,0.00162359,0.6948373,0.97286874,0.00189887,0.01295217,0.00100032,0.0030357,0.00017424,0.00028667,1.552e-05,0.00248502,1.014e-05
1.2.840.113619.2.370.4.279707905.1588743172.949888.png,0.08417524,0.9314036,0.00072564,0.02196702,5.67e-06,0.0003143,3.07e-05,0.00026404,0.00060316,0.80046576,0.00015829,5.06e-06,0.0005138,0.00102007,0.9401438,0.00437291,0.00059548,8.5e-06,0.00016658
1.3.12.2.1107.5.3.33.2229.11.201912221654410312.png,0.9803486,0.00185859,0.05923372,0.9242476,0.00013269,0.00781727,6.328e-05,1.7e-07,0.00639048,0.00345866,8.89e-06,1.253e-05,6.22e-06,0.96279913,0.04189628,0.01086776,3.58e-06,0.00031143,7.607e-05
1.3.46.670589.30.1.6.1.963334151171.1598948670046.2.png,1.12e-06,0.6482298,0.00034396,2.7e-07,1.524e-05,0.00226056,0.9533155,0.00012119,0.00026656,0.30663508,0.03729012,0.00016998,6.651e-05,3.657e-05,0.00033805,4.3e-07,0.00075077,1.39e-06,4.6e-07
1.2.840.113619.2.203.4.279707905.1579207029.879587.1.png,0.9992968,0.00056231,0.00055556,0.00036712,2.008e-05,0.00096557,0.01849871,0.000434,0.72805655,0.00120746,1.577e-05,1.774e-05,7.323e-05,0.9999919,2.113e-05,4.27e-06,1.5e-07,0.29357442,0.00108762
1.2.840.113619.2.370.4.279707905.1576907109.350962.png,0.9637786,0.96391153,0.0036045,0.00031605,0.000101,0.00261274,4.031e-05,2.951e-05,2.674e-05,0.02413066,0.00029942,5.977e-05,0.00031264,0.04435236,0.3181122,0.00605942,0.0039482,0.02382693,0.00830143
1.3.12.2.1107.5.3.56.1642.11.202004271643460421.png,0.01772366,0.11723617,0.00239745,0.35350677,0.00116344,1.668e-05,0.00080155,0.0002827,0.03080862,0.00021224,0.02857298,0.24034302,0.05638303,0.0005819,0.18444176,0.00060521,0.0200902,5.698e-05,6.12e-06
1.3.12.2.1107.5.3.33.2229.11.202001291019160625.png,0.02903903,0.02869462,7.167e-05,4.524e-05,0.00234169,6.16e-05,0.9423454,6.3e-06,0.01507645,0.00860996,0.01567222,0.1530435,0.00032377,0.01266254,0.00532738,0.00030534,2.003e-05,0.00148319,3.239e-05
1.2.840.113619.2.370.4.279707905.1603414153.603242.png,0.00419231,0.19420215,0.00066236,8.41e-06,0.00010642,0.00051136,0.15027668,0.00842711,0.00086576,0.0113113,0.56336397,0.8904244,0.00754856,0.0060232,0.24366188,0.000114,4.833e-05,9.406e-05,2.721e-05
1.2.840.113619.2.203.4.279707905.1574698341.464153.1.png,0.00807808,0.22250707,1.198e-05,5.31e-06,0.02106672,0.28343055,0.01578521,0.00910061,0.00033468,0.01743583,0.28051767,0.00055445,4.989e-05,0.00263111,0.00016112,1.921e-05,7.3e-07,0.0905083,7.21e-06
1.3.12.2.1107.5.3.56.1642.11.202010191539250453.png,0.93456453,7.36e-06,0.9990256,0.9291242,0.00040463,0.00012609,0.28716132,3.191e-05,4.504e-05,4.76e-06,9.33e-06,1.658e-05,0.00012517,5.36e-06,5.547e-05,0.05917092,0.00039895,1.652e-05,0.0001776
1.3.12.2.1107.5.3.56.1642.11.202011061534400765.png,0.0571702,6.58e-06,0.9566486,0.99844104,0.00021511,1.582e-05,2e-07,1.07e-06,4.216e-05,3.77e-06,2.53e-06,7.2e-07,5.1e-07,3.1e-06,1.35e-05,0.9754086,1.95e-05,1.356e-05,0.00051777
1.3.12.2.1107.5.3.33.2229.11.202001280928290015.png,8.07e-06,0.92593133,3.5e-07,2.122e-05,1.501e-05,0.26322404,0.00089228,0.00014195,0.00097158,0.989949,0.00328231,3.652e-05,0.00132252,0.00020408,0.03071152,6.81e-06,0.00186212,1.323e-05,7.34e-06
1.2.840.113619.2.203.4.279707905.1579029496.528348.1.png,0.8510334,0.00138022,0.0046159,0.89579016,0.40992787,0.11799145,0.15145549,0.00294766,0.00042541,0.00034258,0.00720177,1.066e-05,9.095e-05,0.7551629,0.00200775,0.0001177,7.7e-06,0.00141614,0.00027937
1.2.840.113619.2.370.4.279707905.1597194821.42091.png,0.00027958,0.01097423,0.00046551,0.00010522,0.00143273,5.015e-05,0.8987075,8.631e-05,0.6127436,0.00232174,0.00784387,2.52e-05,2.231e-05,0.00062752,0.00077495,6.532e-05,5.21e-06,0.1531567,1.399e-05
1.3.12.2.1107.5.3.56.1642.11.202005041411590281.png,0.08784527,1.32e-05,0.12607025,0.30694896,5.9e-07,6.58e-06,0.00012901,2e-08,3e-07,3.1e-07,4.001e-05,9.51e-06,8e-07,4.72e-06,2.78e-06,0.99949235,0.0001253,0.00031608,4.17e-06
1.2.840.113619.2.370.4.279707905.1574732638.140224.png,0.01335003,0.6989516,0.00027748,0.01684428,0.00359966,0.9911179,0.00184885,0.22525442,0.00077021,0.9581279,0.000407,0.00015664,8.352e-05,0.00185838,0.00463799,0.00131184,5.793e-05,0.01445918,0.00015094
1.2.840.113619.2.370.4.279707905.1577055626.344299.png,0.4930415,0.12344119,0.900536,0.99129057,0.01777236,0.1403099,0.54068863,0.22793277,0.00586441,0.00070916,0.0006715,2.161e-05,0.00078832,0.00253614,0.00287388,0.0001223,0.00226878,4.33e-06,0.00777829
1.2.840.113619.2.370.4.279707905.1593571120.87573.png,0.98290414,5.801e-05,0.80946773,0.91868395,0.00065839,0.02357717,0.7714464,0.00714756,0.57150346,0.08901098,6.96e-06,0.00013175,1.148e-05,0.00015823,8.481e-05,0.02991605,4.22e-05,0.0011216,7.72e-06
1.2.840.113619.2.370.4.279707905.1577417324.167387.png,0.12267551,0.01304954,2.601e-05,0.00032277,0.00059161,0.00012727,0.00880714,0.03811574,0.00322425,0.0009232,0.25097892,0.01883649,0.0001954,0.95584255,0.00023438,0.00018755,1.02e-06,0.00442815,0.00065311
1.2.840.113619.2.203.4.279707905.1578942618.186812.1.png,0.99635315,0.00029491,0.01810779,0.347656,0.04016507,0.00518235,0.02419129,3.186e-05,0.00378917,0.00033529,0.00061238,1.399e-05,6.451e-05,0.9997398,0.00015381,0.00013933,4.76e-06,0.03710002,0.00056191
1.2.840.113619.2.370.4.279707905.1605064015.898168.png,0.02813349,4.7e-07,0.00695619,0.99997795,2.45e-06,0.02503067,0.00204339,0.02295562,0.99325895,0.0844445,3.476e-05,2.22e-06,7.8e-07,3.28e-06,4.66e-06,0.00604779,9.8e-07,2.95e-06,2e-08
1.2.840.113619.2.370.4.279707905.1578796524.553298.png,0.9785504,0.00011706,0.09453797,0.8567375,0.00736444,0.03549309,0.00457724,0.00797329,0.07829225,0.00171943,0.00292287,0.00239282,0.00025293,0.00412103,0.00546544,0.02067285,0.00754242,0.00613926,0.0001245
1.2.840.113619.2.370.4.279707905.1574579816.274320.png,0.12622362,0.00143846,0.0092539,0.999797,1.603e-05,0.00308358,0.00047027,1.248e-05,0.99482226,0.01843984,0.00087464,9.93e-06,2e-08,6.084e-05,0.00288641,0.01489644,7.4e-07,1.17e-06,1.88e-06
1.2.840.113619.2.370.4.279707905.1575272353.544123.png,0.00212183,0.07232926,0.00035364,0.00080832,0.00184006,0.00137419,0.0125158,0.00190484,0.00038007,0.9651604,0.07725602,0.00878621,0.0001052,0.8317731,0.00010171,0.00014663,8.63e-06,1.298e-05,2.221e-05
1.2.840.113619.2.370.4.279707905.1575944322.24418.png,0.00742422,0.98683834,0.00098147,0.52010155,0.00015403,0.02090874,0.00010704,0.00010444,0.00037423,0.107449,0.00012456,4.06e-05,8.184e-05,3.599e-05,0.76637566,0.00782979,0.00013781,4.75e-06,5.572e-05
1.3.12.2.1107.5.3.33.2229.11.202009051636080046.png,0.34705523,0.01032055,0.00439039,0.08089242,0.00479143,0.00014277,0.5633002,0.09583976,0.03921905,0.00961632,0.14947,0.00059496,3.079e-05,0.01450843,0.0002755,0.00159746,0.02141412,0.00034916,6.341e-05
1.2.840.113619.2.203.4.279707905.1574718717.497759.1.png,0.99998474,1.683e-05,0.98712105,0.9892191,0.21105374,0.00056578,0.00019327,0.25569916,0.27207217,0.0454237,5.13e-06,0.00018289,6.781e-05,0.00010231,2.45e-06,0.02351798,0.00373426,0.0003497,3.16e-05
1.2.840.113619.2.203.4.279707905.1576699781.185845.1.png,0.99554634,7.08e-06,1.563e-05,9.872e-05,1.5e-06,0.00048703,0.96482766,0.00228308,0.9998317,0.00186419,4.07e-06,2.621e-05,5.61e-06,0.81767994,9.555e-05,1.013e-05,1.12e-06,0.1275399,5.783e-05
1.2.840.113619.2.370.4.279707905.1587027821.8498.png,0.11440038,0.8598316,0.0632257,0.00048701,0.00043186,3.12e-06,0.16744797,0.01251161,0.03615132,0.00021974,7.62e-06,0.00310825,0.00071906,3.248e-05,0.87025553,0.0001877,4.959e-05,1.07e-06,0.01072237
1.2.840.113619.2.370.4.279707905.1595827624.685221.png,0.08297962,2.69e-06,0.3264156,0.99994576,6.62e-06,0.00384111,0.00034691,0.00062996,0.99978536,0.00026949,2.402e-05,6.3e-07,1e-07,0.00036885,6.321e-05,0.00226971,1.2e-06,5.3e-07,6.7e-07
1.2.840.113619.2.370.4.279707905.1603848693.984154.png,0.08082211,0.03940278,0.16807427,0.0,0.00122819,0.00015961,0.6038444,0.00023228,2.139e-05,0.00029442,0.03106338,0.11375292,0.02275549,0.02316258,0.00015251,3.334e-05,1.123e-05,0.00100329,0.00701265
1.2.840.113619.2.370.4.279707905.1605924995.959374.png,0.01735643,0.73071694,2.72e-06,0.00026439,0.03266061,6.17e-06,0.08000278,0.00828351,0.01900305,0.04966172,0.00853891,7.543e-05,0.00024341,0.02581936,0.7608864,0.00017944,6.507e-05,6.188e-05,0.00062488
1.2.840.113619.2.370.4.279707905.1589778011.999678.png,0.20200484,3.584e-05,0.05275594,0.9958419,0.00402939,0.05419443,0.0031701,0.337588,0.9986299,0.00133875,0.00279993,0.00043374,1.24e-06,0.00059636,0.00033802,0.00023089,3.173e-05,3.96e-06,1.522e-05
1.2.840.113619.2.203.4.279707905.1578000692.85423.1.png,0.8367083,0.61165,0.00014932,0.00054939,0.00615995,0.02244356,0.00652195,0.3504845,0.00515262,0.00882068,0.00342168,0.00022628,0.00156664,0.03832952,0.32639316,0.00079279,0.00021517,0.00081961,0.00054399
1.2.840.113619.2.203.4.279707905.1603915756.604470.1.png,0.00135379,0.00435444,0.00011024,0.00178265,0.00910582,0.00194746,0.82288545,0.8756316,0.99168503,0.02685707,0.0003527,4.269e-05,0.00022611,0.00030745,0.01556341,0.00025853,0.00067327,0.00104454,0.00056708
1.3.12.2.1107.5.3.33.2229.11.202011041111480875.png,0.99981475,0.00165049,0.9609623,0.9907121,0.00621126,0.00173651,0.00015943,0.00657739,0.00096263,0.19569623,0.00014363,0.00058751,0.00023226,0.00088438,3.471e-05,0.00310778,0.00292595,0.00526789,0.00036623
1.2.840.113619.2.370.4.279707905.1575216880.653093.png,0.00021434,0.94540393,4.98e-06,9e-07,1.621e-05,3.03e-06,0.43023732,1.42e-06,0.00617171,0.02588216,0.4157248,0.00031031,1.191e-05,0.00377973,0.25006938,4.55e-06,1.642e-05,7.72e-06,3.97e-06
1.3.12.2.1107.5.3.33.2229.11.202003301036030859.png,0.17424124,0.00012093,0.00013974,0.7919204,3.22e-06,0.0032264,0.00209543,0.8461034,0.9997508,0.00220659,5.39e-05,2.406e-05,1.16e-06,0.00079094,9.46e-05,5.807e-05,0.00154961,0.00098067,4.5e-07
1.2.840.113619.2.370.4.279707905.1576976894.657217.png,0.00071774,0.04161158,0.00010814,0.00020868,8.53e-05,3.64e-05,0.00815496,0.00566148,0.00078644,0.33285388,0.03466684,5.531e-05,1.603e-05,0.07287816,7.929e-05,2.08e-06,2.3e-07,0.00041882,3.38e-06
1.2.840.113619.2.370.4.279707905.1576456460.829549.png,0.0088335,0.01044147,0.3107531,0.00018529,0.10855737,0.01108807,0.10377813,0.9194861,0.03579792,0.5642529,0.00171555,0.00055945,0.00145069,0.25389513,0.00627731,8.853e-05,0.0001871,0.00104802,0.0278564
1.3.12.2.1107.5.3.56.1642.11.202006141815590046.png,0.946666,7.77e-06,6.636e-05,0.9965405,9.04e-05,3.408e-05,9.648e-05,4.726e-05,2.197e-05,8e-07,0.00230314,0.00072138,3.438e-05,3.028e-05,7.843e-05,0.9999937,0.000237,3.12e-06,7.5e-07
1.2.840.113619.2.370.4.279707905.1574468496.892493.png,0.00028038,0.95783013,0.0241519,0.00171347,0.00115591,0.00084182,0.05422244,0.00068635,6.199e-05,8.16e-05,0.98343474,0.0457395,0.09860182,0.00023388,0.0001401,5.526e-05,0.00032991,9.61e-06,4.064e-05
1.3.46.670589.30.1.6.1.963334151171.1593093974406.2.png,0.99983627,2.3e-07,0.9578556,0.99642664,0.04193093,0.00017482,8.159e-05,2.5e-07,4e-08,1.109e-05,0.00101975,0.00365025,4.505e-05,3.451e-05,2.9e-07,2.5e-07,0.00335094,7.62e-06,1.07e-05
1.3.12.2.1107.5.3.56.1642.11.201911231536420828.png,0.00706686,5.333e-05,0.14987534,0.99991226,5.516e-05,0.11458057,0.00158669,0.3651165,0.04410974,0.04181825,0.00479215,4.708e-05,2.33e-06,4.111e-05,1.18e-06,0.00455014,0.00019586,3.41e-06,6.24e-06
1.2.840.113619.2.370.4.279707905.1575097808.708623.png,0.02405549,0.916945,0.00016969,0.00342508,0.00295745,0.00020832,0.00427983,3.655e-05,0.00222085,0.22963668,0.01625999,0.00017552,0.00085232,0.06526632,0.9923684,0.00360428,0.00047674,0.00189869,0.00068176
1.2.840.113619.2.203.4.279707905.1575919934.807926.1.png,5.47e-06,0.00015687,4.8e-07,6e-07,1.1e-07,7.31e-06,0.01917917,0.00287476,0.0465633,0.00026617,3.46e-06,7.5e-07,1.25e-05,2.56e-06,2.116e-05,1.6e-06,1.75e-06,0.9518492,2.5e-07
1.2.840.113619.2.370.4.279707905.1594773201.478910.png,0.99532914,0.00204662,0.01538181,0.25537264,0.03496644,3.093e-05,0.03552622,4.811e-05,0.9203432,0.00947758,0.00745192,0.32383445,2.62e-06,0.00923037,0.0061013,0.00100517,4.33e-06,3.1e-06,1.961e-05
1.2.840.113619.2.370.4.279707905.1576888766.691712.png,0.0862294,0.8134882,0.0001899,0.0,1.3e-07,0.00021663,0.00360667,0.00018611,1.828e-05,3.495e-05,0.00128787,0.91574186,0.99953425,0.18007839,0.00098462,3.21e-06,7.79e-06,3.84e-05,0.00051183
1.2.840.113619.2.370.4.279707905.1575077135.973300.png,0.00636349,0.08000338,0.87257826,0.00214928,0.01933146,6.64e-06,0.01173535,0.00013648,1.685e-05,0.00050024,0.00134822,0.06840085,3.05e-05,0.00103144,0.28235325,0.00077278,0.00549304,1.4e-07,0.00189728
1.3.12.2.1107.5.3.56.1642.11.202007031620290562.png,0.999615,0.00155724,0.38207784,0.18460307,0.00181813,0.00029064,6.674e-05,0.00378011,9.03e-06,0.00403309,8.21e-06,2.713e-05,2.81e-06,0.00918914,5.838e-05,0.16361474,0.00345577,0.23161007,0.00025354
1.2.840.113619.2.203.4.279707905.1591208906.767497.1.png,0.00011595,0.00012588,1.347e-05,0.00797296,0.00013488,0.00066068,0.80146354,0.9989634,0.99999267,0.00052306,2.544e-05,1.524e-05,0.00010567,3.93e-06,0.00057666,1.082e-05,1.369e-05,2.24e-06,1e-07
1.2.840.113619.2.370.4.279707905.1601781781.875999.png,0.06641682,0.20803437,0.00038499,0.17268185,0.00016493,0.12666817,0.0214237,0.00028923,0.7924099,0.7772052,0.00107784,0.00061443,0.001482,0.00558786,0.12861052,0.00040587,0.00045655,0.01160878,8.169e-05
1.2.840.113619.2.203.4.279707905.1587994807.392348.1.png,0.31012017,0.0001525,0.00158881,0.0025766,0.18769968,0.09251697,0.0195518,0.02168455,0.00277266,0.00112368,0.00146827,0.00392823,0.00011633,0.01150589,0.00066507,0.00104261,0.00011989,0.8495071,7.583e-05
1.3.12.2.1107.5.3.33.2229.11.202005231416200375.png,0.00099721,0.112439,0.00084444,3.55e-05,0.00014596,0.00023087,0.7973919,2.812e-05,0.00013445,0.00040645,0.06810276,0.02188257,0.01357746,6.159e-05,0.37984753,0.00030803,0.0001666,5.32e-06,8.289e-05
1.2.840.113619.2.370.4.279707905.1579346303.671053.png,0.9999812,0.00017308,0.97939974,0.9803089,0.9962832,0.38885143,0.9930058,0.0002047,0.00142351,4.674e-05,0.00094571,0.02317731,0.01461976,0.00165575,5.931e-05,0.10526624,0.00054039,0.00016092,0.00058917
1.3.46.670589.30.1.6.1.963334151171.1579537670546.2.png,0.00320531,0.00013039,0.00961494,0.00047373,0.00015505,0.000444,0.8332844,0.00838725,0.00134233,9.97e-06,0.4109592,0.00068005,0.00507407,0.0016045,0.0008584,7.798e-05,0.01981576,0.00018787,0.06916826
1.2.840.113619.2.370.4.279707905.1603604888.50658.png,0.97653145,0.00545263,0.90604496,0.73048514,0.00147442,0.00125227,0.00277451,0.00063857,0.00566461,0.00997335,8.32e-06,2.988e-05,8.412e-05,0.00419886,0.00322848,0.01651759,0.0057051,0.00032253,0.00030498
1.2.840.113619.2.370.4.279707905.1593568204.195791.png,4e-08,0.998365,1.3e-07,5.097e-05,2.34e-06,0.0344513,0.00597904,0.02851422,0.08149193,0.28791288,0.11999471,2.617e-05,0.00223188,3.03e-06,0.01230533,8.17e-06,4.441e-05,2.05e-06,3.1e-07
1.2.840.113619.2.203.4.279707905.1574888421.995965.1.png,0.32164207,0.1740882,0.01330349,0.00331281,0.00018075,0.00990276,0.00074383,3.145e-05,1.429e-05,0.00581403,0.03648319,0.01319865,0.13595511,0.03885814,0.64226717,0.00220215,0.00064978,0.05650162,0.00685669
1.2.840.113619.2.370.4.279707905.1601019263.131252.png,0.8992861,0.00015723,0.94734925,0.9995876,0.04639034,0.426865,0.2167305,0.9702453,0.8502783,0.00027677,0.0019429,0.00023059,0.00027205,0.00068802,0.00016169,0.00054681,0.00891573,5.438e-05,0.00024037
1.2.840.113619.2.370.4.279707905.1605833780.135941.png,0.01130268,0.55784225,0.00026634,0.00023471,0.00038773,0.00797932,0.00353213,0.00205145,0.00720084,0.38862336,0.09006665,0.0026626,0.00114805,0.04965536,0.5112644,0.00014533,0.00106067,0.00543723,0.00138531
1.3.12.2.1107.5.3.56.1642.11.202008041547070500.png,4.156e-05,0.04478532,3.221e-05,0.00537247,0.00025454,0.00044677,0.13996133,0.00032176,0.00216757,0.00019451,0.719741,0.00067566,0.11241143,2.122e-05,0.00238875,2.368e-05,0.00224309,3.4e-07,1.1e-07
1.2.840.113619.2.370.4.279707905.1576551176.461619.png,0.00174901,0.0829774,5.192e-05,1.98e-06,0.0001639,7.806e-05,0.852407,0.00808938,0.06467686,0.06845616,0.12806204,0.00073205,0.00194894,0.08725293,0.01690157,4.86e-06,0.0013947,0.01330039,0.00061198
1.2.840.113619.2.203.4.279707905.1575924909.516934.1.png,0.96118736,2e-06,3.814e-05,7.76e-06,0.00308116,8.51e-06,0.4032886,0.12061337,0.5178118,0.00095709,0.39760417,0.9559754,1.8e-05,0.99758506,2.372e-05,9.918e-05,3.6e-07,0.00048931,4.586e-05
1.3.12.2.1107.5.3.56.1642.11.202008241115120046.png,0.97487974,0.08151632,0.99432707,0.92104816,5.555e-05,0.00014057,0.00066866,0.00016789,4.33e-06,0.02237332,1.104e-05,1.611e-05,1.172e-05,0.00500586,0.0046776,0.00283961,1.406e-05,3.381e-05,0.00079111
1.2.840.113619.2.370.4.279707905.1575272560.305344.png,0.15436512,0.9514772,2.546e-05,0.00679295,0.00066297,0.00213381,0.00098782,0.00052549,0.01743443,0.7617028,7.741e-05,3.12e-06,0.000999,0.01770857,0.8382444,0.00146463,0.00733594,0.00091541,0.0010099
1.2.840.113619.2.370.4.279707905.1585793760.907873.png,0.00384744,0.12544182,1.1e-05,3.289e-05,0.00029207,7e-08,0.90925187,0.00012627,7.482e-05,9.2e-07,0.23256566,0.9999443,0.97839373,0.00017254,0.6047722,0.00760305,0.00010137,6.7e-07,7.31e-06
1.2.840.113619.2.203.4.279707905.1577476384.738792.1.png,0.01446978,2.533e-05,4.612e-05,0.00782236,6.541e-05,0.00237797,0.12307969,0.99780434,0.9971902,6.099e-05,0.00016958,0.00156525,0.00020583,0.00066405,6.304e-05,3.55e-06,1.519e-05,6.428e-05,2.44e-06
1.2.840.113619.2.370.4.279707905.1585790638.506745.png,0.01952068,5.515e-05,0.04344967,0.02221068,0.00045371,0.01318444,0.81166995,0.04200958,0.01696978,0.07407364,0.00106254,0.00101593,0.0001578,0.00036312,0.00023412,0.00017546,1.191e-05,0.00121746,2.707e-05
1.2.840.113619.2.370.4.279707905.1595396612.359785.png,0.00235968,0.9596708,8e-08,0.00087469,0.00034044,6.17e-06,5.987e-05,1.179e-05,2.5e-07,0.10999081,0.33383688,2.074e-05,0.00017027,4.081e-05,0.9942891,7.147e-05,4.3e-05,1e-08,7.4e-07
1.2.840.113619.2.370.4.279707905.1599007929.205202.png,0.95661366,2.09e-06,0.88899183,0.9999336,0.00047011,0.41589907,0.02439474,0.04899406,0.9997477,0.00018525,1.934e-05,9.76e-06,3.1e-07,4e-06,1.783e-05,0.00834715,1.353e-05,7.82e-06,5.05e-06
1.2.840.113619.2.370.4.279707905.1579056395.655797.png,0.2721774,0.60424566,0.28054258,1.88e-06,0.00027108,0.00069924,0.06173983,0.00057258,1.043e-05,0.06900776,0.00265874,0.08417259,0.18756051,0.318521,0.10579834,2.591e-05,0.00041836,0.00071801,0.1073726
1.2.840.113619.2.370.4.279707905.1583223099.416794.png,0.14848472,0.5087143,0.798318,9.03e-06,0.29917043,0.00023319,0.00071024,6.7e-07,8.9e-07,0.12732632,0.05999229,0.00982091,0.00306923,0.15091948,0.6014878,0.00014457,0.00064784,0.00015879,0.07173394
1.2.840.113619.2.370.4.279707905.1578553430.377142.png,0.99764425,1.952e-05,0.99467045,0.99826086,2.42e-06,7.797e-05,0.0022346,2.9e-07,2.808e-05,0.00018648,8.694e-05,1.5e-05,1.03e-06,0.00127453,3.94e-06,5.715e-05,3.55e-06,2.13e-06,2.62e-06
1.2.840.113619.2.203.4.279707905.1578683195.88685.1.png,2e-07,0.00052187,9e-08,3.55e-06,6.4e-07,4.144e-05,0.00021142,0.00037025,2.576e-05,6.6e-06,0.00034158,1.68e-06,0.00011411,9.01e-05,2.571e-05,1e-07,1.5e-07,0.9996425,5.4e-07
1.2.840.113619.2.370.4.279707905.1602039051.607033.png,0.19520938,0.00704061,0.1419721,0.00024322,0.00434175,0.00036368,0.10793085,0.00014261,0.00010698,0.01405526,0.7318855,0.03270426,0.00321386,0.65872675,0.00166229,1.916e-05,0.01054805,0.00048066,0.01460771
1.2.840.113619.2.370.4.279707905.1592619575.95271.png,0.7446762,0.00145625,0.01713424,0.0,1.482e-05,7.6e-06,0.73060125,0.0821405,1.063e-05,6.56e-05,0.4256054,0.05515378,7.885e-05,0.9477234,5.1e-06,1.78e-06,2.26e-06,0.00016605,0.613746
1.2.840.113619.2.370.4.279707905.1578374733.909526.png,0.9736536,0.35325307,0.0002051,0.00232485,0.00118768,0.00140335,0.00387889,0.00027984,0.01442898,0.00369557,0.00211042,0.00047438,9.776e-05,0.99205387,0.03376855,0.00259252,4.392e-05,0.04944158,0.00728996
1.2.840.113619.2.203.4.279707905.1578512300.453764.1.png,0.8824845,0.02037834,0.96235466,1.79e-06,1.79e-06,0.00041867,0.00247648,3.6e-07,1.42e-06,8.79e-06,0.0408844,0.9855552,0.95124185,0.02257146,0.00081456,6.684e-05,0.00010513,0.00251965,7.41e-05
1.2.840.113619.2.370.4.279707905.1579485364.771425.png,1.4e-07,0.99184495,6.576e-05,0.0,5.84e-06,0.00175773,0.00169933,0.00100463,2.85e-06,0.00242748,0.9901744,5.08e-06,3.698e-05,6.51e-06,9.19e-06,2.5e-07,2.85e-06,1.25e-06,4.9e-07
1.2.840.113619.2.370.4.279707905.1593586901.138307.png,0.92715335,3.287e-05,0.15112965,0.9888796,0.00018604,0.00468655,0.00095121,0.00136364,0.84578645,0.0345563,0.00054109,7.736e-05,2.03e-06,0.00771147,0.00082859,0.0016097,4.25e-06,0.00016351,3.814e-05
1.3.12.2.1107.5.3.33.2229.11.202009161421010390.png,0.52271324,0.00242055,0.09068326,0.995018,0.00014031,0.10381638,0.01708719,0.2824272,0.21436746,0.01136358,0.01444691,0.00204822,7.871e-05,0.00321484,5.466e-05,0.02433727,0.00145078,0.00021055,0.00122465
1.3.12.2.1107.5.3.56.1642.11.202006281444570046.png,0.0272242,7.128e-05,0.34805363,0.9993612,0.00035577,0.01220737,0.00058878,0.0774312,0.0268756,5.172e-05,0.05767566,0.00021467,4.899e-05,0.00088873,0.00018885,0.4424694,0.00118487,2.357e-05,0.00632712
1.3.46.670589.30.1.6.1.963334151171.1575647741703.2.png,0.01277008,2.063e-05,0.2189354,0.00559467,0.00010153,0.00184786,0.00138656,0.00035123,7.6e-07,6e-07,0.8673202,0.00038356,0.00232114,5.457e-05,7.098e-05,1.141e-05,0.03501416,4.3e-07,0.00123911
1.2.840.113619.2.370.4.279707905.1595480605.857711.png,7.12e-06,0.1923643,0.00436644,5.487e-05,1.325e-05,0.0956272,0.1422202,0.14985354,0.00613629,0.00992647,0.40581557,8.921e-05,0.00296609,0.00017219,0.00027895,2.071e-05,0.00014627,4.59e-06,7.933e-05
1.2.840.113619.2.370.4.279707905.1594434094.119266.png,0.00033847,0.9409878,5.625e-05,2.5e-07,0.00016483,0.00013078,0.02206126,0.00011193,0.00018971,0.00569137,0.9649837,0.00334295,0.00221942,0.00974755,0.02126548,3.44e-06,0.00021727,8.73e-06,0.00022375
1.2.840.113619.2.203.4.279707905.1578329109.78439.1.png,0.7539262,0.00015161,0.00048548,0.92967176,0.00127831,0.99232846,0.21470705,0.95923185,0.99530715,0.9922546,0.00015515,0.00057437,5.075e-05,0.00017771,2.399e-05,0.00138506,0.0005954,9.351e-05,3e-06
1.2.840.113619.2.370.4.279707905.1605100331.943424.png,0.00421954,0.19194958,0.0002627,1.47e-06,4.506e-05,8.95e-06,0.0590237,0.00013602,0.00238005,0.10297442,0.04526248,0.01298612,3.655e-05,0.6166111,0.00095346,8.516e-05,2.56e-06,0.00056769,0.00033577
1.2.840.113619.2.203.4.279707905.1591900599.655395.1.png,0.16162421,0.00931718,0.6483795,1.104e-05,0.00022514,0.04395675,0.00727094,0.03666362,0.00251893,0.00022729,0.00570711,0.68385035,0.01194629,0.01949983,0.00081972,4.492e-05,7.606e-05,0.0113576,0.00443476
1.2.840.113619.2.370.4.279707905.1586245974.583199.png,0.00036247,0.29552582,0.00010342,0.00136689,0.00015819,9.071e-05,0.05629316,0.00047862,0.1113601,0.4251711,0.00056746,8.15e-06,0.00052789,0.00107199,0.8675937,0.00062385,0.00090159,0.00209981,0.00047336
1.2.840.113619.2.370.4.279707905.1583716711.82282.png,0.0003063,0.03407793,5.097e-05,0.01453354,0.02023268,0.00326851,0.2376017,0.00172018,0.01718872,0.8781434,0.00359712,2.138e-05,0.00018985,0.00288903,0.6664482,8.19e-05,4.865e-05,0.00074024,0.0002479
1.2.840.113619.2.370.4.279707905.1581472836.501135.png,0.16511741,0.9941387,3.035e-05,1.77e-06,2.163e-05,0.47842047,0.00122571,0.00050947,9.8e-07,0.8289312,0.00184433,0.0003129,0.00043189,0.09968674,0.02751914,5.46e-06,0.00026502,0.00011365,0.00583084
1.2.840.113619.2.370.4.279707905.1605399135.236960.png,0.84083754,4.131e-05,0.00756416,0.9999756,7.29e-06,0.00463401,0.0004222,0.0001922,0.9994931,0.315918,1.611e-05,1.26e-06,1e-07,0.18005128,0.00022509,0.00118642,9.2e-07,4.6e-07,1.32e-06
1.2.840.113619.2.370.4.279707905.1575881415.834323.png,0.79148906,0.9242692,0.05428515,3.4e-06,0.00012504,0.00199493,0.4344592,0.00816482,6.4e-07,0.00881905,0.00012661,2.263e-05,0.00028113,0.7379346,0.02501378,1.449e-05,4.664e-05,1.527e-05,0.61532575
1.2.840.113619.2.370.4.279707905.1577643084.677359.png,0.28417245,0.03366438,0.01567196,1.872e-05,0.00024453,0.0557659,0.06249766,5.71e-06,9.74e-06,0.19103687,0.6009062,0.0319641,0.00063956,0.6400015,0.00094059,4.621e-05,0.00094661,0.00158126,0.00114989
1.2.840.113619.2.370.4.279707905.1578895312.28850.png,0.5456774,0.00012195,0.21396907,0.775152,0.44420108,0.8291217,0.939224,0.4601235,0.48972276,0.35543,0.00129393,0.00138092,0.00016531,0.02020042,0.00010182,0.0003552,9.59e-06,8.371e-05,1.392e-05
1.2.840.113619.2.203.4.279707905.1574784014.194479.1.png,0.99245614,0.00133553,0.00747448,0.00042983,0.00581055,0.09530704,0.00656186,0.01489717,0.06431281,0.04059334,0.00043067,0.0003371,0.00057411,0.03803667,5.051e-05,0.00065494,0.00255892,0.95519555,0.00013759
1.2.840.113619.2.370.4.279707905.1579587339.350927.png,0.00033075,0.29330942,0.00060476,0.06813524,0.0160035,3.97e-06,0.0066834,0.00019023,0.00642188,3.28e-05,0.01909549,0.264402,0.00070227,3.023e-05,0.9061385,0.0212085,0.01620315,1.8e-07,8.886e-05
1.3.46.670589.30.1.6.1.963334151171.1576506521890.2.png,0.01822955,0.00015566,0.0026788,0.64506453,0.00106412,0.01582209,0.972137,6.942e-05,0.50575763,0.00962944,0.03681691,4.363e-05,6.59e-06,0.00266173,5.483e-05,0.00016489,0.00088251,0.00022306,0.00075585
1.3.12.2.1107.5.3.56.1642.11.201912301552040234.png,0.03393311,0.00033898,0.02177921,0.9715327,1.004e-05,0.00120844,0.0060759,0.00217468,0.7005049,0.07457768,0.00637017,4.51e-06,1.3e-07,0.00018487,0.00011666,0.30954558,2.164e-05,6.3e-07,1.41e-06
1.3.12.2.1107.5.3.56.1642.11.202001090735290890.png,0.00036753,0.00220609,4.32e-06,0.1474175,1.665e-05,0.00011932,0.30987924,0.00227417,0.00074225,3.84e-06,0.82694703,0.01920969,0.10304926,3.108e-05,0.00789378,0.00448716,0.01889275,3.5e-06,2.17e-06
1.2.840.113619.2.203.4.279707905.1574787019.343320.1.png,0.9997189,3.83e-06,2.052e-05,1.626e-05,2.9e-07,0.16525309,0.31469527,0.0048558,0.6928929,0.00303848,7e-08,4.247e-05,4.6e-07,0.00036949,2.46e-06,2.502e-05,7.68e-06,0.03067806,3.7e-07
1.2.840.113619.2.370.4.279707905.1593481875.741824.png,0.6004242,7.637e-05,0.97694904,0.00153053,0.00142038,0.00047788,0.00166756,0.0035281,0.0073735,0.00065802,0.00064782,0.8634852,5.5e-06,0.00017717,2.498e-05,2.529e-05,2.136e-05,0.00055111,0.00010971
1.2.840.113619.2.203.4.279707905.1579472949.780672.1.png,0.12905751,0.04007037,0.0017698,5.5e-07,1.848e-05,0.2712857,0.00445056,4.511e-05,0.00024841,0.03372796,0.00014226,0.13930291,0.0263122,0.01857836,5.857e-05,0.00031605,7.8e-07,0.97108465,0.00013959
1.2.840.113619.2.370.4.279707905.1575613715.65962.png,6.531e-05,0.98678493,0.00010821,8.879e-05,0.00075655,0.00048631,0.05125978,0.12703197,0.00019522,0.03504352,0.95882213,0.00277789,0.00220842,0.00293981,0.0011936,6.488e-05,1.056e-05,1.913e-05,2.19e-06
1.3.12.2.1107.5.3.56.1642.11.202006111554470218.png,0.00075851,0.00415296,0.00023054,0.99689347,1.98e-06,0.00020974,0.00811228,0.00189835,0.58137625,0.01381973,0.01119216,2.26e-06,1.1e-07,2.5e-06,6.151e-05,0.8376553,0.00025887,2.97e-06,5.5e-07
1.3.12.2.1107.5.3.56.1642.11.202008121526080281.png,0.00180808,0.00127526,0.00589859,0.9837823,0.00010477,0.00096173,0.01413262,0.0012889,0.7267161,0.00420644,0.01947671,1.975e-05,5.18e-06,8.08e-06,0.00034021,0.4447483,0.00044502,2.635e-05,8.18e-05
1.2.840.113619.2.370.4.279707905.1577068440.944405.png,0.00026165,0.96026224,0.00013105,0.00479066,4.28e-05,2.06e-06,0.02905414,3.509e-05,0.00034096,0.08458693,0.00046501,0.00141457,0.00010563,4.483e-05,0.96416616,0.00090855,0.0020105,1e-08,2.251e-05
1.2.840.113619.2.203.4.279707905.1583779452.594563.1.png,0.98693186,0.00050942,0.31008524,0.77203286,0.24799205,0.02919199,0.0160959,0.00014694,0.00269326,5.925e-05,0.0010048,0.00073673,0.00189847,0.05985981,0.0006991,0.00578276,0.00054647,0.2220686,0.00115541
1.2.840.113619.2.370.4.279707905.1577447093.60933.png,0.04386882,0.98289585,0.8495655,0.00448866,0.12148546,0.30998635,0.9592316,0.02580019,0.00018973,8.706e-05,0.1954631,0.00115156,0.09436935,0.00109624,0.00021771,3.489e-05,0.00043865,8.19e-06,0.00112764
1.2.840.113619.2.370.4.279707905.1604985476.235190.png,0.05719336,1.72e-06,0.08372142,0.9999181,6.6e-07,0.00903591,0.00015555,0.00957708,0.9957681,0.00590763,8.899e-05,1.22e-06,2.1e-07,0.00016267,3.665e-05,0.00279705,3.42e-06,1.91e-06,2.7e-07
1.3.12.2.1107.5.3.56.1642.11.202008271555570781.png,0.0030486,0.9971615,3.42e-06,1e-07,9.291e-05,2e-08,0.03572495,3.852e-05,0.00033182,7.07e-06,0.01105392,0.6674035,0.9996046,7.572e-05,0.8793012,2.9e-06,0.00043598,3.7e-07,1.23e-06
1.2.840.113619.2.370.4.279707905.1579588022.595650.png,0.00010437,0.10014918,0.00382459,0.04093432,0.0004261,0.00648208,0.00058534,1.94e-05,0.00031152,0.9930948,0.01567044,5.859e-05,0.00019198,0.9806533,0.00015497,8.3e-06,4.394e-05,2.505e-05,3.46e-05
1.2.156.112536.2.560.64226048152091077.1335032237163.228.png,0.9956394,5.1e-07,0.9927249,0.9446175,0.00111806,0.0517562,0.002216,0.00073214,0.00802642,5.66e-06,0.00063049,0.00014022,1.75e-06,0.00164218,9.8e-07,0.06721882,2.724e-05,0.00104554,0.00010953
1.2.840.113619.2.370.4.279707905.1595039289.631530.png,0.00129272,0.78534627,0.06627226,0.00201907,0.00022765,0.00271276,0.09036162,0.00064652,8.49e-06,5.67e-06,0.9688083,0.03642852,0.15887837,0.00024179,7.027e-05,0.00011629,0.00010189,1.976e-05,3.646e-05
1.2.840.113619.2.370.4.279707905.1598837843.301803.png,0.9053112,0.23695534,0.766147,0.00410002,0.10712529,0.00617543,0.04935738,0.00276763,0.00283222,0.54716927,0.13536212,0.01412733,0.00599646,0.08272342,0.00729526,0.00035152,0.4508994,0.00119502,0.00121173
1.2.840.113619.2.370.4.279707905.1579997878.513996.png,0.00913271,0.9884256,0.00190234,3e-08,1.222e-05,5.744e-05,0.03222321,9.656e-05,4.33e-06,0.00032174,0.09975646,0.00043054,0.03721115,0.021748,0.436366,1.35e-06,0.00204272,2.902e-05,0.00099595
1.2.840.113619.2.203.4.279707905.1577217038.313876.1.png,0.8873572,0.9250384,0.00314867,9.726e-05,0.00161554,0.0743724,0.00052809,0.00189236,0.27983215,0.87638074,1.078e-05,7.85e-06,0.00226727,0.02727586,0.02549776,1.065e-05,0.01845785,3.603e-05,0.00060396
1.2.840.113619.2.370.4.279707905.1575354944.423123.png,0.00859266,0.7468325,0.00035723,0.00711514,0.00657169,0.00039219,0.30839288,0.10720993,0.00747463,0.00032285,0.714124,0.00564689,8.635e-05,0.00897197,0.00129012,0.00035195,3.358e-05,2.79e-06,7.39e-05
1.2.840.113619.2.370.4.279707905.1577754502.407199.png,0.99977344,6.19e-06,0.768151,0.6393219,9.494e-05,0.01886033,5.455e-05,9e-08,0.00402508,1.645e-05,0.00013203,0.00020981,8.074e-05,0.44877547,9.33e-06,0.00540472,2.46e-06,0.10114867,3.731e-05
1.2.840.113619.2.370.4.279707905.1575871982.552314.png,0.13857926,0.44578096,0.8096459,0.0,0.0001409,0.01138718,0.06310194,7.96e-06,4.41e-06,5.697e-05,0.00532973,0.09140656,0.10541838,0.01616454,0.00032723,3.01e-06,1.96e-05,0.00024886,0.00149068
1.2.840.113619.2.370.4.279707905.1598772295.54334.png,0.02012936,0.00734397,0.08414975,0.03117809,0.03341878,0.00506333,0.0169231,6e-07,0.2790571,0.00114821,0.27048814,0.0501096,1.45e-06,0.00032456,0.0034692,0.00129328,3.07e-06,4.874e-05,5.68e-06
1.2.840.113619.2.203.4.279707905.1579633571.40119.1.png,0.96389914,0.00864133,0.8535027,0.9583316,0.19528422,0.72302777,0.947084,0.23780651,0.02388252,0.00090141,1.696e-05,1.254e-05,1.409e-05,3.943e-05,4.525e-05,6.581e-05,0.00090743,0.00064609,5.4e-07
1.2.840.113619.2.203.4.279707905.1574783627.16992.1.png,0.01613096,0.05019795,0.16971283,2.37e-05,1.305e-05,0.3371019,0.00277698,0.00015062,9.402e-05,0.04073716,0.0001808,0.912807,0.9999199,0.00625101,0.00024211,9.93e-06,3.479e-05,6.781e-05,2.928e-05
1.2.840.113619.2.203.4.279707905.1575318231.667594.1.png,0.99975234,1.102e-05,6.33e-06,5e-06,8e-08,0.2726519,0.16751556,0.00482597,0.62038934,0.00249415,2.1e-07,3.645e-05,2.6e-07,0.00070346,5.17e-06,5.359e-05,2.623e-05,0.06696426,3.6e-07
1.2.840.113619.2.370.4.279707905.1576479933.373297.png,0.00213315,0.00470922,0.00059572,0.05053188,0.00110046,0.00019694,0.00191769,0.0008354,0.95462185,0.00022153,0.09921639,0.2734649,2.66e-06,0.0022449,0.00054062,3.48e-05,1.3e-06,6.9e-07,2.8e-07
1.2.840.113619.2.370.4.279707905.1575263763.418447.png,1.35e-05,0.9892189,6.89e-06,1.289e-05,0.00018663,0.00038045,0.15872298,7.61e-06,0.01849508,0.46564487,0.0098433,7.521e-05,0.00010386,0.00012122,0.9722806,0.00011311,0.0001436,0.00038819,3.699e-05
1.2.840.113619.2.203.4.279707905.1579719997.86116.1.png,0.9084149,0.06784822,0.98884577,4.472e-05,5.842e-05,0.0920001,2.031e-05,4e-06,1.39e-06,4.382e-05,7.286e-05,0.55664706,0.02206336,0.00264298,0.0005697,1.783e-05,6.347e-05,0.1315057,0.00539428
1.2.840.113619.2.370.4.279707905.1579309003.836364.png,0.00483327,0.00033192,0.0044071,0.9915026,0.0003129,0.01468134,0.02163498,0.25899214,0.9999263,0.00812346,0.00037916,1.472e-05,1.82e-06,1.058e-05,0.00023639,0.0001014,1.085e-05,5.19e-06,9e-08
1.2.840.113619.2.370.4.279707905.1577933092.574601.png,0.5959874,0.0003039,0.00245921,0.00947143,0.00104063,0.0008715,0.8385827,0.00016153,0.00088758,0.19528744,0.947214,0.01839783,8.93e-06,0.15677465,0.00014553,4.469e-05,0.00364818,0.00062905,5.33e-06
