2018_83253_1-1_2019-02-20 18_38_45-lv1-883-22059-4376-3680p0004.png,0.45618135,0.54381865
D201707227_2019-05-14 13_49_08-lv1-535-16796-26010-19568p0037.png,0.25175092,0.7482491
2019-08979-1-6-6_2019-05-28 21_52_03-lv1-42127-12400-6222-8663p0004.png,0.8183656,0.1816344
D20180102901_2019-05-21 09_38_51-lv1-36547-27341-10626-9816p0047.png,0.17320126,0.82679874
D20190284902_2019-06-10 15_02_38-lv1-16068-3027-6315-4228p0005.png,0.5670504,0.4329496
2019-10503-1-1-1_2019-05-28 17_51_26-lv1-29114-7260-2985-14450p0025.png,0.4680305,0.5319695
2019-11842-1-1-1_2019-05-28 14_22_48-lv1-39336-11723-3567-4332p0007.png,0.53971714,0.4602829
D201710920_2019-05-21 11_52_57-lv1-27184-25058-6217-9485p0009.png,0.34783465,0.6521653
2019-10327-1-1-1_2019-05-28 17_55_39-lv1-34492-22003-4074-4533p0013.png,0.4320051,0.56799495
2019-08241-1-1-1_2019-05-29 01_13_54-lv1-35328-31088-2673-4290p0007.png,0.6424938,0.3575062
2019-05890-1-1-1_2019-05-29 04_16_22-lv1-25799-22836-8286-7829p0032.png,0.58911633,0.4108837
2018_83253_1-1_2019-02-20 18_38_45-lv1-5875-22018-4790-4840p0002.png,0.2614996,0.7385003
D20190296201_2019-06-10 14_50_28-lv1-29513-27821-9198-12108p0006.png,0.56375766,0.43624237
2019-05890-1-5-5_2019-05-29 03_46_25-lv1-10646-28473-10848-8938p0042.png,0.71063846,0.28936154
D20181168805_2019-06-10 11_18_54-lv1-18579-12686-3858-4185p0016.png,0.7987076,0.20129237
D201710920_2019-05-21 11_52_57-lv1-33661-31501-7087-7660p0010.png,0.20029157,0.7997084
D20180102901_2019-05-21 09_38_51-lv1-36547-27341-10626-9816p0025.png,0.15642993,0.84357005
2019-07498-1-2-2_2019-05-29 08_30_31-lv1-46489-6224-11088-8360p0039.png,0.36294585,0.63705415
D20170502603_2019-05-14 11_39_00-lv1-322-6285-19314-22701p0384.png,0.2569475,0.7430525
D20181168805_2019-06-10 11_18_54-lv1-14997-12159-3546-4610p0009.png,0.6488286,0.35117137
2019-08979-1-1-1_2019-05-28 22_36_37-lv1-43414-9050-8560-10324p0092.png,0.6731752,0.32682475
2019-08863-1-1-1_2019-05-29 00_31_57-lv1-26775-8699-9357-4453p0013.png,0.62507474,0.37492523
D20190284802_2019-06-10 15_06_21-lv1-30021-14980-3810-4071p0005.png,0.70570546,0.29429463
2019-10213-1-1-1_2019-05-28 18_22_44-lv1-36516-19964-3912-3677p0010.png,0.52442193,0.47557807
2019-10732-1-4-4_2019-05-28 16_46_57-lv1-30727-24050-5932-6576p0010.png,0.6267012,0.37329885
2019_04115_1-1_2019-02-20 20_13_37-lv1-40690-7875-4758-4116p0005.png,0.13400961,0.8659904
2019-06-11 01_00_50-lv1-1956-12720-11095-7901p0078.png,0.6719367,0.3280633
2019-08895-1-1-1_2019-05-29 00_16_03-lv1-32906-4373-5396-3862p0004.png,0.5489107,0.45108935
2019-10503-1-1-1_2019-05-28 17_51_26-lv1-29114-7260-2985-14450p0022.png,0.5436037,0.45639625
2019-06-11 00_58_36-lv1-820-6042-6546-12714p0031.png,0.16831265,0.83168733
2018_78758_1-1_2019-02-21 01_17_57-lv1-12181-25196-6860-3083p0016.png,0.15872794,0.84127206
1902427001_2019-06-11 12_12_29-lv1-18613-16414-3481-3606p0005.png,0.1871653,0.81283474
2019-10732-1-5-5_2019-05-28 16_40_29-lv1-37280-16311-8989-5437p0002.png,0.745058,0.25494197
D20170518201_2019-05-14 12_05_30-lv1-30277-26951-8886-7721p0026.png,0.19149321,0.8085068
2019-08980-1-3-3_2019-05-28 21_23_16-lv1-46154-12136-4958-4110p0019.png,0.9013611,0.09863894
D20170502603_2019-05-14 11_39_00-lv1-322-6285-19314-22701p0172.png,0.21311288,0.7868872
2019-05890-1-1-1_2019-05-29 04_16_22-lv1-25799-22836-8286-7829p0029.png,0.3370241,0.6629759
D20180792401_2019-05-21 13_38_34-lv1-29203-23944-15780-12986p0029.png,0.28849053,0.71150947
2019-10732-1-6-6_2019-05-28 16_33_17-lv1-43103-2848-6491-8333p0017.png,0.74502426,0.25497574
2019-10504-1-1-1_2019-05-28 17_44_07-lv1-28687-3202-15210-8684p0056.png,0.54045594,0.4595441
2019-10296-1-1-1_2019-05-28 18_05_02-lv1-56485-13239-6689-7042p0040.png,0.33068863,0.6693114
2019-10732-1-4-4_2019-05-28 16_46_57-lv1-30727-24050-5932-6576p0035.png,0.5687859,0.43121412
D201803511_2019-05-14 15_24_16-lv1-35489-31012-3664-4696p0001.png,0.45569396,0.5443061
D201802733_2019-05-14 15_48_17-lv1-27927-31736-4219-5542p0017.png,0.40438485,0.59561515
D20170502603_2019-05-14 11_39_00-lv1-322-6285-19314-22701p0113.png,0.14423962,0.85576034
D20190296201_2019-06-10 14_50_28-lv1-29513-27821-9198-12108p0021.png,0.58551615,0.41448388
1900769002_2019-06-11 13_19_00-lv1-16645-13460-4716-4003p0006.png,0.6871713,0.31282866
2019-06-11 00_58_36-lv1-820-6042-6546-12714p0069.png,0.2108808,0.7891193
2019-10195-1-1-1_2019-05-28 19_21_29-lv1-40740-12918-6524-8677p0040.png,0.36104345,0.6389566
2019-10732-1-2-2_2019-05-28 17_07_02-lv1-20190-24783-6547-8251p0031.png,0.7568655,0.24313448
2019-07501-1-3-3_2019-05-29 07_53_41-lv1-28802-27730-4306-8351p0017.png,0.59887755,0.40112248
2019-08979-1-5-5_2019-05-28 22_01_00-lv1-49604-12407-8550-4392p0026.png,0.8134714,0.18652858
1902386002_2019-06-11 12_23_22-lv1-22889-36998-6328-5024p0003.png,0.36715275,0.63284725
D201802734_2019-05-14 15_33_06-lv1-34389-27289-3641-4065p0008.png,0.17009623,0.82990384
D201803519_2019-05-14 15_14_44-lv1-28486-26603-10590-9935p0056.png,0.1730932,0.8269068
2019-07502-1-1-1_2019-05-29 07_14_13-lv1-37002-16572-4175-7633p0002.png,0.45443395,0.5455661
D20180792401_2019-05-21 13_38_34-lv1-29203-23944-15780-12986p0045.png,0.30714843,0.69285154
2019-07502-1-2-2_2019-05-29 07_05_35-lv1-40805-21573-6383-5024p0005.png,0.6220424,0.3779576
2019-11827-1-1-1_2019-05-28 14_14_04-lv1-38890-14353-5119-7083p0006.png,0.49969548,0.5003045
1903406001_2019-06-11 12_03_13-lv1-16299-14974-3560-3906p0007.png,0.55307215,0.44692785
D20190296201_2019-06-10 14_50_28-lv1-29513-27821-9198-12108p0059.png,0.20047706,0.79952294
2019-10965-1-1-1_2019-05-28 15_12_46-lv1-41393-10795-4607-7564p0031.png,0.59824014,0.40175992
1901558001_2019-04-30 10_24_11-lv1-50393-31270-4213-7808p0027.png,0.5022657,0.4977343
1900836001_2019-06-11 13_14_48-lv1-16806-16161-5025-3954p0015.png,0.19187161,0.8081284
2019-10737-1-1-1_2019-05-28 16_25_50-lv1-28510-5095-6046-6046p0027.png,0.66181237,0.3381876
D201707788_2019-05-14 14_05_34-lv1-2777-15975-12688-9314p0035.png,0.09476743,0.90523255
D20170951201_2019-05-14 14_41_50-lv1-36112-30930-4033-4568p0004.png,0.22351117,0.7764888
D20180102901_2019-05-21 09_38_51-lv1-36547-27341-10626-9816p0072.png,0.3789212,0.62107885
D20170584502_2019-05-14 12_43_57-lv1-14744-78-19212-20032p0108.png,0.11114472,0.8888553
2019-06-11 09_15_18-lv1-14414-13849-6581-6338p0007.png,0.22365512,0.7763448
1901940-1_2019-04-30 10_30_47-lv1-44085-11603-3541-4701p0010.png,0.24782863,0.75217134
2019-06-04 17_03_06-lv1-29057-9447-5532-3914p0003.png,0.4319822,0.5680178
2019-10195-1-2-2_2019-05-28 19_12_24-lv1-43980-10703-3804-4062p0012.png,0.46044412,0.5395559
2019-08980-1-2-2_2019-05-28 21_32_39-lv1-57725-8547-5676-5415p0030.png,0.2679069,0.7320931
2019-06-11 01_00_50-lv1-1956-12720-11095-7901p0002.png,0.7947252,0.2052747
2019-08886-1-1-1_2019-05-29 00_21_36-lv1-49044-5996-4707-4384p0006.png,0.3644328,0.6355671
2019_06193_1-1_2019-02-20 20_52_35-lv1-62184-33080-4772-3401p0013.png,0.15072432,0.8492757
2019-07506-1-4-4_2019-05-29 01_58_32-lv1-56732-2612-3294-6248p0015.png,0.3063613,0.69363874
1900838001_2019-04-30 10_15_23-lv1-20231-15672-6703-7495p0025.png,0.4205652,0.5794348
2019-08974-1-1-1_2019-05-28 23_56_10-lv1-33437-26695-7518-8983p0011.png,0.5749299,0.42507008
2019_05944_1-1_2019-02-20 20_42_06-lv1-32250-15753-7640-5376p0007.png,0.16048943,0.83951056
2019-05890-1-3-3_2019-05-29 04_02_08-lv1-33554-13476-4846-5024p0021.png,0.7117695,0.28823048
2019-07506-1-5-5_2019-05-29 06_09_14-lv1-9703-21958-4456-10026p0001.png,0.44148037,0.55851966
D20180177401_2019-05-14 16_20_21-lv1-32896-24870-5099-5407p0009.png,0.09037892,0.9096211
2018_83220_1-1_2019-02-20 18_33_11-lv1-59641-33027-4844-3976p0008.png,0.40542713,0.5945729
2019-10737-1-1-1_2019-05-28 16_25_50-lv1-28510-5095-6046-6046p0006.png,0.8557312,0.1442688
2019-06-11 01_00_50-lv1-1956-12720-11095-7901p0091.png,0.73606306,0.26393703
2019-05890-1-1-1_2019-05-29 04_16_22-lv1-32976-4306-7960-8482p0032.png,0.35960683,0.64039314
2019-10728-1-1-1_2019-05-29 10_20_36-lv1-41932-8116-7680-8493p0037.png,0.69675136,0.30324867
D20170502603_2019-05-14 11_39_00-lv1-322-6285-19314-22701p0326.png,0.1700187,0.8299814
2019-06-04 17_03_06-lv1-29057-9447-5532-3914p0001.png,0.5153607,0.48463923
D20170502603_2019-05-14 11_39_00-lv1-322-6285-19314-22701p0098.png,0.24245952,0.7575406
D20170502603_2019-05-14 11_39_00-lv1-322-6285-19314-22701p0030.png,0.3323106,0.6676894
D20180723501_2019-06-10 13_47_37-lv1-5074-30454-4941-5296p0025.png,0.29954937,0.70045066
2019-07506-1-5-5_2019-05-29 06_09_14-lv1-9703-21958-4456-10026p0016.png,0.5578632,0.44213685
1902386002_2019-06-11 12_23_22-lv1-22889-36998-6328-5024p0021.png,0.31258172,0.68741834
D20190286206_2019-06-10 14_58_35-lv1-4261-12473-5210-3023p0007.png,0.66168636,0.33831367
D20190284902_2019-06-10 15_02_38-lv1-16068-3027-6315-4228p0001.png,0.65177065,0.34822935
2019-10620-1-1-1_2019-05-28 17_28_41-lv1-41477-15784-5544-4164p0014.png,0.3588591,0.6411409
2019-10213-1-1-1_2019-05-28 18_22_44-lv1-36516-19964-3912-3677p0006.png,0.7636119,0.23638812
D20170502603_2019-05-14 11_39_00-lv1-322-6285-19314-22701p0347.png,0.11000917,0.88999087
2019-08976-1-2-2_2019-05-28 22_58_46-lv1-41616-6944-5288-5351p0020.png,0.36043265,0.6395674
D20180177401_2019-05-14 16_20_21-lv1-32896-24870-5099-5407p0023.png,0.39579073,0.60420924
1800127001_2019-04-30 10_40_02-lv1-4386-16301-2230-4582p0002.png,0.30601206,0.693988
2019-11827-1-1-1_2019-05-28 14_14_04-lv1-38890-14353-5119-7083p0033.png,0.61240876,0.38759124
2019-05891-1-2-2_2019-05-29 03_30_03-lv1-22122-12185-5735-4874p0006.png,0.5335975,0.46640253
D20180792401_2019-05-21 13_38_34-lv1-29203-23944-15780-12986p0028.png,0.14723031,0.8527697
D20170502603_2019-05-14 11_39_00-lv1-322-6285-19314-22701p0035.png,0.10893268,0.89106727
2019-08886-1-1-1_2019-05-29 00_21_36-lv1-49044-5996-4707-4384p0011.png,0.31208634,0.68791366
2019-10962-1-1-1_2019-05-28 15_22_19-lv1-32816-22647-2905-2748p0005.png,0.35108477,0.64891523
D20190284705_2019-06-10 15_10_34-lv1-15598-12648-5733-5319p0013.png,0.54498476,0.45501524
D201802734_2019-05-14 15_33_06-lv1-33260-31641-4914-4572p0010.png,0.2474967,0.7525033
D20170951201_2019-05-14 14_41_50-lv1-28397-29427-7624-5334p0039.png,0.1382812,0.8617188
D20170362101_2019-05-14 10_54_29-lv1-29935-31527-7716-4964p0023.png,0.45751017,0.5424898
2019-08972-1-1-1_2019-05-29 00_06_22-lv1-43192-9800-4958-3383p0018.png,0.57246155,0.42753845
2019-07502-1-1-1_2019-05-29 07_14_13-lv1-45320-35367-4644-7384p0028.png,0.60601264,0.39398736
1900838001_2019-04-30 10_15_23-lv1-20231-15672-6703-7495p0037.png,0.23964395,0.760356
2019_01120_1-1_2019-02-20 19_18_16-lv1-27199-14351-3144-2966p0009.png,0.5666603,0.43333963
2019-10507-1-1-1_2019-05-28 17_41_21-lv1-32379-4783-6197-6790p0015.png,0.5305842,0.4694158
2019-05890-1-5-5_2019-05-29 03_46_25-lv1-10646-28473-10848-8938p0053.png,0.81697994,0.18302009
2019-07506-1-1-1_2019-05-29 06_34_07-lv1-31721-10829-5554-3640p0012.png,0.43188155,0.56811845
D20190296201_2019-06-10 14_50_28-lv1-29513-27821-9198-12108p0047.png,0.16719663,0.8328033
2019-05891-1-5-5_2019-05-29 03_17_43-lv1-21385-20833-4026-4299p0007.png,0.8207908,0.17920922
2019-08979-1-4-4_2019-05-28 22_09_04-lv1-57922-3131-4306-5937p0002.png,0.8037107,0.19628929
2019-07805-1-1-1_2019-05-29 05_23_08-lv1-36211-36202-4081-3539p0001.png,0.40220588,0.5977941
2019-07506-1-2-2_2019-05-29 06_26_57-lv1-31603-13183-2993-3051p0001.png,0.6495539,0.35044613
D20170502603_2019-05-14 11_39_00-lv1-322-6285-19314-22701p0297.png,0.1708392,0.8291607
1902160001_2019-06-11 12_36_32-lv1-44190-20016-5916-4469p0001.png,0.41885373,0.58114624
D201710920_2019-05-21 11_52_57-lv1-33534-26482-6376-4721p0008.png,0.26891685,0.7310832
D20170584502_2019-05-14 12_43_57-lv1-8718-14653-7634-8076p0026.png,0.38617745,0.6138226
2019-10732-1-4-4_2019-05-28 16_46_57-lv1-36798-25730-4427-4159p0019.png,0.90014154,0.09985846
2019-08980-1-2-2_2019-05-28 21_32_39-lv1-68883-9330-4175-5937p0009.png,0.32121786,0.6787821
2019-07498-1-2-2_2019-05-29 08_30_31-lv1-25906-27222-11411-7160p0022.png,0.6205346,0.37946543
D20180498101_2019-05-14 14_58_30-lv1-29229-6658-7712-6180p0030.png,0.21182194,0.788178
2019-08974-1-5-5_2019-05-28 23_17_50-lv1-33952-9759-6526-5268p0033.png,0.84984267,0.15015739
2019-10946-1-1-1_2019-05-28 15_40_39-lv1-22021-16267-4506-6971p0004.png,0.5312648,0.4687352
2019-10504-1-1-1_2019-05-28 17_44_07-lv1-28687-3202-15210-8684p0044.png,0.5765569,0.42344305
2019-09674-1-1-1_2019-05-28 20_06_49-lv1-53513-29465-4870-3788p0020.png,0.18095241,0.8190476
1902386002_2019-06-11 12_23_22-lv1-22889-36998-6328-5024p0027.png,0.36129037,0.63870966
D20190286206_2019-06-10 14_58_35-lv1-1713-13042-2567-3133p0007.png,0.66691005,0.33308992
2019-07501-1-3-3_2019-05-29 07_53_41-lv1-28802-27730-4306-8351p0025.png,0.5838307,0.41616923
D20190296201_2019-06-10 14_50_28-lv1-29513-27821-9198-12108p0077.png,0.19339854,0.8066015
2019-10737-1-6-6_2019-05-28 15_47_35-lv1-19582-23423-8743-5611p0018.png,0.79559726,0.20440263
D20170502603_2019-05-14 11_39_00-lv1-322-6285-19314-22701p0026.png,0.10570022,0.89429986
D20170584502_2019-05-14 12_43_57-lv1-14744-78-19212-20032p0107.png,0.12838155,0.8716185
2019-07498-1-2-2_2019-05-29 08_30_31-lv1-46489-6224-11088-8360p0020.png,0.45492208,0.545078
D20180586802_2019-06-10 13_31_46-lv1-11083-13485-3980-2200p0004.png,0.6077328,0.39226723
2019-10732-1-4-4_2019-05-28 16_46_57-lv1-30727-24050-5932-6576p0015.png,0.78527504,0.21472497
2019-10620-1-1-1_2019-05-28 17_28_41-lv1-41477-15784-5544-4164p0003.png,0.6586376,0.3413624
2019-07460-1-2-2_2019-05-29 08_55_54-lv1-36101-18184-4447-2892p0007.png,0.4697294,0.53027064
2019-10504-1-1-1_2019-05-28 17_44_07-lv1-28687-3202-15210-8684p0045.png,0.6697972,0.33020282
2019-08979-1-5-5_2019-05-28 22_01_00-lv1-49604-12407-8550-4392p0034.png,0.64912385,0.35087612
2019-10195-1-1-1_2019-05-28 19_21_29-lv1-40740-12918-6524-8677p0018.png,0.49157813,0.5084219
2019_05944_1-1_2019-02-20 20_42_06-lv1-32250-15753-7640-5376p0005.png,0.4065938,0.5934062
D20170502603_2019-05-14 11_39_00-lv1-322-6285-19314-22701p0374.png,0.17869954,0.8213005
2019-07506-1-1-1_2019-05-29 06_34_07-lv1-31721-10829-5554-3640p0001.png,0.72296375,0.2770362
D20180102901_2019-05-21 09_38_51-lv1-36547-27341-10626-9816p0078.png,0.6109804,0.38901964
2019-06-11 00_58_36-lv1-820-6042-6546-12714p0068.png,0.21963023,0.78036976
D20170546301_2019-05-14 12_21_38-lv1-27588-24020-5800-7897p0010.png,0.36940473,0.63059527
2019-06-11 01_00_50-lv1-1956-12720-11095-7901p0087.png,0.61891556,0.38108453
2019-08974-1-1-1_2019-05-28 23_56_10-lv1-53379-9747-9811-5861p0034.png,0.69676125,0.30323875
1901940-1_2019-04-30 10_30_47-lv1-44085-11603-3541-4701p0012.png,0.28806496,0.71193504
D20170568101_2019-05-14 12_34_44-lv1-31812-26175-6401-3317p0008.png,0.37946507,0.6205349
2019-08979-1-1-1_2019-05-28 22_36_37-lv1-43414-9050-8560-10324p0064.png,0.31852865,0.68147135
D201801775B_2019-05-14 16_11_32-lv1-26744-26137-5178-7271p0009.png,0.5111618,0.48883817
D20170502603_2019-05-14 11_39_00-lv1-322-6285-19314-22701p0120.png,0.18912108,0.81087893
2019-08895-1-1-1_2019-05-29 00_16_03-lv1-18024-33741-5509-2953p0009.png,0.62532467,0.37467527
2019-08979-1-4-4_2019-05-28 22_09_04-lv1-57922-3131-4306-5937p0019.png,0.5086644,0.4913356
D201803519_2019-05-14 15_14_44-lv1-28486-26603-10590-9935p0017.png,0.12362718,0.8763728
2019-07501-1-3-3_2019-05-29 07_53_41-lv1-35261-15594-3588-8743p0013.png,0.724226,0.275774
D201802734_2019-05-14 15_33_06-lv1-27790-35298-7029-4792p0014.png,0.13215992,0.86784005
D20170951201_2019-05-14 14_41_50-lv1-36112-30930-4033-4568p0001.png,0.41589475,0.58410525
D20170584502_2019-05-14 12_43_57-lv1-863-489-13565-15647p0036.png,0.17517896,0.82482105
2019-08863-1-1-1_2019-05-29 00_31_57-lv1-32806-16421-3156-2705p0003.png,0.53101,0.46899003
2019-05891-1-2-2_2019-05-29 03_30_03-lv1-22122-12185-5735-4874p0011.png,0.46187127,0.53812873
2019-06-11 00_46_38-lv1-3641-3675-3908-5775p0014.png,0.5374644,0.4625356
2019-07501-1-4-4_2019-05-29 07_36_59-lv1-43309-12585-7519-4764p0027.png,0.5996522,0.40034783
2019-10737-1-2-2_2019-05-28 16_19_15-lv1-30685-21461-7932-5491p0021.png,0.64579153,0.35420847
2019-06-11 01_00_50-lv1-1956-12720-11095-7901p0096.png,0.6436005,0.35639948
2019-10737-1-3-3_2019-05-28 16_09_09-lv1-33179-13494-5260-6326p0021.png,0.827334,0.17266601
D20170857801_2019-05-14 14_17_15-lv1-34900-22796-4354-7054p0004.png,0.15506668,0.84493333
2019-06-04 17_03_06-lv1-29057-9447-5532-3914p0019.png,0.4532379,0.54676217
D20180498101_2019-05-14 14_58_30-lv1-31412-229-5257-6451p0039.png,0.17239375,0.82760626
2019-08980-1-3-3_2019-05-28 21_23_16-lv1-46154-12136-4958-4110p0026.png,0.8827583,0.11724163
D20170951201_2019-05-14 14_41_50-lv1-28397-29427-7624-5334p0041.png,0.2973364,0.70266366
2019-09674-1-1-1_2019-05-28 20_06_49-lv1-53580-23000-5828-6432p0015.png,0.5962462,0.4037538
2019-08979-1-5-5_2019-05-28 22_01_00-lv1-42518-23241-6676-7789p0004.png,0.80859786,0.19140206
2019-08261-1-1-1_2019-05-29 01_05_21-lv1-45083-13771-4787-2600p0012.png,0.31544247,0.6845575
D20180177401_2019-05-14 16_20_21-lv1-32896-24870-5099-5407p0005.png,0.4557135,0.54428643
2018_83220_1-1_2019-02-20 18_33_11-lv1-62292-40863-3519-3237p0009.png,0.316122,0.683878
1902386002_2019-06-11 12_23_22-lv1-22889-36998-6328-5024p0031.png,0.57182425,0.42817572
1902386002_2019-06-11 12_23_22-lv1-22889-36998-6328-5024p0012.png,0.12626076,0.8737393
D201802734_2019-05-14 15_33_06-lv1-33260-31641-4914-4572p0002.png,0.23781212,0.7621879
2018_83220_1-1_2019-02-20 18_33_11-lv1-59641-33027-4844-3976p0013.png,0.5148786,0.48512137
D20190284705_2019-06-10 15_10_34-lv1-15598-12648-5733-5319p0023.png,0.8344322,0.16556789
D20170584502_2019-05-14 12_43_57-lv1-14744-78-19212-20032p0132.png,0.17834574,0.8216543
2019-08980-1-3-3_2019-05-28 21_23_16-lv1-46154-12136-4958-4110p0008.png,0.44534007,0.5546599
1901940-1_2019-04-30 10_30_47-lv1-44085-11603-3541-4701p0014.png,0.45849204,0.54150796
D201801775B_2019-05-14 16_11_32-lv1-26580-33647-6698-6192p0011.png,0.19990341,0.8000966
2019-05890-1-1-1_2019-05-29 04_16_22-lv1-32976-4306-7960-8482p0059.png,0.5098648,0.49013516
1800769002_2019-06-11 13_32_47-lv1-38941-15268-2353-4445p0005.png,0.47900873,0.5209912
2019-10507-1-1-1_2019-05-28 17_41_21-lv1-32379-4783-6197-6790p0008.png,0.29480508,0.7051949
2019-10732-1-6-6_2019-05-28 16_33_17-lv1-43103-2848-6491-8333p0040.png,0.7850637,0.21493629
2019-10507-1-1-1_2019-05-28 17_41_21-lv1-32379-4783-6197-6790p0013.png,0.33268747,0.6673125
D20180792401_2019-05-21 13_38_34-lv1-29203-23944-15780-12986p0064.png,0.33910355,0.6608965
D201803511_2019-05-14 15_24_16-lv1-39304-30239-4287-4448p0002.png,0.52654177,0.47345823
D20180792401_2019-05-21 13_38_34-lv1-29203-23944-15780-12986p0062.png,0.19913766,0.8008623
2019-10946-1-1-1_2019-05-28 15_40_39-lv1-22021-16267-4506-6971p0020.png,0.7623285,0.23767155
2019-07506-1-2-2_2019-05-29 06_26_57-lv1-26134-9614-4893-5181p0005.png,0.72678226,0.2732178
2019-08979-1-6-6_2019-05-28 21_52_03-lv1-42127-12400-6222-8663p0020.png,0.46499953,0.5350005
2019-07506-1-1-1_2019-05-29 06_34_07-lv1-31721-10829-5554-3640p0005.png,0.48213813,0.51786184
2019-08979-1-5-5_2019-05-28 22_01_00-lv1-42518-23241-6676-7789p0008.png,0.85237086,0.14762914
2019-08974-1-1-1_2019-05-28 23_56_10-lv1-53379-9747-9811-5861p0059.png,0.6285577,0.37144223
D201803519_2019-05-14 15_14_44-lv1-38817-33027-4911-4640p0005.png,0.28560603,0.7143939
2019-10737-1-2-2_2019-05-28 16_19_15-lv1-30685-21461-7932-5491p0038.png,0.5797265,0.4202735
D20180102901_2019-05-21 09_38_51-lv1-36547-27341-10626-9816p0045.png,0.3201322,0.67986786
2019-06-11 01_00_50-lv1-1956-12720-11095-7901p0036.png,0.55475754,0.4452425
D20190284802_2019-06-10 15_06_21-lv1-16310-12946-4950-3583p0019.png,0.65552163,0.3444783
2019-07506-1-1-1_2019-05-29 06_34_07-lv1-31721-10829-5554-3640p0002.png,0.43801475,0.56198525
2019-10732-1-5-5_2019-05-28 16_40_29-lv1-37280-16311-8989-5437p0042.png,0.76021755,0.23978245
2019-07498-1-2-2_2019-05-29 08_30_31-lv1-25906-27222-11411-7160p0026.png,0.34959757,0.6504025
2019-10728-1-1-1_2019-05-29 10_20_36-lv1-41932-8116-7680-8493p0051.png,0.3747799,0.6252201
2019-05890-1-5-5_2019-05-29 03_46_25-lv1-10646-28473-10848-8938p0037.png,0.72285575,0.27714428
2019-10732-1-4-4_2019-05-28 16_46_57-lv1-36798-25730-4427-4159p0018.png,0.78859824,0.21140175
2019-07805-1-1-1_2019-05-29 05_23_08-lv1-38935-29409-9948-4414p0003.png,0.31312233,0.68687767
2019-10732-1-2-2_2019-05-28 17_07_02-lv1-20190-24783-6547-8251p0013.png,0.8177648,0.1822352
D201707788_2019-05-14 14_05_34-lv1-2777-15975-12688-9314p0055.png,0.11587761,0.8841224
D201707227_2019-05-14 13_49_08-lv1-535-16796-26010-19568p0003.png,0.14463276,0.8553673
D20190296201_2019-06-10 14_50_28-lv1-29513-27821-9198-12108p0058.png,0.3540176,0.6459824
2019-11827-1-1-1_2019-05-28 14_14_04-lv1-37745-31126-5181-7796p0032.png,0.4099314,0.59006864
2019-08895-1-1-1_2019-05-29 00_16_03-lv1-18024-33741-5509-2953p0015.png,0.24156743,0.7584325
2019-07498-1-2-2_2019-05-29 08_30_31-lv1-46489-6224-11088-8360p0084.png,0.3661048,0.6338952
D201803519_2019-05-14 15_14_44-lv1-28486-26603-10590-9935p0043.png,0.12761727,0.8723827
D20180792401_2019-05-21 13_38_34-lv1-29203-23944-15780-12986p0104.png,0.15162365,0.84837633
2019-07805-1-1-1_2019-05-29 05_23_08-lv1-36211-36202-4081-3539p0013.png,0.5463922,0.4536078
2019-06-11 00_55_09-lv1-28455-933-3881-4470p0017.png,0.34317225,0.6568277
D20180056701_2019-05-21 09_50_58-lv1-27237-28645-8099-3942p0026.png,0.2856667,0.7143333
D20180498101_2019-05-14 14_58_30-lv1-29229-6658-7712-6180p0008.png,0.18644723,0.8135528
D20180102901_2019-05-21 09_38_51-lv1-36547-27341-10626-9816p0001.png,0.19615655,0.80384344
2019-07498-1-2-2_2019-05-29 08_30_31-lv1-46489-6224-11088-8360p0012.png,0.32255378,0.67744625
D20181168805_2019-06-10 11_18_54-lv1-18579-12686-3858-4185p0005.png,0.7540922,0.24590768
D201802733_2019-05-14 15_41_01-lv1-18828-14936-7756-5310p0002.png,0.22326428,0.77673566
D20180187901_2019-05-14 15_56_55-lv1-34347-8198-3824-5879p0013.png,0.45324048,0.5467595
1900838001_2019-04-30 10_15_23-lv1-20231-15672-6703-7495p0034.png,0.595453,0.40454695
D20180056701_2019-05-21 09_50_58-lv1-27237-28645-8099-3942p0027.png,0.22474793,0.77525216
2019-10732-1-6-6_2019-05-28 16_33_17-lv1-43103-2848-6491-8333p0010.png,0.7731847,0.22681531
2019-10732-1-6-6_2019-05-28 16_33_17-lv1-43103-2848-6491-8333p0029.png,0.72116727,0.27883276
2019_06193_1-1_2019-02-20 20_52_35-lv1-62184-33080-4772-3401p0001.png,0.662119,0.33788097
D20181168805_2019-06-10 11_18_54-lv1-14997-12159-3546-4610p0011.png,0.4578266,0.5421733
D201801775B_2019-05-14 16_11_32-lv1-32232-31796-7646-5982p0003.png,0.4352149,0.5647851
D20170502603_2019-05-14 11_39_00-lv1-322-6285-19314-22701p0144.png,0.08997675,0.9100233
D20170518201_2019-05-14 12_05_30-lv1-33535-33090-5096-5832p0010.png,0.25557855,0.74442154
2019-08974-1-1-1_2019-05-28 23_56_10-lv1-53379-9747-9811-5861p0022.png,0.71135366,0.2886463
2019-07498-1-2-2_2019-05-29 08_30_31-lv1-25906-27222-11411-7160p0081.png,0.35376507,0.646235
2019-08980-1-2-2_2019-05-28 21_32_39-lv1-57725-8547-5676-5415p0037.png,0.7783452,0.22165471
2019-05890-1-4-4_2019-05-29 03_52_40-lv1-32907-20569-8446-9156p0020.png,0.68956023,0.3104397
2019-06-11 00_58_36-lv1-820-6042-6546-12714p0048.png,0.32327437,0.6767256
2019-10737-1-3-3_2019-05-28 16_09_09-lv1-33179-13494-5260-6326p0016.png,0.8952072,0.10479275
D20180056701_2019-05-21 09_50_58-lv1-23029-29289-3105-7538p0015.png,0.2596875,0.74031246
2019-07805-1-1-1_2019-05-29 05_23_08-lv1-34745-28963-3989-6403p0019.png,0.3597453,0.6402548
2019-07805-1-1-1_2019-05-29 05_23_08-lv1-34745-28963-3989-6403p0006.png,0.6553,0.34469995
D201803519_2019-05-14 15_14_44-lv1-28486-26603-10590-9935p0025.png,0.12604266,0.87395734
2019-08980-1-1-1_2019-05-28 21_41_50-lv1-56141-20419-6353-6092p0019.png,0.7578344,0.2421656
1902386002_2019-06-11 12_23_22-lv1-38745-14876-5611-7177p0016.png,0.36968857,0.6303114
2019-08980-1-1-1_2019-05-28 21_41_50-lv1-52872-25008-3867-3778p0006.png,0.27286032,0.72713965
D201707227_2019-05-14 13_49_08-lv1-535-16796-26010-19568p0018.png,0.16632773,0.83367234
1902386002_2019-06-11 12_23_22-lv1-22889-36998-6328-5024p0020.png,0.27571,0.72429
2018_83220_1-1_2019-02-20 18_33_11-lv1-59641-33027-4844-3976p0012.png,0.5052614,0.49473855
2019-06-11 01_00_50-lv1-1956-12720-11095-7901p0095.png,0.62895554,0.3710444
D20181168805_2019-06-10 11_18_54-lv1-14997-12159-3546-4610p0002.png,0.84063023,0.1593698
2019-10946-1-1-1_2019-05-28 15_40_39-lv1-22021-16267-4506-6971p0002.png,0.62518275,0.37481725
D201707227_2019-05-14 13_49_08-lv1-535-16796-26010-19568p0053.png,0.16425724,0.8357428
D20180498101_2019-05-14 14_58_30-lv1-31412-229-5257-6451p0007.png,0.1671207,0.8328793
2019-07506-1-6-6_2019-05-29 06_02_44-lv1-32194-35205-4849-3472p0006.png,0.3093065,0.6906935
2019-10737-1-6-6_2019-05-28 15_47_35-lv1-19582-23423-8743-5611p0004.png,0.90191376,0.09808617
2019-10732-1-5-5_2019-05-28 16_40_29-lv1-37280-16311-8989-5437p0046.png,0.82542944,0.17457062
D20180177401_2019-05-14 16_20_21-lv1-32193-32343-3516-6088p0007.png,0.12776938,0.8722306
2019-08980-1-1-1_2019-05-28 21_41_50-lv1-56141-20419-6353-6092p0030.png,0.43850583,0.5614942
1901558001_2019-04-30 10_24_11-lv1-50393-31270-4213-7808p0017.png,0.2562254,0.74377453
D201801775B_2019-05-14 16_11_32-lv1-26744-26137-5178-7271p0010.png,0.56204474,0.4379553
2019-07498-1-2-2_2019-05-29 08_30_31-lv1-46489-6224-11088-8360p0066.png,0.61513734,0.38486272
2019-10737-1-3-3_2019-05-28 16_09_09-lv1-33179-13494-5260-6326p0019.png,0.7430331,0.25696692
2019-07460-1-1-1_2019-05-29 09_02_42-lv1-36814-6579-3841-3433p0013.png,0.5665202,0.43347973
1900769002_2019-06-11 13_19_00-lv1-16645-13460-4716-4003p0003.png,0.6678077,0.3321923
2019-08976-1-4-4_2019-05-28 22_46_07-lv1-37015-6427-4484-5834p0014.png,0.5611146,0.4388854
1902386002_2019-06-11 12_23_22-lv1-38745-14876-5611-7177p0042.png,0.11413651,0.88586354
1901940-1_2019-04-30 10_30_47-lv1-40561-17303-4906-4343p0009.png,0.17777365,0.82222635
D20170502603_2019-05-14 11_39_00-lv1-322-6285-19314-22701p0163.png,0.19426183,0.8057382
2019-08974-1-1-1_2019-05-28 23_56_10-lv1-33437-26695-7518-8983p0022.png,0.5214297,0.47857025
2019-08974-1-5-5_2019-05-28 23_17_50-lv1-33952-9759-6526-5268p0024.png,0.69151175,0.30848825
2019-07498-1-1-1_2019-05-29 08_39_10-lv1-37980-7135-8091-5797p0018.png,0.8538829,0.14611706
1900838001_2019-04-30 10_15_23-lv1-17110-19166-3362-4373p0006.png,0.19375868,0.80624133
2019-11827-1-1-1_2019-05-28 14_14_04-lv1-37745-31126-5181-7796p0017.png,0.77063173,0.22936824
D20170584502_2019-05-14 12_43_57-lv1-863-489-13565-15647p0026.png,0.18977053,0.81022954
2019-10732-1-4-4_2019-05-28 16_46_57-lv1-30727-24050-5932-6576p0007.png,0.7259102,0.27408978
2019-10732-1-6-6_2019-05-28 16_33_17-lv1-43103-2848-6491-8333p0047.png,0.7575903,0.24240965
D201801775B_2019-05-14 16_11_32-lv1-32232-31796-7646-5982p0014.png,0.22099392,0.779006
D20170503802_2019-05-14 11_50_43-lv1-32642-35657-3496-3692p0006.png,0.47667056,0.52332944
D20170502603_2019-05-14 11_39_00-lv1-322-6285-19314-22701p0356.png,0.11938726,0.8806128
D201803519_2019-05-14 15_14_44-lv1-28486-26603-10590-9935p0041.png,0.3349316,0.66506845
2019-06-11 01_00_50-lv1-1956-12720-11095-7901p0001.png,0.7742859,0.22571415
2019-06-11 01_00_50-lv1-1956-12720-11095-7901p0035.png,0.51783377,0.4821663
D20170546301_2019-05-14 12_21_38-lv1-26517-31493-4149-3569p0007.png,0.2073695,0.7926305
2019-07502-1-1-1_2019-05-29 07_14_13-lv1-45320-35367-4644-7384p0002.png,0.3359017,0.66409826
2019-07498-1-1-1_2019-05-29 08_39_10-lv1-37980-7135-8091-5797p0003.png,0.72333914,0.27666086
D201803519_2019-05-14 15_14_44-lv1-28486-26603-10590-9935p0024.png,0.5314702,0.46852985
2019-10504-1-1-1_2019-05-28 17_44_07-lv1-28687-3202-15210-8684p0014.png,0.3721229,0.62787706
D20170584502_2019-05-14 12_43_57-lv1-14744-78-19212-20032p0049.png,0.1362741,0.8637259
2019-08979-1-1-1_2019-05-28 22_36_37-lv1-43414-9050-8560-10324p0095.png,0.6904849,0.30951515
2019-10732-1-2-2_2019-05-28 17_07_02-lv1-20190-24783-6547-8251p0002.png,0.58964974,0.41035023
2019-06-11 00_58_36-lv1-820-6042-6546-12714p0037.png,0.24306966,0.7569303
2019-08980-1-2-2_2019-05-28 21_32_39-lv1-57725-8547-5676-5415p0011.png,0.6368261,0.36317393
D20190445103_2019-06-10 14_26_02-lv1-16400-15396-5392-7030p0013.png,0.75737464,0.24262534
1902160001_2019-06-11 12_36_32-lv1-44190-20016-5916-4469p0005.png,0.561757,0.43824297
2018_78758_1-1_2019-02-21 01_17_57-lv1-19474-24877-4448-4084p0010.png,0.14756542,0.85243464
D20170518201_2019-05-14 12_05_30-lv1-33535-33090-5096-5832p0018.png,0.1705743,0.8294257
D20170584502_2019-05-14 12_43_57-lv1-863-489-13565-15647p0008.png,0.25451604,0.745484
2019-05890-1-4-4_2019-05-29 03_52_40-lv1-32907-20569-8446-9156p0050.png,0.7568469,0.24315315
D20170951201_2019-05-14 14_41_50-lv1-28397-29427-7624-5334p0034.png,0.23038957,0.76961046
2019-09674-1-1-1_2019-05-28 20_06_49-lv1-53580-23000-5828-6432p0028.png,0.719086,0.28091398
2019-10732-1-4-4_2019-05-28 16_46_57-lv1-30727-24050-5932-6576p0020.png,0.6769626,0.32303736
2019-10946-1-1-1_2019-05-28 15_40_39-lv1-22021-16267-4506-6971p0008.png,0.59484065,0.40515935
2019-11827-1-1-1_2019-05-28 14_14_04-lv1-38890-14353-5119-7083p0027.png,0.77808726,0.22191274
D20170502603_2019-05-14 11_39_00-lv1-322-6285-19314-22701p0013.png,0.11428133,0.8857187
D20190381406_2019-06-10 14_42_20-lv1-733-24093-3432-3084p0009.png,0.35659635,0.64340365
2019-07501-1-4-4_2019-05-29 07_36_59-lv1-43309-12585-7519-4764p0014.png,0.6267289,0.3732711
D20170951201_2019-05-14 14_41_50-lv1-27257-23870-4628-6000p0021.png,0.21215793,0.787842
2019-06-04 17_03_06-lv1-29057-9447-5532-3914p0023.png,0.33191437,0.66808563
2019-08979-1-1-1_2019-05-28 22_36_37-lv1-43414-9050-8560-10324p0010.png,0.35194805,0.648052
2019-10728-1-1-1_2019-05-29 10_20_36-lv1-41932-8116-7680-8493p0053.png,0.51363206,0.4863679
D20180723501_2019-06-10 13_47_37-lv1-5074-30454-4941-5296p0008.png,0.31451815,0.68548185
D20170584502_2019-05-14 12_43_57-lv1-8718-14653-7634-8076p0002.png,0.11775184,0.88224816
D201707227_2019-05-14 13_49_08-lv1-535-16796-26010-19568p0001.png,0.16063419,0.83936584
2019-08979-1-3-3_2019-05-28 22_17_51-lv1-42656-17844-6415-7137p0025.png,0.74266315,0.25733694
1902160001_2019-06-11 12_36_32-lv1-44190-20016-5916-4469p0010.png,0.6803834,0.31961662
2019_03867_1-1_2019-02-20 20_00_32-lv1-31886-30525-3881-4663p0007.png,0.5453466,0.45465335
D20170568101_2019-05-14 12_34_44-lv1-35797-21670-3404-1975p0007.png,0.4001814,0.5998186
2019-07498-1-2-2_2019-05-29 08_30_31-lv1-25906-27222-11411-7160p0001.png,0.6417084,0.3582916
2019-08974-1-5-5_2019-05-28 23_17_50-lv1-33952-9759-6526-5268p0005.png,0.7295936,0.2704064
2019_06193_1-1_2019-02-20 20_52_35-lv1-64392-30113-4360-3423p0008.png,0.19376563,0.8062344
2019-08241-1-1-1_2019-05-29 01_13_54-lv1-36385-6963-3544-4165p0008.png,0.63074625,0.36925372
1902160001_2019-06-11 12_36_32-lv1-44190-20016-5916-4469p0012.png,0.4247149,0.57528514
2019-05890-1-1-1_2019-05-29 04_16_22-lv1-25799-22836-8286-7829p0009.png,0.3957088,0.60429114
1903326001_2019-06-11 12_07_06-lv1-22710-30692-2579-4062p0005.png,0.28998902,0.71001107
D20170502603_2019-05-14 11_39_00-lv1-322-6285-19314-22701p0332.png,0.09952237,0.9004776
2019-08979-1-1-1_2019-05-28 22_36_37-lv1-43414-9050-8560-10324p0016.png,0.8189884,0.18101159
2019_02170_1-2_2019-02-20 19_37_17-lv1-18315-29727-7652-5581p0003.png,0.66821414,0.33178586
1901558001_2019-04-30 10_24_11-lv1-50393-31270-4213-7808p0031.png,0.41144252,0.5885575
2019-05891-1-5-5_2019-05-29 03_17_43-lv1-25593-21588-2499-4555p0005.png,0.7805378,0.21946228
2019-10732-1-4-4_2019-05-28 16_46_57-lv1-30727-24050-5932-6576p0044.png,0.7655604,0.2344396
1901067001_2019-04-30 10_36_04-lv1-17809-14080-2848-6199p0001.png,0.3343383,0.66566175
2019-10965-1-1-1_2019-05-28 15_12_46-lv1-41393-10795-4607-7564p0027.png,0.5429953,0.45700476
2019_01120_1-1_2019-02-20 19_18_16-lv1-26931-18678-2999-4248p0003.png,0.5218284,0.47817153
D20170584502_2019-05-14 12_43_57-lv1-8718-14653-7634-8076p0023.png,0.13227303,0.867727
2019-10728-1-1-1_2019-05-29 10_20_36-lv1-41932-8116-7680-8493p0021.png,0.6786409,0.3213591
D201709874_2019-05-21 12_42_42-lv1-31315-17194-2766-2641p0002.png,0.34929487,0.6507051
2019-10507-1-1-1_2019-05-28 17_41_21-lv1-32379-4783-6197-6790p0022.png,0.6492434,0.3507566
2019-08976-1-3-3_2019-05-28 22_53_15-lv1-31393-5940-12318-3950p0011.png,0.71141726,0.28858274
2019_06193_1-1_2019-02-20 20_52_35-lv1-62184-33080-4772-3401p0010.png,0.15368104,0.84631896
2019-10195-1-1-1_2019-05-28 19_21_29-lv1-40740-12918-6524-8677p0055.png,0.33324438,0.6667556
2019-07501-1-3-3_2019-05-29 07_53_41-lv1-35261-15594-3588-8743p0009.png,0.6605326,0.3394674
2019-07460-1-2-2_2019-05-29 08_55_54-lv1-40848-18265-2155-3546p0007.png,0.6197406,0.38025936
D20170584502_2019-05-14 12_43_57-lv1-863-489-13565-15647p0030.png,0.1305436,0.8694563
D20180498101_2019-05-14 14_58_30-lv1-29229-6658-7712-6180p0026.png,0.11976178,0.88023823
2019-05891-1-5-5_2019-05-29 03_17_43-lv1-21385-20833-4026-4299p0012.png,0.72877705,0.27122298
2019-11827-1-1-1_2019-05-28 14_14_04-lv1-37745-31126-5181-7796p0001.png,0.54150563,0.4584943
2019-05891-1-2-2_2019-05-29 03_30_03-lv1-22122-12185-5735-4874p0008.png,0.6771702,0.32282972
2019-06-11 01_00_50-lv1-1956-12720-11095-7901p0092.png,0.6847617,0.31523836
2019-06-11 01_00_50-lv1-1956-12720-11095-7901p0056.png,0.7564733,0.2435268
2019-07506-1-5-5_2019-05-29 06_09_14-lv1-9703-21958-4456-10026p0026.png,0.38345927,0.6165407
2019-05891-1-4-4_2019-05-29 03_22_47-lv1-36685-4784-4743-4585p0018.png,0.75354046,0.24645951
2018_78758_1-1_2019-02-21 01_17_57-lv1-12181-25196-6860-3083p0010.png,0.3395705,0.66042954
2019-05890-1-4-4_2019-05-29 03_52_40-lv1-32907-20569-8446-9156p0015.png,0.5595065,0.44049355
D20180187901_2019-05-14 15_56_55-lv1-34347-8198-3824-5879p0011.png,0.39860195,0.60139805
2019-06-04 17_08_52-lv1-16428-11718-4556-4938p0004.png,0.5688618,0.43113816
D20170362101_2019-05-14 10_54_29-lv1-36452-24059-2947-5151p0012.png,0.21703155,0.78296846
D201801775B_2019-05-14 16_11_32-lv1-26580-33647-6698-6192p0018.png,0.14960879,0.85039127
D20190296201_2019-06-10 14_50_28-lv1-29513-27821-9198-12108p0072.png,0.13598785,0.8640122
2019-05890-1-1-1_2019-05-29 04_16_22-lv1-32976-4306-7960-8482p0008.png,0.49307337,0.5069266
D20170502603_2019-05-14 11_39_00-lv1-322-6285-19314-22701p0088.png,0.21413444,0.78586555
2019-08979-1-1-1_2019-05-28 22_36_37-lv1-43414-9050-8560-10324p0075.png,0.78540015,0.21459982
2019-07502-1-1-1_2019-05-29 07_14_13-lv1-45320-35367-4644-7384p0022.png,0.5902398,0.40976015
1903406001_2019-06-11 12_03_13-lv1-29267-17392-3773-3614p0005.png,0.25775203,0.742248
D20170518201_2019-05-14 12_05_30-lv1-33535-33090-5096-5832p0009.png,0.28069228,0.71930766
2019-10737-1-2-2_2019-05-28 16_19_15-lv1-30685-21461-7932-5491p0005.png,0.65226835,0.34773165
1900838001_2019-04-30 10_15_23-lv1-17110-19166-3362-4373p0010.png,0.38397163,0.61602837
D20170951201_2019-05-14 14_41_50-lv1-28397-29427-7624-5334p0038.png,0.19773483,0.8022652
2019-10737-1-1-1_2019-05-28 16_25_50-lv1-28510-5095-6046-6046p0007.png,0.68110853,0.3188914
2019-06-11 01_00_50-lv1-1956-12720-11095-7901p0098.png,0.7575457,0.24245434
D20180591902_2019-06-10 13_28_09-lv1-1674-15873-4963-2856p0013.png,0.7276978,0.2723022
2019-10195-1-1-1_2019-05-28 19_21_29-lv1-40740-12918-6524-8677p0006.png,0.2203616,0.7796383
2019-10503-1-1-1_2019-05-28 17_51_26-lv1-29114-7260-2985-14450p0002.png,0.67609733,0.32390258
2019-05891-1-2-2_2019-05-29 03_30_03-lv1-22122-12185-5735-4874p0009.png,0.7775196,0.22248042
2019-07498-1-2-2_2019-05-29 08_30_31-lv1-25906-27222-11411-7160p0072.png,0.3360691,0.66393083
1901558001_2019-04-30 10_24_11-lv1-50393-31270-4213-7808p0022.png,0.4690754,0.5309246
D20180723501_2019-06-10 13_47_37-lv1-15778-1569-3997-4912p0004.png,0.69555867,0.3044414
D20170584502_2019-05-14 12_43_57-lv1-14744-78-19212-20032p0123.png,0.1870113,0.8129887
2019-06-11 00_55_09-lv1-28455-933-3881-4470p0003.png,0.3572902,0.6427098
2019-08261-1-1-1_2019-05-29 01_05_21-lv1-42127-18322-5674-3309p0002.png,0.42792165,0.57207835
D20190284902_2019-06-10 15_02_38-lv1-16068-3027-6315-4228p0018.png,0.7728945,0.22710556
2019-06-11 00_55_09-lv1-28455-933-3881-4470p0014.png,0.25589323,0.7441068
2019-05891-1-4-4_2019-05-29 03_22_47-lv1-36685-4784-4743-4585p0012.png,0.8707902,0.12920983
2019-08976-1-2-2_2019-05-28 22_58_46-lv1-41616-6944-5288-5351p0012.png,0.7642221,0.23577794
2019-06-04 17_03_06-lv1-29057-9447-5532-3914p0015.png,0.49328533,0.5067147
D20180056701_2019-05-21 09_50_58-lv1-27543-34059-6966-5648p0005.png,0.11972906,0.88027096
2019-08980-1-3-3_2019-05-28 21_23_16-lv1-46154-12136-4958-4110p0020.png,0.86376214,0.13623784
2019-05890-1-1-1_2019-05-29 04_16_22-lv1-25799-22836-8286-7829p0048.png,0.39438108,0.6056189
D20170518201_2019-05-14 12_05_30-lv1-33535-33090-5096-5832p0004.png,0.384614,0.615386
2019-07498-1-2-2_2019-05-29 08_30_31-lv1-25906-27222-11411-7160p0035.png,0.24327917,0.7567208
D20170951201_2019-05-14 14_41_50-lv1-27257-23870-4628-6000p0003.png,0.25920266,0.74079734
2019-08979-1-5-5_2019-05-28 22_01_00-lv1-42518-23241-6676-7789p0001.png,0.73105377,0.2689462
D20180792401_2019-05-21 13_38_34-lv1-29203-23944-15780-12986p0051.png,0.28098083,0.7190192
2019-07502-1-2-2_2019-05-29 07_05_35-lv1-40805-21573-6383-5024p0001.png,0.8443862,0.15561369
D20170951201_2019-05-14 14_41_50-lv1-28397-29427-7624-5334p0031.png,0.2044328,0.7955672
2019-08979-1-6-6_2019-05-28 21_52_03-lv1-42127-12400-6222-8663p0032.png,0.6770442,0.32295582
D20170584502_2019-05-14 12_43_57-lv1-8718-14653-7634-8076p0042.png,0.34931776,0.6506822
D20170568101_2019-05-14 12_34_44-lv1-32981-23308-6289-3057p0003.png,0.41069928,0.58930075
2019-10728-1-1-1_2019-05-29 10_20_36-lv1-41932-8116-7680-8493p0011.png,0.68006814,0.31993183
2019-08241-1-1-1_2019-05-29 01_13_54-lv1-35328-31088-2673-4290p0011.png,0.6282478,0.3717523
2019-07806-1-1-1_2019-05-29 02_30_26-lv1-51709-27019-5595-4076p0006.png,0.26079243,0.7392076
D201803519_2019-05-14 15_14_44-lv1-37789-37126-5701-3477p0013.png,0.12568177,0.87431824
2019-10737-1-4-4_2019-05-28 16_02_11-lv1-21062-7815-8844-9859p0050.png,0.7853348,0.21466528
2019_03867_1-1_2019-02-20 20_00_32-lv1-36172-15430-6105-5822p0008.png,0.22962163,0.7703783
D201802733_2019-05-14 15_48_17-lv1-27927-31736-4219-5542p0014.png,0.65980244,0.34019753
D20170584502_2019-05-14 12_43_57-lv1-14744-78-19212-20032p0074.png,0.09496046,0.90503955
2019-08241-1-1-1_2019-05-29 01_13_54-lv1-36385-6963-3544-4165p0017.png,0.6622322,0.33776775
2019_03867_1-1_2019-02-20 20_00_32-lv1-36172-15430-6105-5822p0010.png,0.3548316,0.6451684
2019-06-11 00_58_36-lv1-820-6042-6546-12714p0004.png,0.4211758,0.5788242
2019-08980-1-2-2_2019-05-28 21_32_39-lv1-72667-1174-4502-6002p0021.png,0.42441377,0.57558626
2019-10962-1-1-1_2019-05-28 15_22_19-lv1-32816-22647-2905-2748p0001.png,0.4513259,0.5486741
2019-10732-1-6-6_2019-05-28 16_33_17-lv1-43103-2848-6491-8333p0034.png,0.8052456,0.1947544
2019-10296-1-1-1_2019-05-28 18_05_02-lv1-56485-13239-6689-7042p0016.png,0.27848265,0.7215174
2019-10732-1-4-4_2019-05-28 16_46_57-lv1-30727-24050-5932-6576p0014.png,0.617828,0.382172
2019-07498-1-2-2_2019-05-29 08_30_31-lv1-25906-27222-11411-7160p0067.png,0.27723324,0.7227667
2019-06-11 00_58_36-lv1-820-6042-6546-12714p0091.png,0.18618992,0.81381005
2019-05891-1-5-5_2019-05-29 03_17_43-lv1-21385-20833-4026-4299p0006.png,0.83154625,0.16845375
D20170502603_2019-05-14 11_39_00-lv1-322-6285-19314-22701p0327.png,0.1901704,0.80982965
2019-07506-1-5-5_2019-05-29 06_09_14-lv1-9703-21958-4456-10026p0004.png,0.28949714,0.71050286
D20190286206_2019-06-10 14_58_35-lv1-4261-12473-5210-3023p0012.png,0.6481815,0.35181853
D20170584502_2019-05-14 12_43_57-lv1-14744-78-19212-20032p0014.png,0.10818873,0.89181125
D201802733_2019-05-14 15_48_17-lv1-27927-31736-4219-5542p0019.png,0.26736215,0.7326378
2019-07501-1-3-3_2019-05-29 07_53_41-lv1-28802-27730-4306-8351p0009.png,0.56124,0.43876
2018_83220_1-1_2019-02-20 18_33_11-lv1-62292-40863-3519-3237p0007.png,0.6331111,0.36688885
D20190445003_2019-06-10 14_30_16-lv1-19280-4446-1982-3545p0003.png,0.49311727,0.5068827
1800127001_2019-04-30 10_40_02-lv1-7573-15422-4121-2549p0003.png,0.186614,0.813386
2019-08980-1-3-3_2019-05-28 21_23_16-lv1-46154-12136-4958-4110p0022.png,0.8954675,0.10453248
2018_83253_1-1_2019-02-20 18_38_45-lv1-9768-30873-3832-3408p0004.png,0.2680554,0.7319446
2019-10732-1-2-2_2019-05-28 17_07_02-lv1-20190-24783-6547-8251p0003.png,0.31399933,0.68600065
2019_03867_1-1_2019-02-20 20_00_32-lv1-45818-32740-4663-5324p0003.png,0.5548101,0.4451899
D20180498101_2019-05-14 14_58_30-lv1-31412-229-5257-6451p0035.png,0.10086078,0.8991392
D20181187110_2019-06-10 11_15_43-lv1-19548-15995-2218-2032p0003.png,0.79577047,0.20422953
2019-06-11 01_00_50-lv1-1956-12720-11095-7901p0030.png,0.6053681,0.39463192
2019-07460-1-1-1_2019-05-29 09_02_42-lv1-36814-6579-3841-3433p0009.png,0.54983306,0.450167
D20190284802_2019-06-10 15_06_21-lv1-34384-14661-5589-4144p0024.png,0.45652315,0.5434768
D20180056701_2019-05-21 09_50_58-lv1-27543-34059-6966-5648p0018.png,0.17285135,0.8271486
2019-10195-1-1-1_2019-05-28 19_21_29-lv1-40740-12918-6524-8677p0023.png,0.6279084,0.3720916
D20170502603_2019-05-14 11_39_00-lv1-322-6285-19314-22701p0160.png,0.10473312,0.8952669
2019-07460-1-1-1_2019-05-29 09_02_42-lv1-41874-3885-3865-2811p0003.png,0.57278204,0.427218
2019-10732-1-2-2_2019-05-28 17_07_02-lv1-20190-24783-6547-8251p0024.png,0.5195964,0.4804037
1902160001_2019-06-11 12_36_32-lv1-47122-16946-4823-2643p0003.png,0.72942615,0.27057385
1900838001_2019-04-30 10_15_23-lv1-20231-15672-6703-7495p0024.png,0.16053931,0.8394606
1901067001_2019-04-30 10_36_04-lv1-17809-14080-2848-6199p0004.png,0.22517252,0.77482754
1901558001_2019-04-30 10_24_11-lv1-53781-36766-3290-3779p0009.png,0.3428144,0.6571856
D20190445103_2019-06-10 14_26_02-lv1-16400-15396-5392-7030p0030.png,0.5647448,0.4352552
D20170502603_2019-05-14 11_39_00-lv1-322-6285-19314-22701p0358.png,0.16112624,0.83887386
D20170951201_2019-05-14 14_41_50-lv1-27257-23870-4628-6000p0006.png,0.3981707,0.6018293
2019-06-11 01_00_50-lv1-1956-12720-11095-7901p0005.png,0.5439954,0.45600465
2019-08895-1-1-1_2019-05-29 00_16_03-lv1-32906-4373-5396-3862p0010.png,0.38741863,0.6125813
2019_01120_1-1_2019-02-20 19_18_16-lv1-26931-18678-2999-4248p0010.png,0.19258064,0.8074193
2019-10737-1-4-4_2019-05-28 16_02_11-lv1-21062-7815-8844-9859p0033.png,0.79905784,0.20094217
2019-09687-1-1-1_2019-05-28 19_57_12-lv1-60101-8892-4289-3546p0014.png,0.18490253,0.81509745
2019-10732-1-1-1_2019-05-28 17_14_07-lv1-33615-23595-7025-4639p0003.png,0.39696285,0.6030371
2019-07506-1-6-6_2019-05-29 06_02_44-lv1-23392-11735-5508-4131p0014.png,0.6892802,0.31071973
2019-07498-1-1-1_2019-05-29 08_39_10-lv1-37980-7135-8091-5797p0014.png,0.55799204,0.44200793
D20180056701_2019-05-21 09_50_58-lv1-27543-34059-6966-5648p0021.png,0.14800847,0.85199153
2019-05890-1-1-1_2019-05-29 04_16_22-lv1-32976-4306-7960-8482p0056.png,0.5127292,0.48727077
2019-07506-1-5-5_2019-05-29 06_09_14-lv1-9703-21958-4456-10026p0023.png,0.5738626,0.42613736
D20170951201_2019-05-14 14_41_50-lv1-27257-23870-4628-6000p0010.png,0.34196505,0.6580349
2019-08974-1-5-5_2019-05-28 23_17_50-lv1-33952-9759-6526-5268p0016.png,0.8176692,0.1823308
D20180102901_2019-05-21 09_38_51-lv1-36547-27341-10626-9816p0037.png,0.13724497,0.86275506
2019-10732-1-4-4_2019-05-28 16_46_57-lv1-36798-25730-4427-4159p0004.png,0.80653155,0.19346853
2019-08261-1-1-1_2019-05-29 01_05_21-lv1-42127-18322-5674-3309p0008.png,0.31251588,0.6874841
D20180102901_2019-05-21 09_38_51-lv1-36547-27341-10626-9816p0080.png,0.3064366,0.69356334
D20180177401_2019-05-14 16_20_21-lv1-35775-30321-8440-9363p0030.png,0.25023776,0.74976224
D20190284705_2019-06-10 15_10_34-lv1-16662-25829-5910-3664p0012.png,0.6037635,0.3962365
D201707227_2019-05-14 13_49_08-lv1-535-16796-26010-19568p0040.png,0.10890178,0.89109826
2019-06-11 01_00_50-lv1-1956-12720-11095-7901p0033.png,0.5250167,0.47498327
D201801775B_2019-05-14 16_11_32-lv1-32232-31796-7646-5982p0015.png,0.22629885,0.77370113
2019-06-11 00_46_38-lv1-9591-8750-3967-5483p0004.png,0.6097356,0.39026445
2019-08976-1-4-4_2019-05-28 22_46_07-lv1-37015-6427-4484-5834p0021.png,0.5367247,0.4632753
2018_83220_1-1_2019-02-20 18_33_11-lv1-58151-37497-5712-3460p0008.png,0.23220104,0.767799
1900838001_2019-04-30 10_15_23-lv1-20231-15672-6703-7495p0008.png,0.26947087,0.7305291
2019-10195-1-1-1_2019-05-28 19_21_29-lv1-40740-12918-6524-8677p0051.png,0.40868196,0.591318
2019-10732-1-6-6_2019-05-28 16_33_17-lv1-43103-2848-6491-8333p0058.png,0.572888,0.427112
2019-08979-1-3-3_2019-05-28 22_17_51-lv1-42656-17844-6415-7137p0032.png,0.8052369,0.19476312
D20170518201_2019-05-14 12_05_30-lv1-30277-26951-8886-7721p0034.png,0.37453043,0.62546957
D201803519_2019-05-14 15_14_44-lv1-37789-37126-5701-3477p0004.png,0.1849561,0.8150439
2019-09674-1-1-1_2019-05-28 20_06_49-lv1-53580-23000-5828-6432p0023.png,0.6893774,0.3106225
D20180792401_2019-05-21 13_38_34-lv1-29203-23944-15780-12986p0007.png,0.11249825,0.8875018
D20170518201_2019-05-14 12_05_30-lv1-30277-26951-8886-7721p0012.png,0.36143267,0.6385673
1903406001_2019-06-11 12_03_13-lv1-16299-14974-3560-3906p0015.png,0.21992014,0.7800799
D20170584502_2019-05-14 12_43_57-lv1-14744-78-19212-20032p0064.png,0.17740762,0.8225924
2019-08979-1-3-3_2019-05-28 22_17_51-lv1-42656-17844-6415-7137p0017.png,0.58694065,0.41305935
D20180723001_2019-06-10 13_01_20-lv1-17394-12710-6236-5782p0029.png,0.51890105,0.48109895
2019-10195-1-1-1_2019-05-28 19_21_29-lv1-40740-12918-6524-8677p0007.png,0.24471244,0.7552875
2019-06-11 09_15_18-lv1-20478-17628-3991-6155p0007.png,0.29746944,0.70253056
2019-10946-1-1-1_2019-05-28 15_40_39-lv1-37765-7438-4110-7111p0036.png,0.5448327,0.45516732
D20170502603_2019-05-14 11_39_00-lv1-322-6285-19314-22701p0158.png,0.09274884,0.9072512
2019-06-11 00_46_38-lv1-9591-8750-3967-5483p0011.png,0.7533503,0.24664965
D20180715202_2019-05-21 13_14_56-lv1-26524-21829-4504-4625p0015.png,0.26062673,0.73937327
2019-07805-1-1-1_2019-05-29 05_23_08-lv1-38935-29409-9948-4414p0017.png,0.2983579,0.701642
2019-10732-1-2-2_2019-05-28 17_07_02-lv1-20190-24783-6547-8251p0022.png,0.8713658,0.12863432
D20170584502_2019-05-14 12_43_57-lv1-14744-78-19212-20032p0057.png,0.15800703,0.84199303
2019-05890-1-5-5_2019-05-29 03_46_25-lv1-10646-28473-10848-8938p0046.png,0.6551688,0.34483123
2019-08976-1-3-3_2019-05-28 22_53_15-lv1-31393-5940-12318-3950p0045.png,0.7546508,0.24534912
1901558001_2019-04-30 10_24_11-lv1-50393-31270-4213-7808p0024.png,0.09048744,0.9095126
D20190284802_2019-06-10 15_06_21-lv1-16310-12946-4950-3583p0017.png,0.5064478,0.49355215
D20170502603_2019-05-14 11_39_00-lv1-322-6285-19314-22701p0108.png,0.27356592,0.72643405
2019-10737-1-6-6_2019-05-28 15_47_35-lv1-19582-23423-8743-5611p0017.png,0.8060454,0.19395453
D20170584502_2019-05-14 12_43_57-lv1-14744-78-19212-20032p0029.png,0.13234672,0.86765325
D20190284902_2019-06-10 15_02_38-lv1-16068-3027-6315-4228p0003.png,0.61847085,0.3815292
D20180056701_2019-05-21 09_50_58-lv1-23029-29289-3105-7538p0012.png,0.62947834,0.37052172
2019-05890-1-4-4_2019-05-29 03_52_40-lv1-32907-20569-8446-9156p0026.png,0.55770713,0.44229284
2019-05890-1-1-1_2019-05-29 04_16_22-lv1-32976-4306-7960-8482p0031.png,0.31469077,0.6853092
2019-05890-1-1-1_2019-05-29 04_16_22-lv1-32976-4306-7960-8482p0030.png,0.45985645,0.54014355
2019-08979-1-1-1_2019-05-28 22_36_37-lv1-43414-9050-8560-10324p0013.png,0.4512724,0.54872763
2019-06-11 01_00_50-lv1-1956-12720-11095-7901p0004.png,0.6826529,0.3173471
2019-05891-1-2-2_2019-05-29 03_30_03-lv1-22122-12185-5735-4874p0005.png,0.53842825,0.46157172
D201801775B_2019-05-14 16_11_32-lv1-32232-31796-7646-5982p0040.png,0.27746728,0.72253275
D201707788_2019-05-14 14_05_34-lv1-2777-15975-12688-9314p0034.png,0.11112218,0.88887775
D201711541_2019-05-21 11_28_51-lv1-39189-27851-3979-5553p0009.png,0.1163371,0.8836629
D20170362101_2019-05-14 10_54_29-lv1-29935-31527-7716-4964p0018.png,0.29871777,0.70128226
D20170502603_2019-05-14 11_39_00-lv1-322-6285-19314-22701p0385.png,0.20429334,0.79570675
2019-10503-1-1-1_2019-05-28 17_51_26-lv1-29114-7260-2985-14450p0014.png,0.53271824,0.46728167
2019-07506-1-6-6_2019-05-29 06_02_44-lv1-32194-35205-4849-3472p0010.png,0.43993777,0.5600622
D201710920_2019-05-21 11_52_57-lv1-33661-31501-7087-7660p0008.png,0.44460252,0.55539745
2019-07806-1-1-1_2019-05-29 02_30_26-lv1-51709-27019-5595-4076p0004.png,0.32167715,0.6783228
D20170502603_2019-05-14 11_39_00-lv1-322-6285-19314-22701p0192.png,0.19010878,0.8098912
2019-10732-1-5-5_2019-05-28 16_40_29-lv1-37280-16311-8989-5437p0027.png,0.69921,0.30079004
2019-05890-1-1-1_2019-05-29 04_16_22-lv1-25799-22836-8286-7829p0045.png,0.44858536,0.5514146
D20170502603_2019-05-14 11_39_00-lv1-322-6285-19314-22701p0217.png,0.1170809,0.882919
D20170584502_2019-05-14 12_43_57-lv1-14744-78-19212-20032p0042.png,0.1140447,0.88595533
D20180498101_2019-05-14 14_58_30-lv1-29229-6658-7712-6180p0041.png,0.21536241,0.7846376
2019-07502-1-2-2_2019-05-29 07_05_35-lv1-40805-21573-6383-5024p0014.png,0.8050696,0.19493034
D201707227_2019-05-14 13_49_08-lv1-535-16796-26010-19568p0049.png,0.26794103,0.73205894
2019-08979-1-1-1_2019-05-28 22_36_37-lv1-43414-9050-8560-10324p0002.png,0.7430294,0.25697052
D20180792401_2019-05-21 13_38_34-lv1-29203-23944-15780-12986p0026.png,0.13973479,0.86026525
2019-10737-1-3-3_2019-05-28 16_09_09-lv1-42153-16864-3472-2613p0004.png,0.515967,0.48403296
2019-07502-1-1-1_2019-05-29 07_14_13-lv1-37002-16572-4175-7633p0041.png,0.581657,0.41834295
D20180498101_2019-05-14 14_58_30-lv1-29229-6658-7712-6180p0037.png,0.15351209,0.84648794
D201711541_2019-05-21 11_28_51-lv1-32674-26736-3766-4770p0008.png,0.17673717,0.8232627
2019-10737-1-1-1_2019-05-28 16_25_50-lv1-28510-5095-6046-6046p0035.png,0.40767708,0.5923229
2019-08976-1-3-3_2019-05-28 22_53_15-lv1-27252-10804-5418-2621p0011.png,0.46387833,0.53612167
2019-10737-1-1-1_2019-05-28 16_25_50-lv1-28510-5095-6046-6046p0032.png,0.4186206,0.5813794
D20190399001_2019-06-10 14_39_51-lv1-15622-18656-3266-1719p0003.png,0.70668656,0.29331344
2019-07503-1-3-3_2019-05-29 06_41_43-lv1-36370-19523-6217-5844p0029.png,0.5869441,0.41305587
D20180177401_2019-05-14 16_20_21-lv1-35775-30321-8440-9363p0019.png,0.25776312,0.74223685
D20170502603_2019-05-14 11_39_00-lv1-322-6285-19314-22701p0210.png,0.34496316,0.6550368
2019_01246_1-1_2019-02-20 19_23_52-lv1-43392-4103-4387-2023p0002.png,0.8190149,0.18098515
2019-07506-1-6-6_2019-05-29 06_02_44-lv1-32194-35205-4849-3472p0002.png,0.42746392,0.57253605
2019-08140-1-1-1_2019-05-29 01_22_08-lv1-37576-9838-4308-5583p0010.png,0.39720827,0.6027917
1903326001_2019-06-11 12_07_06-lv1-22710-30692-2579-4062p0006.png,0.42347988,0.57652014
D201803519_2019-05-14 15_14_44-lv1-28486-26603-10590-9935p0038.png,0.12356731,0.87643266
2019-07806-1-1-1_2019-05-29 02_30_26-lv1-51709-27019-5595-4076p0021.png,0.3873168,0.61268324
D20180177401_2019-05-14 16_20_21-lv1-32896-24870-5099-5407p0020.png,0.22348993,0.77651006
D20190296201_2019-06-10 14_50_28-lv1-29513-27821-9198-12108p0015.png,0.27763963,0.7223604
2019-05891-1-2-2_2019-05-29 03_30_03-lv1-22122-12185-5735-4874p0004.png,0.73852,0.26148003
2019-10195-1-1-1_2019-05-28 19_21_29-lv1-40740-12918-6524-8677p0002.png,0.2450038,0.7549962
2019-10504-1-1-1_2019-05-28 17_44_07-lv1-28687-3202-15210-8684p0007.png,0.45664304,0.54335696
D20190399001_2019-06-10 14_39_51-lv1-15260-15903-3982-1913p0003.png,0.83344585,0.16655415
2019-05890-1-3-3_2019-05-29 04_02_08-lv1-33554-13476-4846-5024p0002.png,0.72470933,0.27529064
D20170502603_2019-05-14 11_39_00-lv1-322-6285-19314-22701p0025.png,0.10020661,0.8997934
2019-07805-1-1-1_2019-05-29 05_23_08-lv1-38935-29409-9948-4414p0012.png,0.27585995,0.7241401
D20180177401_2019-05-14 16_20_21-lv1-35775-30321-8440-9363p0021.png,0.11278337,0.88721657
D20180792401_2019-05-21 13_38_34-lv1-29203-23944-15780-12986p0042.png,0.49897793,0.50102204
D201802734_2019-05-14 15_33_06-lv1-27790-35298-7029-4792p0012.png,0.19077188,0.8092282
2019-10951-1-1-1_2019-05-28 15_32_06-lv1-46015-20331-12311-4414p0025.png,0.5962752,0.40372476
2019-10951-1-1-1_2019-05-28 15_32_06-lv1-46015-20331-12311-4414p0049.png,0.80401945,0.19598058
D20170502603_2019-05-14 11_39_00-lv1-322-6285-19314-22701p0266.png,0.22684167,0.7731584
1902386002_2019-06-11 12_23_22-lv1-22824-31253-5676-4175p0008.png,0.72350854,0.2764914
D20170518201_2019-05-14 12_05_30-lv1-33535-33090-5096-5832p0013.png,0.24033985,0.7596602
2019-06-11 00_48_57-lv1-26526-12299-2741-2793p0007.png,0.16536766,0.8346324
2019-10296-1-1-1_2019-05-28 18_05_02-lv1-56485-13239-6689-7042p0013.png,0.49139225,0.5086078
D20180056701_2019-05-21 09_50_58-lv1-23029-29289-3105-7538p0004.png,0.15655573,0.8434442
2019-07506-1-5-5_2019-05-29 06_09_14-lv1-9703-21958-4456-10026p0037.png,0.5826607,0.41733927
D20170518201_2019-05-14 12_05_30-lv1-30277-26951-8886-7721p0024.png,0.28949055,0.7105094
2019-09687-1-1-1_2019-05-28 19_57_12-lv1-49087-30726-6141-5333p0026.png,0.39602268,0.60397726
D20170518201_2019-05-14 12_05_30-lv1-30277-26951-8886-7721p0001.png,0.22852162,0.7714784
D20190284902_2019-06-10 15_02_38-lv1-16068-3027-6315-4228p0011.png,0.6740004,0.32599962
2019-10732-1-5-5_2019-05-28 16_40_29-lv1-37280-16311-8989-5437p0045.png,0.667359,0.33264098
1900838001_2019-04-30 10_15_23-lv1-20231-15672-6703-7495p0023.png,0.20737198,0.792628
2019-08979-1-3-3_2019-05-28 22_17_51-lv1-42656-17844-6415-7137p0022.png,0.69127226,0.30872777
2019-10620-1-1-1_2019-05-28 17_28_41-lv1-41477-15784-5544-4164p0007.png,0.39561456,0.6043855
2019-08979-1-5-5_2019-05-28 22_01_00-lv1-49604-12407-8550-4392p0004.png,0.86445427,0.1355457
D20180723501_2019-06-10 13_47_37-lv1-15778-1569-3997-4912p0016.png,0.36369216,0.63630784
2019-07502-1-1-1_2019-05-29 07_14_13-lv1-37002-16572-4175-7633p0007.png,0.34203413,0.6579659
D20170951201_2019-05-14 14_41_50-lv1-28397-29427-7624-5334p0004.png,0.454868,0.545132
2019_01120_1-1_2019-02-20 19_18_16-lv1-27199-14351-3144-2966p0004.png,0.269412,0.7305879
2019-06-11 00_58_36-lv1-820-6042-6546-12714p0016.png,0.3653342,0.63466585
D20170951201_2019-05-14 14_41_50-lv1-28397-29427-7624-5334p0019.png,0.1678573,0.8321428
2019-10327-1-1-1_2019-05-28 17_55_39-lv1-34492-22003-4074-4533p0017.png,0.3153086,0.68469137
2019-06-04 17_08_52-lv1-16428-11718-4556-4938p0024.png,0.482226,0.517774
2019-08974-1-1-1_2019-05-28 23_56_10-lv1-53379-9747-9811-5861p0031.png,0.78049093,0.21950907
1901558001_2019-04-30 10_24_11-lv1-50393-31270-4213-7808p0001.png,0.58469707,0.41530293
2019-08895-1-1-1_2019-05-29 00_16_03-lv1-18024-33741-5509-2953p0007.png,0.53937966,0.4606203
2019-10732-1-5-5_2019-05-28 16_40_29-lv1-37280-16311-8989-5437p0039.png,0.82309306,0.17690694
2019-08863-1-1-1_2019-05-29 00_31_57-lv1-26775-8699-9357-4453p0029.png,0.6166997,0.38330027
2019-05891-1-4-4_2019-05-29 03_22_47-lv1-36685-4784-4743-4585p0002.png,0.8065894,0.19341056
D20180586802_2019-06-10 13_31_46-lv1-25458-17933-4214-2341p0002.png,0.77595985,0.2240401
D20180177401_2019-05-14 16_20_21-lv1-35775-30321-8440-9363p0027.png,0.11206809,0.88793194
D20170502603_2019-05-14 11_39_00-lv1-322-6285-19314-22701p0233.png,0.10607995,0.89392
D20181168805_2019-06-10 11_18_54-lv1-18579-12686-3858-4185p0003.png,0.8609312,0.13906883
D201710920_2019-05-21 11_52_57-lv1-33661-31501-7087-7660p0018.png,0.5975233,0.40247673
2019-10737-1-3-3_2019-05-28 16_09_09-lv1-33179-13494-5260-6326p0020.png,0.8166152,0.18338487
1900836001_2019-06-11 13_14_48-lv1-16806-16161-5025-3954p0008.png,0.4938346,0.5061654
2018_83220_1-1_2019-02-20 18_33_11-lv1-59641-33027-4844-3976p0014.png,0.48218453,0.5178154
D20170362101_2019-05-14 10_54_29-lv1-29935-31527-7716-4964p0003.png,0.10290027,0.89709973
D20180498101_2019-05-14 14_58_30-lv1-29229-6658-7712-6180p0029.png,0.34436497,0.65563506
D201707788_2019-05-14 14_05_34-lv1-2777-15975-12688-9314p0001.png,0.11520154,0.88479847
2019-10732-1-4-4_2019-05-28 16_46_57-lv1-30727-24050-5932-6576p0022.png,0.697185,0.30281505
2019-07805-1-1-1_2019-05-29 05_23_08-lv1-36211-36202-4081-3539p0007.png,0.362812,0.637188
2019-10507-1-1-1_2019-05-28 17_41_21-lv1-32379-4783-6197-6790p0041.png,0.72424144,0.2757586
2019-10732-1-6-6_2019-05-28 16_33_17-lv1-43103-2848-6491-8333p0049.png,0.84074473,0.15925528
2019-07498-1-2-2_2019-05-29 08_30_31-lv1-25906-27222-11411-7160p0063.png,0.34012827,0.65987176
2019-08974-1-3-3_2019-05-28 23_36_34-lv1-47912-7170-4032-4565p0015.png,0.7235944,0.27640554
1902386002_2019-06-11 12_23_22-lv1-38745-14876-5611-7177p0020.png,0.2206317,0.77936834
2019-10195-1-2-2_2019-05-28 19_12_24-lv1-43980-10703-3804-4062p0016.png,0.45492208,0.545078
2019-06-04 16_57_19-lv1-16146-684-3294-3198p0009.png,0.4006624,0.5993376
D201707788_2019-05-14 14_05_34-lv1-2777-15975-12688-9314p0051.png,0.13829784,0.8617021
D20170584502_2019-05-14 12_43_57-lv1-8718-14653-7634-8076p0033.png,0.210196,0.7898041
D201801775B_2019-05-14 16_11_32-lv1-26744-26137-5178-7271p0013.png,0.3973126,0.60268736
2019-10965-1-1-1_2019-05-28 15_12_46-lv1-41393-10795-4607-7564p0025.png,0.5907687,0.40923136
2019-07506-1-5-5_2019-05-29 06_09_14-lv1-9703-21958-4456-10026p0032.png,0.6315745,0.3684255
D20170502603_2019-05-14 11_39_00-lv1-322-6285-19314-22701p0078.png,0.13388553,0.8661145
D20170518201_2019-05-14 12_05_30-lv1-30277-26951-8886-7721p0025.png,0.26453096,0.73546904
1902386002_2019-06-11 12_23_22-lv1-22824-31253-5676-4175p0024.png,0.21738724,0.7826128
D20170518201_2019-05-14 12_05_30-lv1-30277-26951-8886-7721p0020.png,0.35928717,0.6407129
2019-05890-1-1-1_2019-05-29 04_16_22-lv1-25799-22836-8286-7829p0015.png,0.5715492,0.42845085
D20170502603_2019-05-14 11_39_00-lv1-322-6285-19314-22701p0042.png,0.10536533,0.89463466
D20190296201_2019-06-10 14_50_28-lv1-29513-27821-9198-12108p0032.png,0.13921973,0.86078024
2019-10732-1-6-6_2019-05-28 16_33_17-lv1-43103-2848-6491-8333p0012.png,0.6947076,0.30529237
D20170362101_2019-05-14 10_54_29-lv1-29935-31527-7716-4964p0010.png,0.30660108,0.6933989
2018_78758_1-1_2019-02-21 01_17_57-lv1-19474-24877-4448-4084p0004.png,0.18042594,0.81957406
2019-06-11 01_00_50-lv1-1956-12720-11095-7901p0031.png,0.5374725,0.46252748
2019-10195-1-1-1_2019-05-28 19_21_29-lv1-40740-12918-6524-8677p0057.png,0.32925704,0.670743
2019-10737-1-5-5_2019-05-28 15_54_44-lv1-25060-15448-3841-2797p0009.png,0.65146416,0.3485358
2019_03867_1-1_2019-02-20 20_00_32-lv1-36172-15430-6105-5822p0004.png,0.2711048,0.7288951
1902386002_2019-06-11 12_23_22-lv1-38745-14876-5611-7177p0008.png,0.3779775,0.6220225
1902427001_2019-06-11 12_12_29-lv1-18613-16414-3481-3606p0002.png,0.1816242,0.81837577
2019-08979-1-5-5_2019-05-28 22_01_00-lv1-42518-23241-6676-7789p0013.png,0.66854507,0.3314549
2019-07506-1-6-6_2019-05-29 06_02_44-lv1-23392-11735-5508-4131p0016.png,0.24517871,0.7548213
2019-08976-1-3-3_2019-05-28 22_53_15-lv1-27053-7624-4195-3178p0013.png,0.52338827,0.47661167
2019-05890-1-4-4_2019-05-29 03_52_40-lv1-32907-20569-8446-9156p0040.png,0.4384356,0.56156445
2019-07805-1-1-1_2019-05-29 05_23_08-lv1-38935-29409-9948-4414p0018.png,0.51628053,0.4837194
D201707227_2019-05-14 13_49_08-lv1-535-16796-26010-19568p0038.png,0.13697492,0.86302507
D20180792401_2019-05-21 13_38_34-lv1-29203-23944-15780-12986p0034.png,0.15665491,0.8433451
2019_03867_1-1_2019-02-20 20_00_32-lv1-45818-32740-4663-5324p0007.png,0.36443767,0.63556236
D201707227_2019-05-14 13_49_08-lv1-535-16796-26010-19568p0014.png,0.25373718,0.7462628
D20170502603_2019-05-14 11_39_00-lv1-322-6285-19314-22701p0089.png,0.18544973,0.8145502
D20190381406_2019-06-10 14_42_20-lv1-733-24093-3432-3084p0002.png,0.4254242,0.5745758
D20180102901_2019-05-21 09_38_51-lv1-36547-27341-10626-9816p0071.png,0.2345424,0.7654576
D20180187901_2019-05-14 15_56_55-lv1-36171-3307-4967-5736p0009.png,0.34854704,0.65145296
D201707788_2019-05-14 14_05_34-lv1-2777-15975-12688-9314p0005.png,0.10444239,0.8955576
2019-10732-1-6-6_2019-05-28 16_33_17-lv1-43103-2848-6491-8333p0004.png,0.6311162,0.3688838
2019-07498-1-2-2_2019-05-29 08_30_31-lv1-46489-6224-11088-8360p0079.png,0.5242541,0.47574592
2019-08241-1-1-1_2019-05-29 01_13_54-lv1-36385-6963-3544-4165p0007.png,0.69962513,0.3003749
2019-06-11 00_55_09-lv1-28455-933-3881-4470p0008.png,0.32323855,0.6767614
D20170502603_2019-05-14 11_39_00-lv1-322-6285-19314-22701p0043.png,0.10548021,0.89451987
D20181047302_2019-06-10 11_38_18-lv1-2363-24324-4352-3675p0004.png,0.23319346,0.76680654
2019-08980-1-1-1_2019-05-28 21_41_50-lv1-52872-25008-3867-3778p0014.png,0.5044239,0.4955761
D201707227_2019-05-14 13_49_08-lv1-535-16796-26010-19568p0022.png,0.20665468,0.79334533
D20170362101_2019-05-14 10_54_29-lv1-29935-31527-7716-4964p0022.png,0.26760277,0.7323972
D20180792401_2019-05-21 13_38_34-lv1-29203-23944-15780-12986p0030.png,0.36248675,0.6375133
2019-05891-1-2-2_2019-05-29 03_30_03-lv1-22122-12185-5735-4874p0010.png,0.50178057,0.4982195
D20170518201_2019-05-14 12_05_30-lv1-39601-28026-5393-3901p0019.png,0.19590425,0.80409575
D20170546301_2019-05-14 12_21_38-lv1-26517-31493-4149-3569p0008.png,0.51398134,0.48601863
2019-10946-1-1-1_2019-05-28 15_40_39-lv1-22021-16267-4506-6971p0011.png,0.30064145,0.6993586
2018_78758_1-1_2019-02-21 01_17_57-lv1-12181-25196-6860-3083p0014.png,0.70008373,0.2999162
2019-06-04 17_03_06-lv1-29057-9447-5532-3914p0006.png,0.6715996,0.32840034
D201802733_2019-05-14 15_48_17-lv1-27927-31736-4219-5542p0010.png,0.27216396,0.727836
2019-08979-1-1-1_2019-05-28 22_36_37-lv1-43414-9050-8560-10324p0067.png,0.68201894,0.317981
D20170502603_2019-05-14 11_39_00-lv1-322-6285-19314-22701p0189.png,0.15505072,0.8449493
D20170502603_2019-05-14 11_39_00-lv1-322-6285-19314-22701p0286.png,0.23550741,0.7644926
D201801775B_2019-05-14 16_11_32-lv1-32232-31796-7646-5982p0013.png,0.09267085,0.90732914
2019-05891-1-4-4_2019-05-29 03_22_47-lv1-36685-4784-4743-4585p0001.png,0.8691872,0.1308128
D20180792401_2019-05-21 13_38_34-lv1-29203-23944-15780-12986p0023.png,0.16139485,0.8386052
2019-06-11 00_58_36-lv1-820-6042-6546-12714p0028.png,0.37223837,0.62776166
1902386002_2019-06-11 12_23_22-lv1-22824-31253-5676-4175p0030.png,0.41290548,0.58709455
2019-08886-1-1-1_2019-05-29 00_21_36-lv1-49044-5996-4707-4384p0009.png,0.27225658,0.7277434
D20180102901_2019-05-21 09_38_51-lv1-36547-27341-10626-9816p0007.png,0.3670384,0.6329616
D20170584502_2019-05-14 12_43_57-lv1-14744-78-19212-20032p0033.png,0.2174867,0.78251326
D20170362101_2019-05-14 10_54_29-lv1-36452-24059-2947-5151p0017.png,0.22098872,0.7790113
D201802734_2019-05-14 15_33_06-lv1-27790-35298-7029-4792p0026.png,0.09441143,0.90558857
2019-07502-1-2-2_2019-05-29 07_05_35-lv1-40805-21573-6383-5024p0011.png,0.6400167,0.35998327
D20180792401_2019-05-21 13_38_34-lv1-29203-23944-15780-12986p0087.png,0.17928115,0.8207188
2019-10732-1-5-5_2019-05-28 16_40_29-lv1-37280-16311-8989-5437p0005.png,0.82939494,0.17060497
2019-05890-1-5-5_2019-05-29 03_46_25-lv1-10646-28473-10848-8938p0065.png,0.8753193,0.12468076
2019-05890-1-1-1_2019-05-29 04_16_22-lv1-25799-22836-8286-7829p0035.png,0.39402783,0.6059722
D201801775B_2019-05-14 16_11_32-lv1-32232-31796-7646-5982p0010.png,0.23194923,0.7680508
2019-10737-1-3-3_2019-05-28 16_09_09-lv1-42153-16864-3472-2613p0008.png,0.49880207,0.50119793
2019-07502-1-1-1_2019-05-29 07_14_13-lv1-37002-16572-4175-7633p0040.png,0.6013432,0.3986568
D201802733_2019-05-14 15_48_17-lv1-36444-25037-3635-5520p0001.png,0.58036816,0.41963175
2019-10946-1-1-1_2019-05-28 15_40_39-lv1-37765-7438-4110-7111p0003.png,0.7056614,0.29433852
2019-05890-1-4-4_2019-05-29 03_52_40-lv1-32907-20569-8446-9156p0055.png,0.7966546,0.2033455
D20190445103_2019-06-10 14_26_02-lv1-16400-15396-5392-7030p0012.png,0.81891054,0.18108946
2019-10504-1-1-1_2019-05-28 17_44_07-lv1-28687-3202-15210-8684p0050.png,0.62478435,0.37521565
D20180792401_2019-05-21 13_38_34-lv1-29203-23944-15780-12986p0094.png,0.21598577,0.7840142
2019-06-11 00_46_38-lv1-3641-3675-3908-5775p0018.png,0.45209733,0.5479027
2019_07303_1-1_2019-02-20 20_59_23-lv1-57476-14485-5363-6246p0011.png,0.22786604,0.77213395
2019-08974-1-1-1_2019-05-28 23_56_10-lv1-33437-26695-7518-8983p0007.png,0.5621371,0.43786284
D20170502603_2019-05-14 11_39_00-lv1-322-6285-19314-22701p0223.png,0.23830055,0.76169944
2018_78758_1-1_2019-02-21 01_17_57-lv1-12181-25196-6860-3083p0011.png,0.38891733,0.6110827
2019-08976-1-2-2_2019-05-28 22_58_46-lv1-41616-6944-5288-5351p0025.png,0.67198974,0.3280102
D20180586802_2019-06-10 13_31_46-lv1-11083-13485-3980-2200p0007.png,0.576756,0.423244
D20180792401_2019-05-21 13_38_34-lv1-29203-23944-15780-12986p0101.png,0.2243462,0.77565384
2019-07498-1-2-2_2019-05-29 08_30_31-lv1-46489-6224-11088-8360p0026.png,0.40557313,0.5944269
D20170502603_2019-05-14 11_39_00-lv1-322-6285-19314-22701p0130.png,0.18166128,0.8183387
2019-07506-1-4-4_2019-05-29 01_58_32-lv1-17822-9656-3294-5907p0002.png,0.3618824,0.6381176
2019-07498-1-1-1_2019-05-29 08_39_10-lv1-37980-7135-8091-5797p0027.png,0.65756524,0.34243485
2019-07501-1-3-3_2019-05-29 07_53_41-lv1-28802-27730-4306-8351p0027.png,0.5665243,0.43347567
1902160001_2019-06-11 12_36_32-lv1-39045-16016-3312-4096p0003.png,0.75776595,0.24223413
2019-08976-1-3-3_2019-05-28 22_53_15-lv1-27252-10804-5418-2621p0001.png,0.58053726,0.41946277
2019-08974-1-1-1_2019-05-28 23_56_10-lv1-33437-26695-7518-8983p0058.png,0.765702,0.23429798
D20190445103_2019-06-10 14_26_02-lv1-16400-15396-5392-7030p0004.png,0.6425591,0.35744092
2019-05891-1-5-5_2019-05-29 03_17_43-lv1-21385-20833-4026-4299p0002.png,0.8665607,0.13343935
D20180591902_2019-06-10 13_28_09-lv1-1674-15873-4963-2856p0012.png,0.65377885,0.3462211
D201803519_2019-05-14 15_14_44-lv1-37789-37126-5701-3477p0012.png,0.18663338,0.81336665
1903326001_2019-06-11 12_07_06-lv1-18648-16700-3610-3417p0002.png,0.28339088,0.7166091
1902160001_2019-06-11 12_36_32-lv1-42822-14737-4416-4096p0012.png,0.5004311,0.49956885
D20170502603_2019-05-14 11_39_00-lv1-322-6285-19314-22701p0182.png,0.13492274,0.86507726
D20170584502_2019-05-14 12_43_57-lv1-14744-78-19212-20032p0023.png,0.25501266,0.7449873
2018_83253_1-1_2019-02-20 18_38_45-lv1-883-22059-4376-3680p0003.png,0.5299626,0.4700375
1800127001_2019-04-30 10_40_02-lv1-6628-22213-4692-4725p0003.png,0.11753383,0.88246614
2019-07506-1-2-2_2019-05-29 06_26_57-lv1-31603-13183-2993-3051p0002.png,0.49596673,0.5040332
2019-08979-1-5-5_2019-05-28 22_01_00-lv1-49604-12407-8550-4392p0033.png,0.468904,0.531096
2019-06-11 09_15_18-lv1-14414-13849-6581-6338p0046.png,0.31908187,0.68091816
D201802733_2019-05-14 15_48_17-lv1-27927-31736-4219-5542p0005.png,0.23214021,0.76785976
D20170568101_2019-05-14 12_34_44-lv1-31812-26175-6401-3317p0007.png,0.3444281,0.65557194
D201803519_2019-05-14 15_14_44-lv1-28486-26603-10590-9935p0012.png,0.17242076,0.82757926
D201801775B_2019-05-14 16_11_32-lv1-26580-33647-6698-6192p0020.png,0.34462905,0.65537095
D201802733_2019-05-14 15_48_17-lv1-36444-25037-3635-5520p0005.png,0.27883458,0.7211654
2019-07805-1-1-1_2019-05-29 05_23_08-lv1-34745-28963-3989-6403p0013.png,0.2776951,0.72230494
D20180056701_2019-05-21 09_50_58-lv1-23029-29289-3105-7538p0017.png,0.29597825,0.70402175
2019-08976-1-4-4_2019-05-28 22_46_07-lv1-37015-6427-4484-5834p0002.png,0.69917667,0.30082327
2019-07501-1-4-4_2019-05-29 07_36_59-lv1-43309-12585-7519-4764p0017.png,0.3035868,0.6964131
2019-06-11 01_00_50-lv1-1956-12720-11095-7901p0074.png,0.70814186,0.29185826
D20180715202_2019-05-21 13_14_56-lv1-26524-21829-4504-4625p0001.png,0.4640589,0.53594106
2019-07502-1-1-1_2019-05-29 07_14_13-lv1-37002-16572-4175-7633p0021.png,0.3100376,0.6899624
D20170502603_2019-05-14 11_39_00-lv1-322-6285-19314-22701p0080.png,0.17109115,0.82890886
2019-05890-1-3-3_2019-05-29 04_02_08-lv1-33554-13476-4846-5024p0014.png,0.73134893,0.26865107
2019-08863-1-1-1_2019-05-29 00_31_57-lv1-26775-8699-9357-4453p0019.png,0.8026692,0.19733071
D20180102901_2019-05-21 09_38_51-lv1-32064-28648-3839-5894p0010.png,0.21823348,0.78176653
2019-10504-1-1-1_2019-05-28 17_44_07-lv1-28687-3202-15210-8684p0036.png,0.58945405,0.41054592
2019-08974-1-1-1_2019-05-28 23_56_10-lv1-53379-9747-9811-5861p0007.png,0.56234974,0.4376503
1902386001_2019-06-11 12_18_33-lv1-31989-4782-3653-3170p0002.png,0.365026,0.63497394
2019-10737-1-4-4_2019-05-28 16_02_11-lv1-21062-7815-8844-9859p0029.png,0.6593462,0.34065375
D20170584502_2019-05-14 12_43_57-lv1-863-489-13565-15647p0011.png,0.188792,0.811208
2019-07506-1-5-5_2019-05-29 06_09_14-lv1-9703-21958-4456-10026p0038.png,0.44375312,0.5562469
D201803511_2019-05-14 15_24_16-lv1-35489-31012-3664-4696p0008.png,0.1721269,0.8278731
1902386002_2019-06-11 12_23_22-lv1-38745-14876-5611-7177p0025.png,0.15384153,0.8461585
D201801775B_2019-05-14 16_11_32-lv1-26744-26137-5178-7271p0007.png,0.59153384,0.40846613
2019-05891-1-2-2_2019-05-29 03_30_03-lv1-22122-12185-5735-4874p0020.png,0.24296014,0.75703984
2019-06-11 00_46_38-lv1-9591-8750-3967-5483p0019.png,0.5720634,0.42793667
D20170502603_2019-05-14 11_39_00-lv1-322-6285-19314-22701p0179.png,0.13360198,0.866398
2019-07805-1-1-1_2019-05-29 05_23_08-lv1-38935-29409-9948-4414p0041.png,0.13188094,0.86811906
1902386002_2019-06-11 12_23_22-lv1-38745-14876-5611-7177p0027.png,0.24581277,0.7541872
D20180792401_2019-05-21 13_38_34-lv1-29203-23944-15780-12986p0131.png,0.48616055,0.5138395
2019-08979-1-5-5_2019-05-28 22_01_00-lv1-49604-12407-8550-4392p0009.png,0.8504418,0.14955817
2019-08974-1-4-4_2019-05-28 23_27_16-lv1-43017-11764-6185-6306p0029.png,0.54776716,0.4522328
D20190284802_2019-06-10 15_06_21-lv1-22139-12655-2839-4083p0011.png,0.6775608,0.32243922
2019-10962-1-1-1_2019-05-28 15_22_19-lv1-35695-22595-1269-1099p0001.png,0.58770794,0.41229203
2019-06-11 09_15_18-lv1-14414-13849-6581-6338p0002.png,0.32960784,0.67039216
2019-07498-1-2-2_2019-05-29 08_30_31-lv1-25906-27222-11411-7160p0050.png,0.22785755,0.77214247
2019-06-11 09_15_18-lv1-14414-13849-6581-6338p0037.png,0.19435298,0.805647
2019-08974-1-1-1_2019-05-28 23_56_10-lv1-53379-9747-9811-5861p0003.png,0.24707393,0.75292605
D20170951201_2019-05-14 14_41_50-lv1-27257-23870-4628-6000p0026.png,0.19849879,0.8015012
D20170584502_2019-05-14 12_43_57-lv1-14744-78-19212-20032p0101.png,0.17736912,0.8226309
2019-07498-1-2-2_2019-05-29 08_30_31-lv1-25906-27222-11411-7160p0011.png,0.58128506,0.41871497
2019-05890-1-1-1_2019-05-29 04_16_22-lv1-32976-4306-7960-8482p0045.png,0.5645494,0.43545055
2019-07506-1-2-2_2019-05-29 06_26_57-lv1-26134-9614-4893-5181p0004.png,0.7175737,0.28242642
D20180792401_2019-05-21 13_38_34-lv1-29203-23944-15780-12986p0120.png,0.35918808,0.6408119
1902369001_2019-06-11 12_30_17-lv1-24621-16433-4669-6003p0018.png,0.1234559,0.87654406
2019-10732-1-5-5_2019-05-28 16_40_29-lv1-37280-16311-8989-5437p0029.png,0.6548811,0.3451189
2019-05890-1-6-6_2019-05-29 03_40_51-lv1-20530-15421-6231-3147p0005.png,0.7433163,0.25668374
D20170502603_2019-05-14 11_39_00-lv1-322-6285-19314-22701p0364.png,0.11567142,0.88432854
D20180792401_2019-05-21 13_38_34-lv1-29203-23944-15780-12986p0076.png,0.31398922,0.6860108
2019-07502-1-1-1_2019-05-29 07_14_13-lv1-37002-16572-4175-7633p0036.png,0.33385104,0.66614896
2019-06-11 00_55_09-lv1-28455-933-3881-4470p0010.png,0.2983067,0.7016932
D201802733_2019-05-14 15_41_01-lv1-18828-14936-7756-5310p0001.png,0.2510863,0.7489137
2019-10946-1-1-1_2019-05-28 15_40_39-lv1-37765-7438-4110-7111p0020.png,0.8496125,0.1503875
1901558001_2019-04-30 10_24_11-lv1-53781-36766-3290-3779p0007.png,0.56107473,0.43892524
2019-07498-1-2-2_2019-05-29 08_30_31-lv1-25906-27222-11411-7160p0018.png,0.2871855,0.71281445
2019_03867_1-1_2019-02-20 20_00_32-lv1-45818-32740-4663-5324p0012.png,0.46615663,0.53384334
1901558001_2019-04-30 10_24_11-lv1-50393-31270-4213-7808p0030.png,0.49558088,0.50441915
1902386002_2019-06-11 12_23_22-lv1-38745-14876-5611-7177p0003.png,0.41561708,0.58438295
D201710920_2019-05-21 11_52_57-lv1-27184-25058-6217-9485p0003.png,0.46025187,0.53974813
D20170584502_2019-05-14 12_43_57-lv1-14744-78-19212-20032p0043.png,0.21622092,0.78377914
2019-07498-1-2-2_2019-05-29 08_30_31-lv1-46489-6224-11088-8360p0023.png,0.23429996,0.7657001
D20180498101_2019-05-14 14_58_30-lv1-29229-6658-7712-6180p0014.png,0.19622593,0.80377406
2019-10728-1-1-1_2019-05-29 10_20_36-lv1-41932-8116-7680-8493p0034.png,0.25710732,0.74289274
D20171243404_2019-05-21 11_08_16-lv1-34700-28211-3630-4561p0006.png,0.15737575,0.8426242
2019-08857-1-1-1_2019-05-29 00_37_12-lv1-51983-12331-6459-4436p0005.png,0.81601673,0.18398324
2019-10507-1-1-1_2019-05-28 17_41_21-lv1-32379-4783-6197-6790p0011.png,0.44353187,0.5564681
2019-10195-1-1-1_2019-05-28 19_21_29-lv1-40740-12918-6524-8677p0003.png,0.4020293,0.59797066
2019-05890-1-5-5_2019-05-29 03_46_25-lv1-10646-28473-10848-8938p0072.png,0.70380896,0.29619107
2019-06-11 00_58_36-lv1-820-6042-6546-12714p0010.png,0.53425354,0.46574643
D20170951201_2019-05-14 14_41_50-lv1-28397-29427-7624-5334p0033.png,0.23199219,0.76800776
2019_01120_1-1_2019-02-20 19_18_16-lv1-27199-14351-3144-2966p0003.png,0.18813896,0.81186104
2019-10732-1-5-5_2019-05-28 16_40_29-lv1-37280-16311-8989-5437p0032.png,0.7028752,0.2971248
2019-08980-1-2-2_2019-05-28 21_32_39-lv1-72667-1174-4502-6002p0027.png,0.5708539,0.42914617
2019_03867_1-1_2019-02-20 20_00_32-lv1-42426-15525-4353-3558p0014.png,0.27254254,0.7274575
2019-07506-1-6-6_2019-05-29 06_02_44-lv1-23392-11735-5508-4131p0008.png,0.48425677,0.51574326
1902386002_2019-06-11 12_23_22-lv1-38745-14876-5611-7177p0019.png,0.13481028,0.86518973
D20180723501_2019-06-10 13_47_37-lv1-15778-1569-3997-4912p0019.png,0.5970556,0.4029444
2019-06-11 00_55_09-lv1-28455-933-3881-4470p0016.png,0.2658091,0.73419094
D20190399001_2019-06-10 14_39_51-lv1-15622-18656-3266-1719p0001.png,0.74026626,0.25973374
D20180792401_2019-05-21 13_38_34-lv1-29203-23944-15780-12986p0022.png,0.29929045,0.7007096
D20190286206_2019-06-10 14_58_35-lv1-1713-13042-2567-3133p0004.png,0.4550251,0.54497486
2019-05890-1-4-4_2019-05-29 03_52_40-lv1-32907-20569-8446-9156p0008.png,0.27520457,0.72479546
2019-08979-1-3-3_2019-05-28 22_17_51-lv1-42656-17844-6415-7137p0040.png,0.8132571,0.18674286
2019-06-04 16_57_19-lv1-16146-684-3294-3198p0008.png,0.30112526,0.6988747
2019-06-11 00_46_38-lv1-3641-3675-3908-5775p0023.png,0.7572463,0.24275365
D20180498101_2019-05-14 14_58_30-lv1-31412-229-5257-6451p0037.png,0.1792764,0.82072365
2019-06-11 09_15_18-lv1-14414-13849-6581-6338p0035.png,0.29791552,0.7020845
2019-10737-1-3-3_2019-05-28 16_09_09-lv1-33179-13494-5260-6326p0028.png,0.7240762,0.27592373
2019-07506-1-5-5_2019-05-29 06_09_14-lv1-9703-21958-4456-10026p0031.png,0.66515946,0.33484057
D20170502603_2019-05-14 11_39_00-lv1-322-6285-19314-22701p0369.png,0.26893917,0.73106086
D20170951201_2019-05-14 14_41_50-lv1-28397-29427-7624-5334p0044.png,0.17332612,0.82667387
D201711541_2019-05-21 11_28_51-lv1-39189-27851-3979-5553p0008.png,0.11979967,0.88020027
2019-10732-1-2-2_2019-05-28 17_07_02-lv1-20190-24783-6547-8251p0004.png,0.5261968,0.47380325
D20190284705_2019-06-10 15_10_34-lv1-16662-25829-5910-3664p0009.png,0.81655926,0.18344064
1902386002_2019-06-11 12_23_22-lv1-22889-36998-6328-5024p0024.png,0.7570383,0.24296167
2019-07460-1-1-1_2019-05-29 09_02_42-lv1-36814-6579-3841-3433p0005.png,0.44112897,0.55887103
2019-06-11 00_58_36-lv1-820-6042-6546-12714p0085.png,0.16062562,0.8393744
D201707788_2019-05-14 14_05_34-lv1-2777-15975-12688-9314p0039.png,0.17810301,0.82189685
2019-07460-1-1-1_2019-05-29 09_02_42-lv1-36814-6579-3841-3433p0010.png,0.28779277,0.71220726
2019-07506-1-4-4_2019-05-29 01_58_32-lv1-17822-9656-3294-5907p0016.png,0.338143,0.661857
2019-07498-1-2-2_2019-05-29 08_30_31-lv1-46489-6224-11088-8360p0055.png,0.5379722,0.46202785
2019-08974-1-1-1_2019-05-28 23_56_10-lv1-33437-26695-7518-8983p0051.png,0.36312652,0.6368735
D201707227_2019-05-14 13_49_08-lv1-535-16796-26010-19568p0042.png,0.13242193,0.8675781
D20180177401_2019-05-14 16_20_21-lv1-32896-24870-5099-5407p0022.png,0.10947657,0.89052343
2019-05890-1-2-2_2019-05-29 04_09_56-lv1-19180-17662-3831-3352p0014.png,0.23912434,0.7608757
D20180102901_2019-05-21 09_38_51-lv1-36547-27341-10626-9816p0027.png,0.23849006,0.7615099
2019-10504-1-1-1_2019-05-28 17_44_07-lv1-28687-3202-15210-8684p0039.png,0.50769436,0.49230555
2019-07502-1-1-1_2019-05-29 07_14_13-lv1-37002-16572-4175-7633p0020.png,0.36900252,0.6309975
D20181168805_2019-06-10 11_18_54-lv1-18579-12686-3858-4185p0010.png,0.6931084,0.30689165
D20190296201_2019-06-10 14_50_28-lv1-29513-27821-9198-12108p0002.png,0.22405595,0.77594405
2019-10732-1-1-1_2019-05-28 17_14_07-lv1-33615-23595-7025-4639p0018.png,0.5253491,0.4746509
D20170584502_2019-05-14 12_43_57-lv1-14744-78-19212-20032p0089.png,0.15543672,0.8445633
2019-08974-1-1-1_2019-05-28 23_56_10-lv1-53379-9747-9811-5861p0016.png,0.786719,0.21328098
D20180498101_2019-05-14 14_58_30-lv1-29229-6658-7712-6180p0043.png,0.13812786,0.8618721
2019-10732-1-5-5_2019-05-28 16_40_29-lv1-37280-16311-8989-5437p0012.png,0.7183065,0.2816935
2019-09687-1-1-1_2019-05-28 19_57_12-lv1-60101-8892-4289-3546p0001.png,0.7218777,0.27812228
2019-06-11 09_15_18-lv1-14414-13849-6581-6338p0009.png,0.47007933,0.52992064
D20181187110_2019-06-10 11_15_43-lv1-19548-15995-2218-2032p0001.png,0.82412213,0.17587784
D201707788_2019-05-14 14_05_34-lv1-2777-15975-12688-9314p0044.png,0.0779904,0.9220096
2019-10732-1-6-6_2019-05-28 16_33_17-lv1-43103-2848-6491-8333p0033.png,0.79752296,0.20247705
D20170502603_2019-05-14 11_39_00-lv1-322-6285-19314-22701p0201.png,0.12434976,0.87565035
2019-11842-1-1-1_2019-05-28 14_22_48-lv1-39336-11723-3567-4332p0004.png,0.6979819,0.30201805
D20180102901_2019-05-21 09_38_51-lv1-36547-27341-10626-9816p0081.png,0.1700038,0.82999617
1900838001_2019-04-30 10_15_23-lv1-20231-15672-6703-7495p0003.png,0.28277636,0.7172237
2019_01246_1-1_2019-02-20 19_23_52-lv1-43392-4103-4387-2023p0001.png,0.8175307,0.18246922
2019-08980-1-1-1_2019-05-28 21_41_50-lv1-56141-20419-6353-6092p0006.png,0.397278,0.6027219
2019-06-11 00_48_57-lv1-26526-12299-2741-2793p0004.png,0.24611394,0.7538861
2019-10946-1-1-1_2019-05-28 15_40_39-lv1-22021-16267-4506-6971p0032.png,0.7034758,0.29652423
D20190296201_2019-06-10 14_50_28-lv1-29513-27821-9198-12108p0048.png,0.20389742,0.7961026
D20171243404_2019-05-21 11_08_16-lv1-34700-28211-3630-4561p0011.png,0.39753097,0.602469
2019-08976-1-2-2_2019-05-28 22_58_46-lv1-47095-5988-1911-3886p0001.png,0.8197598,0.18024024
2019-11827-1-1-1_2019-05-28 14_14_04-lv1-37745-31126-5181-7796p0042.png,0.75216514,0.2478349
2019-10728-1-1-1_2019-05-29 10_20_36-lv1-41932-8116-7680-8493p0005.png,0.46138617,0.5386138
2019-10732-1-6-6_2019-05-28 16_33_17-lv1-43103-2848-6491-8333p0008.png,0.65537125,0.3446287
D20180177401_2019-05-14 16_20_21-lv1-35775-30321-8440-9363p0017.png,0.20301478,0.7969852
D20180056701_2019-05-21 09_50_58-lv1-23029-29289-3105-7538p0018.png,0.18014649,0.81985354
2019-08979-1-1-1_2019-05-28 22_36_37-lv1-43414-9050-8560-10324p0038.png,0.5150929,0.48490715
1900836001_2019-06-11 13_14_48-lv1-16806-16161-5025-3954p0006.png,0.40801695,0.591983
2019-10946-1-1-1_2019-05-28 15_40_39-lv1-37765-7438-4110-7111p0014.png,0.5157544,0.48424557
D20180102901_2019-05-21 09_38_51-lv1-36547-27341-10626-9816p0009.png,0.28510204,0.714898
D201710920_2019-05-21 11_52_57-lv1-27184-25058-6217-9485p0007.png,0.50360984,0.49639013
2019-07502-1-1-1_2019-05-29 07_14_13-lv1-45320-35367-4644-7384p0032.png,0.58570963,0.41429037
2019-08974-1-1-1_2019-05-28 23_56_10-lv1-33437-26695-7518-8983p0053.png,0.54066,0.45933995
2019-06-11 00_58_36-lv1-820-6042-6546-12714p0035.png,0.3452362,0.65476376
2019-07503-1-3-3_2019-05-29 06_41_43-lv1-36370-19523-6217-5844p0018.png,0.5047771,0.49522287
1903406001_2019-06-11 12_03_13-lv1-16299-14974-3560-3906p0004.png,0.75274384,0.24725616
2019-08976-1-3-3_2019-05-28 22_53_15-lv1-27252-10804-5418-2621p0014.png,0.77975315,0.22024687
2019-08974-1-5-5_2019-05-28 23_17_50-lv1-33952-9759-6526-5268p0002.png,0.65670323,0.3432968
2019-08974-1-5-5_2019-05-28 23_17_50-lv1-33952-9759-6526-5268p0026.png,0.6487911,0.35120896
2019-10503-1-1-1_2019-05-28 17_51_26-lv1-29114-7260-2985-14450p0003.png,0.57797325,0.4220268
2019-10271-1-1-1_2019-05-28 18_14_37-lv1-34097-15088-2514-4255p0002.png,0.72375,0.27625
2019-08976-1-2-2_2019-05-28 22_58_46-lv1-41616-6944-5288-5351p0030.png,0.70245254,0.29754746
2019-05890-1-5-5_2019-05-29 03_46_25-lv1-10646-28473-10848-8938p0029.png,0.7376287,0.26237118
2019-08979-1-4-4_2019-05-28 22_09_04-lv1-57922-3131-4306-5937p0009.png,0.57013476,0.4298652
D201803511_2019-05-14 15_24_16-lv1-37520-25059-5405-4857p0004.png,0.4137745,0.5862255
2019-10737-1-4-4_2019-05-28 16_02_11-lv1-21062-7815-8844-9859p0037.png,0.7988126,0.20118731
D20180056701_2019-05-21 09_50_58-lv1-27543-34059-6966-5648p0003.png,0.4544134,0.5455866
1901940-1_2019-04-30 10_30_47-lv1-44085-11603-3541-4701p0003.png,0.37538525,0.6246148
2019-05891-1-2-2_2019-05-29 03_30_03-lv1-22122-12185-5735-4874p0024.png,0.7034318,0.2965683
D201707788_2019-05-14 14_05_34-lv1-2777-15975-12688-9314p0010.png,0.10525355,0.8947465
2019-08979-1-1-1_2019-05-28 22_36_37-lv1-43414-9050-8560-10324p0032.png,0.5814661,0.4185339
2019-10737-1-6-6_2019-05-28 15_47_35-lv1-19582-23423-8743-5611p0001.png,0.80291915,0.19708094
2019-10732-1-5-5_2019-05-28 16_40_29-lv1-37280-16311-8989-5437p0028.png,0.6890363,0.3109637
2019-05891-1-2-2_2019-05-29 03_30_03-lv1-22122-12185-5735-4874p0019.png,0.6857222,0.31427786
2019_01120_1-1_2019-02-20 19_18_16-lv1-23931-17039-2932-2955p0003.png,0.2828684,0.7171316
D20180177401_2019-05-14 16_20_21-lv1-35775-30321-8440-9363p0020.png,0.14850032,0.8514997
D20180792401_2019-05-21 13_38_34-lv1-29203-23944-15780-12986p0068.png,0.1779804,0.8220196
2019-11842-1-1-1_2019-05-28 14_22_48-lv1-39336-11723-3567-4332p0015.png,0.43992123,0.56007874
2019-10946-1-1-1_2019-05-28 15_40_39-lv1-37765-7438-4110-7111p0021.png,0.48034275,0.5196572
D20180792401_2019-05-21 13_38_34-lv1-29203-23944-15780-12986p0119.png,0.53926826,0.46073177
2019-10195-1-1-1_2019-05-28 19_21_29-lv1-40740-12918-6524-8677p0025.png,0.8345052,0.16549484
2019-06-04 17_03_06-lv1-29057-9447-5532-3914p0017.png,0.53936213,0.46063784
D20170568101_2019-05-14 12_34_44-lv1-32981-23308-6289-3057p0002.png,0.39969024,0.6003098
2019-08974-1-4-4_2019-05-28 23_27_16-lv1-43017-11764-6185-6306p0002.png,0.7262677,0.27373227
2019-07498-1-2-2_2019-05-29 08_30_31-lv1-46489-6224-11088-8360p0003.png,0.788992,0.21100795
D20180102901_2019-05-21 09_38_51-lv1-36547-27341-10626-9816p0028.png,0.5229205,0.47707957
2019-10951-1-1-1_2019-05-28 15_32_06-lv1-46015-20331-12311-4414p0003.png,0.8078739,0.19212613
D20180102901_2019-05-21 09_38_51-lv1-36547-27341-10626-9816p0048.png,0.16667686,0.8333231
1800127001_2019-04-30 10_40_02-lv1-4386-16301-2230-4582p0004.png,0.16270204,0.837298
2019-10737-1-3-3_2019-05-28 16_09_09-lv1-42153-16864-3472-2613p0006.png,0.66760343,0.33239654
2019-07501-1-3-3_2019-05-29 07_53_41-lv1-28802-27730-4306-8351p0011.png,0.6081092,0.3918908
D20190284705_2019-06-10 15_10_34-lv1-15598-12648-5733-5319p0031.png,0.7309352,0.26906478
2019-07502-1-1-1_2019-05-29 07_14_13-lv1-45320-35367-4644-7384p0009.png,0.3747767,0.6252233
2019-07503-1-3-3_2019-05-29 06_41_43-lv1-36370-19523-6217-5844p0024.png,0.58182317,0.4181768
D20170857801_2019-05-14 14_17_15-lv1-34900-22796-4354-7054p0001.png,0.29269812,0.70730186
2019-08241-1-1-1_2019-05-29 01_13_54-lv1-36385-6963-3544-4165p0012.png,0.6140007,0.38599932
D201711541_2019-05-21 11_28_51-lv1-39189-27851-3979-5553p0006.png,0.20526268,0.7947373
2019-08979-1-5-5_2019-05-28 22_01_00-lv1-49604-12407-8550-4392p0010.png,0.86051023,0.13948981
2019-07506-1-4-4_2019-05-29 01_58_32-lv1-56732-2612-3294-6248p0002.png,0.7013145,0.29868555
2019-09674-1-1-1_2019-05-28 20_06_49-lv1-53580-23000-5828-6432p0008.png,0.25346076,0.7465393
D20170502603_2019-05-14 11_39_00-lv1-322-6285-19314-22701p0010.png,0.09990916,0.9000908
2018_78758_1-1_2019-02-21 01_17_57-lv1-12181-25196-6860-3083p0006.png,0.42443684,0.57556313
2019_06193_1-1_2019-02-20 20_52_35-lv1-62184-33080-4772-3401p0014.png,0.16912116,0.83087885
2019-10195-1-1-1_2019-05-28 19_21_29-lv1-40740-12918-6524-8677p0001.png,0.36984345,0.6301565
2019-10195-1-1-1_2019-05-28 19_21_29-lv1-40740-12918-6524-8677p0031.png,0.7664493,0.2335507
2019-08979-1-1-1_2019-05-28 22_36_37-lv1-43414-9050-8560-10324p0069.png,0.51860434,0.48139563
2019-10737-1-5-5_2019-05-28 15_54_44-lv1-25060-15448-3841-2797p0001.png,0.8175961,0.18240392
2019-08979-1-3-3_2019-05-28 22_17_51-lv1-42656-17844-6415-7137p0009.png,0.4896987,0.5103013
2019-11827-1-1-1_2019-05-28 14_14_04-lv1-38890-14353-5119-7083p0002.png,0.3139318,0.6860682
2019-07502-1-2-2_2019-05-29 07_05_35-lv1-40805-21573-6383-5024p0033.png,0.68950945,0.3104905
2019-10732-1-4-4_2019-05-28 16_46_57-lv1-30727-24050-5932-6576p0017.png,0.6964536,0.3035464
2019-05890-1-1-1_2019-05-29 04_16_22-lv1-25799-22836-8286-7829p0008.png,0.6007228,0.3992772
2019-09674-1-1-1_2019-05-28 20_06_49-lv1-53513-29465-4870-3788p0007.png,0.40514383,0.59485614
D20170584502_2019-05-14 12_43_57-lv1-8718-14653-7634-8076p0037.png,0.14284803,0.857152
2019_04115_1-1_2019-02-20 20_13_37-lv1-40690-7875-4758-4116p0009.png,0.4618453,0.5381546
2019-10737-1-2-2_2019-05-28 16_19_15-lv1-30685-21461-7932-5491p0003.png,0.56655246,0.4334475
2019-10296-1-1-1_2019-05-28 18_05_02-lv1-56485-13239-6689-7042p0006.png,0.25362283,0.7463772
2019-07806-1-1-1_2019-05-29 02_30_26-lv1-45859-24463-4952-4414p0004.png,0.3422922,0.6577078
2019-06-04 17_03_06-lv1-29057-9447-5532-3914p0002.png,0.3831052,0.6168948
D20190284802_2019-06-10 15_06_21-lv1-16310-12946-4950-3583p0001.png,0.6081613,0.39183873
1902369001_2019-06-11 12_30_17-lv1-24621-16433-4669-6003p0022.png,0.19841059,0.8015894
2019-07805-1-1-1_2019-05-29 05_23_08-lv1-38935-29409-9948-4414p0021.png,0.26671955,0.7332804
1800127001_2019-04-30 10_40_02-lv1-7573-15422-4121-2549p0010.png,0.35511848,0.64488155
D201801775B_2019-05-14 16_11_32-lv1-26744-26137-5178-7271p0008.png,0.37617123,0.62382877
2019-10737-1-6-6_2019-05-28 15_47_35-lv1-19582-23423-8743-5611p0052.png,0.8168335,0.18316647
D20180056701_2019-05-21 09_50_58-lv1-27237-28645-8099-3942p0015.png,0.18553694,0.814463
2019-07501-1-3-3_2019-05-29 07_53_41-lv1-28802-27730-4306-8351p0026.png,0.6958134,0.30418658
2019-10728-1-1-1_2019-05-29 10_20_36-lv1-41932-8116-7680-8493p0058.png,0.51063216,0.48936787
2019-07805-1-1-1_2019-05-29 05_23_08-lv1-34745-28963-3989-6403p0005.png,0.43813285,0.5618672
D20170951201_2019-05-14 14_41_50-lv1-28397-29427-7624-5334p0024.png,0.2442601,0.7557399
D20170502603_2019-05-14 11_39_00-lv1-322-6285-19314-22701p0275.png,0.11362406,0.886376
2019-07806-1-1-1_2019-05-29 02_30_26-lv1-51709-27019-5595-4076p0003.png,0.4171538,0.58284616
D20170502603_2019-05-14 11_39_00-lv1-322-6285-19314-22701p0378.png,0.11286799,0.8871321
2019-09687-1-1-1_2019-05-28 19_57_12-lv1-53049-5219-2479-2218p0002.png,0.32623,0.67377
D20170584502_2019-05-14 12_43_57-lv1-14744-78-19212-20032p0072.png,0.22567905,0.7743209
2019-08974-1-5-5_2019-05-28 23_17_50-lv1-33952-9759-6526-5268p0007.png,0.7386408,0.2613592
2019-07506-1-2-2_2019-05-29 06_26_57-lv1-26134-9614-4893-5181p0006.png,0.5215209,0.4784791
2019-10737-1-1-1_2019-05-28 16_25_50-lv1-28510-5095-6046-6046p0030.png,0.6756008,0.32439923
1902427001_2019-06-11 12_12_29-lv1-18613-16414-3481-3606p0006.png,0.13875178,0.86124825
D20170502603_2019-05-14 11_39_00-lv1-322-6285-19314-22701p0073.png,0.12095212,0.8790478
1903406001_2019-06-11 12_03_13-lv1-29267-17392-3773-3614p0001.png,0.45450708,0.5454929
2019-08976-1-3-3_2019-05-28 22_53_15-lv1-31393-5940-12318-3950p0050.png,0.73752457,0.26247543
2019-08974-1-1-1_2019-05-28 23_56_10-lv1-53379-9747-9811-5861p0036.png,0.3315981,0.6684019
D20190381406_2019-06-10 14_42_20-lv1-5450-22053-1872-4004p0003.png,0.64094114,0.35905892
D20190296201_2019-06-10 14_50_28-lv1-38715-30688-5386-8775p0028.png,0.18747789,0.81252205
D201707227_2019-05-14 13_49_08-lv1-535-16796-26010-19568p0031.png,0.14419858,0.85580146
D201711541_2019-05-21 11_28_51-lv1-39189-27851-3979-5553p0005.png,0.1613342,0.8386658
2019-05890-1-5-5_2019-05-29 03_46_25-lv1-10646-28473-10848-8938p0032.png,0.6512305,0.34876955
2019-07498-1-2-2_2019-05-29 08_30_31-lv1-25906-27222-11411-7160p0032.png,0.44902948,0.55097055
D20170584502_2019-05-14 12_43_57-lv1-8718-14653-7634-8076p0003.png,0.08553637,0.9144636
2019-09674-1-1-1_2019-05-28 20_06_49-lv1-53580-23000-5828-6432p0010.png,0.15846501,0.841535
2019-07501-1-1-1_2019-05-29 08_22_25-lv1-8582-14509-4265-3814p0015.png,0.31858075,0.68141925
2019-08974-1-5-5_2019-05-28 23_17_50-lv1-33952-9759-6526-5268p0027.png,0.77106065,0.2289393
2019-11827-1-1-1_2019-05-28 14_14_04-lv1-37745-31126-5181-7796p0018.png,0.64845526,0.35154468
D20180498101_2019-05-14 14_58_30-lv1-29229-6658-7712-6180p0024.png,0.10794724,0.8920528
2019-10195-1-1-1_2019-05-28 19_21_29-lv1-40740-12918-6524-8677p0032.png,0.70810366,0.29189637
2019-10296-1-1-1_2019-05-28 18_05_02-lv1-56485-13239-6689-7042p0031.png,0.49657652,0.5034235
2019-10728-1-1-1_2019-05-29 10_20_36-lv1-41932-8116-7680-8493p0048.png,0.67761695,0.32238302
2019-08980-1-3-3_2019-05-28 21_23_16-lv1-46154-12136-4958-4110p0005.png,0.48022375,0.5197762
D20170546301_2019-05-14 12_21_38-lv1-27588-24020-5800-7897p0012.png,0.1900417,0.80995834
D20170502603_2019-05-14 11_39_00-lv1-322-6285-19314-22701p0311.png,0.16212551,0.8378745
2019-10737-1-6-6_2019-05-28 15_47_35-lv1-19582-23423-8743-5611p0014.png,0.83378977,0.16621022
2019-06-11 09_15_18-lv1-23037-23173-3077-4387p0008.png,0.18243027,0.81756973
D201802733_2019-05-14 15_48_17-lv1-27927-31736-4219-5542p0003.png,0.1961362,0.80386376
2019-08979-1-6-6_2019-05-28 21_52_03-lv1-42127-12400-6222-8663p0007.png,0.73542714,0.26457292
D20190286206_2019-06-10 14_58_35-lv1-4261-12473-5210-3023p0006.png,0.7828888,0.21711119
D20170951201_2019-05-14 14_41_50-lv1-28397-29427-7624-5334p0043.png,0.14845392,0.8515461
2019-07506-1-6-6_2019-05-29 06_02_44-lv1-32194-35205-4849-3472p0001.png,0.4760495,0.5239505
2019-08976-1-3-3_2019-05-28 22_53_15-lv1-27053-7624-4195-3178p0012.png,0.2533335,0.7466664
D20180792401_2019-05-21 13_38_34-lv1-29203-23944-15780-12986p0096.png,0.2617534,0.73824656
D20190284705_2019-06-10 15_10_34-lv1-16662-25829-5910-3664p0018.png,0.5782471,0.42175296
2019-06-11 00_58_36-lv1-820-6042-6546-12714p0001.png,0.2820019,0.7179981
2019-10195-1-1-1_2019-05-28 19_21_29-lv1-40740-12918-6524-8677p0030.png,0.5614449,0.43855512
2019-08979-1-3-3_2019-05-28 22_17_51-lv1-42656-17844-6415-7137p0008.png,0.6879232,0.31207687
2019-10946-1-1-1_2019-05-28 15_40_39-lv1-37765-7438-4110-7111p0004.png,0.76351464,0.23648532
2019-06-04 17_08_52-lv1-16428-11718-4556-4938p0012.png,0.28126806,0.71873194
1901558001_2019-04-30 10_24_11-lv1-54922-32041-3594-3236p0008.png,0.15208624,0.84791374
2019_03867_1-1_2019-02-20 20_00_32-lv1-45818-32740-4663-5324p0024.png,0.39445153,0.60554844
D20170502603_2019-05-14 11_39_00-lv1-322-6285-19314-22701p0040.png,0.0754043,0.92459565
2019-08976-1-3-3_2019-05-28 22_53_15-lv1-27252-10804-5418-2621p0007.png,0.71654373,0.2834562
2019-08979-1-3-3_2019-05-28 22_17_51-lv1-42656-17844-6415-7137p0021.png,0.5860494,0.41395056
2019-08974-1-1-1_2019-05-28 23_56_10-lv1-53379-9747-9811-5861p0047.png,0.5336289,0.46637112
D20170584502_2019-05-14 12_43_57-lv1-14744-78-19212-20032p0085.png,0.10834857,0.89165145
2019-06-11 09_15_18-lv1-20478-17628-3991-6155p0005.png,0.39073715,0.6092628
2018_83253_1-1_2019-02-20 18_38_45-lv1-5704-19306-2964-3529p0004.png,0.605024,0.394976
2019-05890-1-1-1_2019-05-29 04_16_22-lv1-25799-22836-8286-7829p0004.png,0.36266795,0.63733196
2019-10737-1-4-4_2019-05-28 16_02_11-lv1-21062-7815-8844-9859p0049.png,0.82092994,0.17907003
2019-10951-1-1-1_2019-05-28 15_32_06-lv1-46015-20331-12311-4414p0050.png,0.84799325,0.15200678
1900838001_2019-04-30 10_15_23-lv1-20231-15672-6703-7495p0036.png,0.16210572,0.83789426
D20190284705_2019-06-10 15_10_34-lv1-15598-12648-5733-5319p0020.png,0.31842822,0.68157184
2019-07503-1-3-3_2019-05-29 06_41_43-lv1-36370-19523-6217-5844p0006.png,0.5090871,0.49091288
D201803511_2019-05-14 15_24_16-lv1-35489-31012-3664-4696p0009.png,0.40019003,0.59980994
2019-09674-1-1-1_2019-05-28 20_06_49-lv1-53580-23000-5828-6432p0044.png,0.3370889,0.66291106
D20180792401_2019-05-21 13_38_34-lv1-29203-23944-15780-12986p0027.png,0.18924078,0.8107593
2019-07501-1-3-3_2019-05-29 07_53_41-lv1-35261-15594-3588-8743p0008.png,0.64800394,0.3519961
D201801775B_2019-05-14 16_11_32-lv1-32232-31796-7646-5982p0036.png,0.18878338,0.81121665
2019-10732-1-2-2_2019-05-28 17_07_02-lv1-20190-24783-6547-8251p0027.png,0.7722361,0.22776397
2019-08980-1-3-3_2019-05-28 21_23_16-lv1-46154-12136-4958-4110p0011.png,0.5500141,0.4499859
D20180177401_2019-05-14 16_20_21-lv1-35775-30321-8440-9363p0025.png,0.12997209,0.8700279
1901558001_2019-04-30 10_24_11-lv1-50393-31270-4213-7808p0032.png,0.41736287,0.58263713
2019-08980-1-2-2_2019-05-28 21_32_39-lv1-57725-8547-5676-5415p0015.png,0.3071584,0.69284153
2019-10737-1-5-5_2019-05-28 15_54_44-lv1-25060-15448-3841-2797p0010.png,0.7216725,0.2783275
2019-08979-1-4-4_2019-05-28 22_09_04-lv1-57922-3131-4306-5937p0026.png,0.70718473,0.29281533
2019-08976-1-2-2_2019-05-28 22_58_46-lv1-41616-6944-5288-5351p0021.png,0.24251033,0.7574896
1902386002_2019-06-11 12_23_22-lv1-38745-14876-5611-7177p0006.png,0.16372198,0.836278
1901940-1_2019-04-30 10_30_47-lv1-40561-17303-4906-4343p0025.png,0.42049423,0.5795057
2019-05891-1-5-5_2019-05-29 03_17_43-lv1-25593-21588-2499-4555p0003.png,0.7860843,0.2139157
D20170584502_2019-05-14 12_43_57-lv1-8718-14653-7634-8076p0025.png,0.3667901,0.63320994
D20180187901_2019-05-14 15_56_55-lv1-36171-3307-4967-5736p0010.png,0.23064245,0.7693575
2019-08974-1-1-1_2019-05-28 23_56_10-lv1-53379-9747-9811-5861p0019.png,0.8019619,0.19803804
2019_03867_1-1_2019-02-20 20_00_32-lv1-35269-34259-4448-4137p0012.png,0.20497715,0.7950229
D20180792401_2019-05-21 13_38_34-lv1-29203-23944-15780-12986p0005.png,0.21804902,0.781951
D20181168805_2019-06-10 11_18_54-lv1-14997-12159-3546-4610p0012.png,0.6603084,0.3396916
2019_06193_1-1_2019-02-20 20_52_35-lv1-62184-33080-4772-3401p0019.png,0.37990624,0.6200938
2019-05890-1-1-1_2019-05-29 04_16_22-lv1-25799-22836-8286-7829p0026.png,0.5588164,0.4411836
D201803519_2019-05-14 15_14_44-lv1-28486-26603-10590-9935p0011.png,0.13891481,0.8610852
2019_05944_1-1_2019-02-20 20_42_06-lv1-39021-20282-4099-4249p0002.png,0.5918758,0.40812415
2019-10737-1-3-3_2019-05-28 16_09_09-lv1-33179-13494-5260-6326p0027.png,0.6427585,0.3572415
2019-10951-1-1-1_2019-05-28 15_32_06-lv1-46015-20331-12311-4414p0034.png,0.79362214,0.20637792
D20180723001_2019-06-10 13_01_20-lv1-17394-12710-6236-5782p0010.png,0.67827654,0.32172346
2019-10732-1-6-6_2019-05-28 16_33_17-lv1-43103-2848-6491-8333p0038.png,0.558375,0.44162503
2019_03867_1-1_2019-02-20 20_00_32-lv1-42426-15525-4353-3558p0006.png,0.29813373,0.70186627
D20170951201_2019-05-14 14_41_50-lv1-28397-29427-7624-5334p0003.png,0.47787824,0.5221217
D20170951201_2019-05-14 14_41_50-lv1-28397-29427-7624-5334p0015.png,0.3663552,0.6336448
D20170951201_2019-05-14 14_41_50-lv1-28397-29427-7624-5334p0035.png,0.2947842,0.7052158
2019-07806-1-1-1_2019-05-29 02_30_26-lv1-45859-24463-4952-4414p0002.png,0.23400079,0.7659992
2019-08974-1-1-1_2019-05-28 23_56_10-lv1-33437-26695-7518-8983p0050.png,0.83359486,0.1664051
D20190296201_2019-06-10 14_50_28-lv1-29513-27821-9198-12108p0070.png,0.23745106,0.762549
D201710920_2019-05-21 11_52_57-lv1-33661-31501-7087-7660p0014.png,0.45892325,0.5410767
D20190284705_2019-06-10 15_10_34-lv1-16662-25829-5910-3664p0002.png,0.8452824,0.15471761
2019-07506-1-2-2_2019-05-29 06_26_57-lv1-31603-13183-2993-3051p0007.png,0.66302174,0.33697823
D20180591902_2019-06-10 13_28_09-lv1-1674-15873-4963-2856p0010.png,0.49621633,0.5037837
D20170951201_2019-05-14 14_41_50-lv1-28397-29427-7624-5334p0036.png,0.24508668,0.7549134
2019-07498-1-2-2_2019-05-29 08_30_31-lv1-46489-6224-11088-8360p0009.png,0.36978465,0.6302153
D20170502603_2019-05-14 11_39_00-lv1-322-6285-19314-22701p0117.png,0.17577597,0.824224
2019-08863-1-1-1_2019-05-29 00_31_57-lv1-26775-8699-9357-4453p0009.png,0.7836563,0.21634369
2019-06-11 00_55_09-lv1-28455-933-3881-4470p0001.png,0.38867527,0.6113247
2019-10737-1-2-2_2019-05-28 16_19_15-lv1-30685-21461-7932-5491p0030.png,0.7387934,0.26120663
D20180102901_2019-05-21 09_38_51-lv1-36547-27341-10626-9816p0046.png,0.19946624,0.80053383
2019-07806-1-1-1_2019-05-29 02_30_26-lv1-45859-24463-4952-4414p0011.png,0.6372651,0.36273488
2019-11842-1-1-1_2019-05-28 14_22_48-lv1-29162-19047-3919-3782p0008.png,0.54909045,0.45090955
D201802733_2019-05-14 15_41_01-lv1-18828-14936-7756-5310p0003.png,0.22291423,0.7770858
2019-08974-1-1-1_2019-05-28 23_56_10-lv1-33437-26695-7518-8983p0040.png,0.54915124,0.4508488
D20181047302_2019-06-10 11_38_18-lv1-2363-24324-4352-3675p0019.png,0.76786137,0.23213863
D20171243404_2019-05-21 11_08_16-lv1-34700-28211-3630-4561p0014.png,0.20225872,0.7977413
D20170584502_2019-05-14 12_43_57-lv1-14744-78-19212-20032p0006.png,0.1587911,0.84120893
2019-05890-1-5-5_2019-05-29 03_46_25-lv1-10646-28473-10848-8938p0035.png,0.69485974,0.30514032
2019-08979-1-1-1_2019-05-28 22_36_37-lv1-43414-9050-8560-10324p0072.png,0.3417383,0.6582617
2019_03867_1-1_2019-02-20 20_00_32-lv1-45818-32740-4663-5324p0023.png,0.16567019,0.8343298
2019-10296-1-1-1_2019-05-28 18_05_02-lv1-56485-13239-6689-7042p0020.png,0.63498753,0.36501247
2019-08974-1-5-5_2019-05-28 23_17_50-lv1-33952-9759-6526-5268p0041.png,0.6171676,0.3828324
D20190381406_2019-06-10 14_42_20-lv1-3118-21546-2329-1803p0004.png,0.4028659,0.5971341
1901940-1_2019-04-30 10_30_47-lv1-40561-17303-4906-4343p0014.png,0.12092724,0.8790727
2019_05944_1-1_2019-02-20 20_42_06-lv1-32250-15753-7640-5376p0027.png,0.66301054,0.33698952
D20180723501_2019-06-10 13_47_37-lv1-15778-1569-3997-4912p0001.png,0.6470807,0.35291937
D20190284705_2019-06-10 15_10_34-lv1-15598-12648-5733-5319p0033.png,0.55168945,0.44831052
D20170584502_2019-05-14 12_43_57-lv1-14744-78-19212-20032p0021.png,0.14030847,0.8596916
2019-06-11 01_00_50-lv1-1956-12720-11095-7901p0021.png,0.63459265,0.36540735
2019-10732-1-2-2_2019-05-28 17_07_02-lv1-20190-24783-6547-8251p0007.png,0.7772621,0.22273792
2019-07502-1-1-1_2019-05-29 07_14_13-lv1-45320-35367-4644-7384p0024.png,0.47372824,0.5262717
2019-10195-1-2-2_2019-05-28 19_12_24-lv1-43980-10703-3804-4062p0002.png,0.43258253,0.5674175
2019-08980-1-2-2_2019-05-28 21_32_39-lv1-72667-1174-4502-6002p0028.png,0.5895737,0.4104263
2019-05890-1-5-5_2019-05-29 03_46_25-lv1-10646-28473-10848-8938p0044.png,0.79826486,0.20173514
1900838001_2019-04-30 10_15_23-lv1-20231-15672-6703-7495p0018.png,0.17823178,0.82176834
2019-07503-1-3-3_2019-05-29 06_41_43-lv1-36370-19523-6217-5844p0026.png,0.5756298,0.42437017
2019-07506-1-6-6_2019-05-29 06_02_44-lv1-23392-11735-5508-4131p0005.png,0.5953945,0.40460557
D20180102901_2019-05-21 09_38_51-lv1-32064-28648-3839-5894p0013.png,0.15439358,0.8456064
2019-07506-1-4-4_2019-05-29 01_58_32-lv1-56732-2612-3294-6248p0006.png,0.2970327,0.7029673
D20170502603_2019-05-14 11_39_00-lv1-322-6285-19314-22701p0014.png,0.13419938,0.8658006
2019-08979-1-5-5_2019-05-28 22_01_00-lv1-49604-12407-8550-4392p0019.png,0.6788346,0.32116532
D20180498101_2019-05-14 14_58_30-lv1-29229-6658-7712-6180p0018.png,0.15131785,0.84868217
2019-05890-1-1-1_2019-05-29 04_16_22-lv1-32976-4306-7960-8482p0037.png,0.78681886,0.2131811
D20180187901_2019-05-14 15_56_55-lv1-36171-3307-4967-5736p0008.png,0.270115,0.72988504
2019-06-11 01_00_50-lv1-1956-12720-11095-7901p0093.png,0.6562238,0.3437762
D20180102901_2019-05-21 09_38_51-lv1-32064-28648-3839-5894p0015.png,0.4157479,0.5842521
2019-08979-1-4-4_2019-05-28 22_09_04-lv1-57922-3131-4306-5937p0017.png,0.77165854,0.22834145
1900838001_2019-04-30 10_15_23-lv1-20231-15672-6703-7495p0022.png,0.32121608,0.6787839
2019_05944_1-1_2019-02-20 20_42_06-lv1-32250-15753-7640-5376p0020.png,0.4331119,0.5668881
2019-06-11 00_48_57-lv1-26526-12299-2741-2793p0006.png,0.42333305,0.57666695
2019-10951-1-1-1_2019-05-28 15_32_06-lv1-46015-20331-12311-4414p0051.png,0.5803022,0.4196978
2019-10296-1-1-1_2019-05-28 18_05_02-lv1-56485-13239-6689-7042p0035.png,0.3345093,0.6654907
2019-10737-1-1-1_2019-05-28 16_25_50-lv1-28510-5095-6046-6046p0002.png,0.32714823,0.67285174
2019-08980-1-3-3_2019-05-28 21_23_16-lv1-46154-12136-4958-4110p0010.png,0.53185403,0.468146
D20180102901_2019-05-21 09_38_51-lv1-36547-27341-10626-9816p0070.png,0.30709055,0.6929094
D20190284705_2019-06-10 15_10_34-lv1-15598-12648-5733-5319p0008.png,0.7574418,0.24255823
2019-05890-1-4-4_2019-05-29 03_52_40-lv1-32907-20569-8446-9156p0027.png,0.5228422,0.4771578
2019-07498-1-1-1_2019-05-29 08_39_10-lv1-37980-7135-8091-5797p0007.png,0.3612396,0.6387604
D201801775B_2019-05-14 16_11_32-lv1-32232-31796-7646-5982p0012.png,0.13665165,0.8633484
2019-07506-1-1-1_2019-05-29 06_34_07-lv1-31721-10829-5554-3640p0004.png,0.5700461,0.42995387
D20170584502_2019-05-14 12_43_57-lv1-863-489-13565-15647p0032.png,0.15051386,0.8494862
2019-10737-1-6-6_2019-05-28 15_47_35-lv1-19582-23423-8743-5611p0002.png,0.829204,0.17079607
2019-08980-1-3-3_2019-05-28 21_23_16-lv1-46154-12136-4958-4110p0016.png,0.7721862,0.22781377
D20170951201_2019-05-14 14_41_50-lv1-28397-29427-7624-5334p0026.png,0.25037673,0.7496232
2019-06-11 00_46_38-lv1-3641-3675-3908-5775p0009.png,0.4125082,0.58749175
1800127001_2019-04-30 10_40_02-lv1-7573-15422-4121-2549p0007.png,0.094576,0.90542394
2019-10732-1-5-5_2019-05-28 16_40_29-lv1-37280-16311-8989-5437p0040.png,0.83696526,0.16303477
2019-07501-1-3-3_2019-05-29 07_53_41-lv1-28802-27730-4306-8351p0003.png,0.71558833,0.2844117
D20170568101_2019-05-14 12_34_44-lv1-31812-26175-6401-3317p0010.png,0.359248,0.6407521
2019_07896_1-1_2019-02-20 21_18_02-lv1-8384-9043-4423-2459p0003.png,0.563879,0.43612096
D20180792401_2019-05-21 13_38_34-lv1-29203-23944-15780-12986p0046.png,0.27636832,0.7236316
D20170502603_2019-05-14 11_39_00-lv1-322-6285-19314-22701p0087.png,0.14322929,0.8567707
D20180586802_2019-06-10 13_31_46-lv1-25458-17933-4214-2341p0004.png,0.6080346,0.3919654
1902427001_2019-06-11 12_12_29-lv1-18613-16414-3481-3606p0013.png,0.13318439,0.8668156
2019-10737-1-3-3_2019-05-28 16_09_09-lv1-33179-13494-5260-6326p0013.png,0.69734776,0.30265227
D201802733_2019-05-14 15_41_01-lv1-18828-14936-7756-5310p0007.png,0.33765364,0.66234636
D20170502603_2019-05-14 11_39_00-lv1-322-6285-19314-22701p0330.png,0.12337554,0.87662446
1902160001_2019-06-11 12_36_32-lv1-42009-14360-1627-1888p0001.png,0.6457901,0.35420987
2019-07502-1-1-1_2019-05-29 07_14_13-lv1-37002-16572-4175-7633p0024.png,0.31079003,0.68921
2019-10737-1-4-4_2019-05-28 16_02_11-lv1-21062-7815-8844-9859p0045.png,0.8016941,0.19830588
D201707788_2019-05-14 14_05_34-lv1-2777-15975-12688-9314p0048.png,0.11284102,0.88715893
2019-10503-1-1-1_2019-05-28 17_51_26-lv1-29114-7260-2985-14450p0021.png,0.45717123,0.54282874
2019-07805-1-1-1_2019-05-29 05_23_08-lv1-38935-29409-9948-4414p0001.png,0.36447576,0.6355243
D20180498101_2019-05-14 14_58_30-lv1-29229-6658-7712-6180p0036.png,0.6097067,0.39029327
2019-05890-1-5-5_2019-05-29 03_46_25-lv1-10646-28473-10848-8938p0034.png,0.8195966,0.18040355
2019-08241-1-1-1_2019-05-29 01_13_54-lv1-36385-6963-3544-4165p0015.png,0.8113528,0.18864723
2019-08974-1-1-1_2019-05-28 23_56_10-lv1-53379-9747-9811-5861p0035.png,0.52074873,0.47925127
2019-08980-1-2-2_2019-05-28 21_32_39-lv1-57725-8547-5676-5415p0022.png,0.4260536,0.5739464
2019-07502-1-2-2_2019-05-29 07_05_35-lv1-40805-21573-6383-5024p0029.png,0.5428757,0.45712423
D20170502603_2019-05-14 11_39_00-lv1-322-6285-19314-22701p0299.png,0.21810922,0.7818907
2019_05944_1-1_2019-02-20 20_42_06-lv1-32250-15753-7640-5376p0023.png,0.70142955,0.29857048
2019-07806-1-1-1_2019-05-29 02_30_26-lv1-51709-27019-5595-4076p0012.png,0.22042452,0.77957547
2019-05890-1-1-1_2019-05-29 04_16_22-lv1-32976-4306-7960-8482p0040.png,0.4846235,0.5153765
2019-06-11 09_15_18-lv1-14414-13849-6581-6338p0005.png,0.6959043,0.30409572
2019-07502-1-2-2_2019-05-29 07_05_35-lv1-40805-21573-6383-5024p0010.png,0.7363395,0.26366052
D20170502603_2019-05-14 11_39_00-lv1-322-6285-19314-22701p0155.png,0.16519746,0.83480257
2019_07303_1-1_2019-02-20 20_59_23-lv1-55167-19441-3666-5307p0014.png,0.13606197,0.863938
D20180723501_2019-06-10 13_47_37-lv1-15778-1569-3997-4912p0002.png,0.59222424,0.40777573
1903406001_2019-06-11 12_03_13-lv1-16299-14974-3560-3906p0008.png,0.4475499,0.55245006
D201802734_2019-05-14 15_33_06-lv1-27790-35298-7029-4792p0023.png,0.12662022,0.8733797
2019-06-11 00_58_36-lv1-820-6042-6546-12714p0075.png,0.26089537,0.73910457
2019-10732-1-2-2_2019-05-28 17_07_02-lv1-20190-24783-6547-8251p0046.png,0.36147612,0.6385239
1901940-1_2019-04-30 10_30_47-lv1-44085-11603-3541-4701p0011.png,0.297782,0.70221794
2019-06-11 00_58_36-lv1-820-6042-6546-12714p0100.png,0.30212227,0.69787776
D201802733_2019-05-14 15_48_17-lv1-29888-27054-2996-4638p0001.png,0.40665093,0.5933491
2019-10737-1-3-3_2019-05-28 16_09_09-lv1-33179-13494-5260-6326p0026.png,0.773977,0.22602303
D20170584502_2019-05-14 12_43_57-lv1-14744-78-19212-20032p0025.png,0.166487,0.83351296
2019-05890-1-1-1_2019-05-29 04_16_22-lv1-32976-4306-7960-8482p0047.png,0.3725926,0.62740743
2019-07502-1-2-2_2019-05-29 07_05_35-lv1-40805-21573-6383-5024p0026.png,0.77939,0.22060996
2019-07460-1-1-1_2019-05-29 09_02_42-lv1-36814-6579-3841-3433p0004.png,0.54101,0.45898995
D201710920_2019-05-21 11_52_57-lv1-33534-26482-6376-4721p0004.png,0.28159246,0.7184076
2019-10732-1-6-6_2019-05-28 16_33_17-lv1-43103-2848-6491-8333p0002.png,0.65234196,0.34765804
2019-07498-1-2-2_2019-05-29 08_30_31-lv1-25906-27222-11411-7160p0031.png,0.15814325,0.8418568
2019-10732-1-2-2_2019-05-28 17_07_02-lv1-20190-24783-6547-8251p0016.png,0.76083875,0.2391612
D201801775B_2019-05-14 16_11_32-lv1-32232-31796-7646-5982p0039.png,0.18597774,0.8140223
D20180102901_2019-05-21 09_38_51-lv1-36547-27341-10626-9816p0013.png,0.14118886,0.85881114
2019-07498-1-2-2_2019-05-29 08_30_31-lv1-25906-27222-11411-7160p0005.png,0.47390917,0.52609086
2019-08979-1-3-3_2019-05-28 22_17_51-lv1-42656-17844-6415-7137p0034.png,0.7862868,0.21371321
2019-10504-1-1-1_2019-05-28 17_44_07-lv1-28687-3202-15210-8684p0043.png,0.5209454,0.47905457
2019-06-11 00_58_36-lv1-820-6042-6546-12714p0024.png,0.393268,0.60673195
2019_06193_1-1_2019-02-20 20_52_35-lv1-62184-33080-4772-3401p0016.png,0.23375341,0.76624656
D20170518201_2019-05-14 12_05_30-lv1-39509-31959-5934-5127p0001.png,0.3393608,0.6606392
2019-08972-1-1-1_2019-05-29 00_06_22-lv1-43192-9800-4958-3383p0007.png,0.7261099,0.27389005
D20170503802_2019-05-14 11_50_43-lv1-36345-35501-7085-3382p0016.png,0.24036938,0.75963056
2019-08980-1-2-2_2019-05-28 21_32_39-lv1-72667-1174-4502-6002p0012.png,0.2809535,0.71904653
2019-10737-1-3-3_2019-05-28 16_09_09-lv1-33179-13494-5260-6326p0031.png,0.5598045,0.44019547
D20170584502_2019-05-14 12_43_57-lv1-863-489-13565-15647p0033.png,0.09530049,0.9046995
2019-06-11 01_00_50-lv1-1956-12720-11095-7901p0054.png,0.69536823,0.30463177
D20190284802_2019-06-10 15_06_21-lv1-22139-12655-2839-4083p0006.png,0.5477669,0.4522331
D20180792401_2019-05-21 13_38_34-lv1-29203-23944-15780-12986p0038.png,0.2497417,0.75025827
2018_78758_1-1_2019-02-21 01_17_57-lv1-19474-24877-4448-4084p0011.png,0.14908177,0.85091823
1902160001_2019-06-11 12_36_32-lv1-47122-16946-4823-2643p0013.png,0.8271679,0.17283204
1902386001_2019-06-11 12_18_33-lv1-31989-4782-3653-3170p0001.png,0.4453269,0.5546731
D20170584502_2019-05-14 12_43_57-lv1-14744-78-19212-20032p0011.png,0.13406521,0.8659348
2019-10504-1-1-1_2019-05-28 17_44_07-lv1-28687-3202-15210-8684p0028.png,0.665851,0.334149
D20170502603_2019-05-14 11_39_00-lv1-322-6285-19314-22701p0226.png,0.16534021,0.8346598
2019-10732-1-4-4_2019-05-28 16_46_57-lv1-30727-24050-5932-6576p0012.png,0.62353504,0.37646493
2019-07503-1-3-3_2019-05-29 06_41_43-lv1-36370-19523-6217-5844p0023.png,0.3839478,0.6160522
2019-06-11 01_00_50-lv1-1956-12720-11095-7901p0084.png,0.67703366,0.3229663
1902369001_2019-06-11 12_30_17-lv1-24621-16433-4669-6003p0021.png,0.29450566,0.70549434
D201707227_2019-05-14 13_49_08-lv1-535-16796-26010-19568p0023.png,0.240493,0.75950706
1902386002_2019-06-11 12_23_22-lv1-22824-31253-5676-4175p0004.png,0.38222805,0.617772
D201803519_2019-05-14 15_14_44-lv1-28486-26603-10590-9935p0030.png,0.32404554,0.6759544
D201802734_2019-05-14 15_33_06-lv1-27790-35298-7029-4792p0009.png,0.3718893,0.6281107
D20180723001_2019-06-10 13_01_20-lv1-17394-12710-6236-5782p0024.png,0.5251218,0.47487816
D201803511_2019-05-14 15_24_16-lv1-35489-31012-3664-4696p0004.png,0.25558347,0.74441653
2019-06-11 01_00_50-lv1-1956-12720-11095-7901p0037.png,0.56507987,0.4349202
D20180056701_2019-05-21 09_50_58-lv1-27543-34059-6966-5648p0030.png,0.5563411,0.44365883
2019-08972-1-1-1_2019-05-29 00_06_22-lv1-43192-9800-4958-3383p0019.png,0.6267304,0.37326968
2019-06-11 00_58_36-lv1-820-6042-6546-12714p0013.png,0.13613993,0.8638601
2019_01120_1-1_2019-02-20 19_18_16-lv1-23931-17039-2932-2955p0005.png,0.38663837,0.6133616
2019-09687-1-1-1_2019-05-28 19_57_12-lv1-60101-8892-4289-3546p0008.png,0.3282605,0.67173946
2019-07498-1-1-1_2019-05-29 08_39_10-lv1-37980-7135-8091-5797p0026.png,0.723556,0.276444
D201803519_2019-05-14 15_14_44-lv1-28486-26603-10590-9935p0036.png,0.26498115,0.7350188
2019-11827-1-1-1_2019-05-28 14_14_04-lv1-37745-31126-5181-7796p0013.png,0.5105105,0.48948947
D20180723501_2019-06-10 13_47_37-lv1-5074-30454-4941-5296p0003.png,0.35320973,0.64679027
2019-08976-1-4-4_2019-05-28 22_46_07-lv1-37015-6427-4484-5834p0007.png,0.32849118,0.6715089
D201803519_2019-05-14 15_14_44-lv1-28486-26603-10590-9935p0060.png,0.66592807,0.33407193
2019-10732-1-4-4_2019-05-28 16_46_57-lv1-36798-25730-4427-4159p0003.png,0.5862738,0.41372627
D20190284705_2019-06-10 15_10_34-lv1-16662-25829-5910-3664p0022.png,0.7474181,0.25258192
1902386002_2019-06-11 12_23_22-lv1-22889-36998-6328-5024p0005.png,0.3408486,0.65915143
D20180723501_2019-06-10 13_47_37-lv1-5074-30454-4941-5296p0017.png,0.40909505,0.59090495
2019-10195-1-1-1_2019-05-28 19_21_29-lv1-40740-12918-6524-8677p0026.png,0.71872,0.28128
2019-07503-1-3-3_2019-05-29 06_41_43-lv1-36370-19523-6217-5844p0025.png,0.5677741,0.43222585
D20170568101_2019-05-14 12_34_44-lv1-32981-23308-6289-3057p0015.png,0.24764872,0.7523513
2019-06-04 17_08_52-lv1-16428-11718-4556-4938p0007.png,0.28711894,0.712881
2019-08976-1-2-2_2019-05-28 22_58_46-lv1-41616-6944-5288-5351p0028.png,0.16941947,0.83058053
2019-10296-1-1-1_2019-05-28 18_05_02-lv1-56485-13239-6689-7042p0021.png,0.5624154,0.4375846
2019-07506-1-6-6_2019-05-29 06_02_44-lv1-23392-11735-5508-4131p0017.png,0.44484195,0.5551581
2019-10504-1-1-1_2019-05-28 17_44_07-lv1-28687-3202-15210-8684p0011.png,0.4739856,0.5260144
D201707227_2019-05-14 13_49_08-lv1-535-16796-26010-19568p0047.png,0.10162805,0.89837193
D20181047302_2019-06-10 11_38_18-lv1-2363-24324-4352-3675p0010.png,0.3041173,0.69588274
2019-11827-1-1-1_2019-05-28 14_14_04-lv1-37745-31126-5181-7796p0015.png,0.8409172,0.15908284
2019-08241-1-1-1_2019-05-29 01_13_54-lv1-35328-31088-2673-4290p0013.png,0.7272422,0.27275783
D201801775B_2019-05-14 16_11_32-lv1-26744-26137-5178-7271p0003.png,0.2428658,0.75713414
D20170503802_2019-05-14 11_50_43-lv1-36345-35501-7085-3382p0012.png,0.3236614,0.6763386
D20190381406_2019-06-10 14_42_20-lv1-733-24093-3432-3084p0007.png,0.22844152,0.7715586
2019-06-11 00_58_36-lv1-820-6042-6546-12714p0076.png,0.2204144,0.77958566
2019-07502-1-1-1_2019-05-29 07_14_13-lv1-45320-35367-4644-7384p0030.png,0.30250594,0.697494
2019-10271-1-1-1_2019-05-28 18_14_37-lv1-34097-15088-2514-4255p0008.png,0.50458896,0.495411
2019-08976-1-2-2_2019-05-28 22_58_46-lv1-47095-5988-1911-3886p0002.png,0.40845415,0.5915458
2019-09674-1-1-1_2019-05-28 20_06_49-lv1-53580-23000-5828-6432p0035.png,0.55273724,0.4472628
D20170502603_2019-05-14 11_39_00-lv1-322-6285-19314-22701p0381.png,0.1218584,0.8781416
1902160001_2019-06-11 12_36_32-lv1-39045-16016-3312-4096p0011.png,0.83044267,0.16955744
D20170362101_2019-05-14 10_54_29-lv1-29935-31527-7716-4964p0006.png,0.1586616,0.8413384
2019-11827-1-1-1_2019-05-28 14_14_04-lv1-38890-14353-5119-7083p0021.png,0.45615664,0.5438433
2019-10620-1-1-1_2019-05-28 17_28_41-lv1-41477-15784-5544-4164p0022.png,0.789068,0.21093199
2019-08980-1-2-2_2019-05-28 21_32_39-lv1-57725-8547-5676-5415p0029.png,0.5487852,0.45121485
2019-05890-1-1-1_2019-05-29 04_16_22-lv1-32976-4306-7960-8482p0023.png,0.63779134,0.3622087
2019-07498-1-2-2_2019-05-29 08_30_31-lv1-46489-6224-11088-8360p0011.png,0.33136508,0.6686349
D20190445003_2019-06-10 14_30_16-lv1-19280-4446-1982-3545p0007.png,0.6701298,0.32987022
D20170584502_2019-05-14 12_43_57-lv1-14744-78-19212-20032p0090.png,0.16622266,0.83377737
D20181047302_2019-06-10 11_38_18-lv1-2363-24324-4352-3675p0002.png,0.4890782,0.51092184
2018_83253_1-1_2019-02-20 18_38_45-lv1-4605-26032-2864-4185p0002.png,0.6786864,0.32131353
1903326001_2019-06-11 12_07_06-lv1-18648-16700-3610-3417p0011.png,0.2654428,0.7345572
2019-10728-1-1-1_2019-05-29 10_20_36-lv1-41932-8116-7680-8493p0017.png,0.5275177,0.4724823
2019-05890-1-4-4_2019-05-29 03_52_40-lv1-32907-20569-8446-9156p0030.png,0.6702177,0.3297823
2019-07498-1-2-2_2019-05-29 08_30_31-lv1-25906-27222-11411-7160p0015.png,0.39683327,0.60316676
1901558001_2019-04-30 10_24_11-lv1-54922-32041-3594-3236p0012.png,0.11801805,0.881982
2019-05890-1-4-4_2019-05-29 03_52_40-lv1-32907-20569-8446-9156p0061.png,0.84024906,0.15975091
D20170502603_2019-05-14 11_39_00-lv1-322-6285-19314-22701p0162.png,0.1532199,0.84678006
2019-08241-1-1-1_2019-05-29 01_13_54-lv1-35328-31088-2673-4290p0012.png,0.54312414,0.45687583
2019-10195-1-1-1_2019-05-28 19_21_29-lv1-40740-12918-6524-8677p0041.png,0.7877507,0.2122493
D20190445103_2019-06-10 14_26_02-lv1-16400-15396-5392-7030p0031.png,0.7605549,0.23944512
2019-08976-1-3-3_2019-05-28 22_53_15-lv1-33161-13840-6341-3222p0007.png,0.651545,0.348455
D20170362101_2019-05-14 10_54_29-lv1-29935-31527-7716-4964p0002.png,0.12984745,0.87015253
2019-08974-1-5-5_2019-05-28 23_17_50-lv1-33952-9759-6526-5268p0025.png,0.7497752,0.25022483
2018_83220_1-1_2019-02-20 18_33_11-lv1-59641-33027-4844-3976p0007.png,0.47012183,0.5298782
D20180723501_2019-06-10 13_47_37-lv1-15778-1569-3997-4912p0005.png,0.4892438,0.5107562
2019-10737-1-5-5_2019-05-28 15_54_44-lv1-25060-15448-3841-2797p0004.png,0.2681315,0.7318685
2019-10737-1-6-6_2019-05-28 15_47_35-lv1-19582-23423-8743-5611p0008.png,0.8128748,0.18712518
2019-10732-1-4-4_2019-05-28 16_46_57-lv1-30727-24050-5932-6576p0008.png,0.8235727,0.17642725
2019-08974-1-4-4_2019-05-28 23_27_16-lv1-43017-11764-6185-6306p0015.png,0.8018815,0.1981185
D201801775B_2019-05-14 16_11_32-lv1-26580-33647-6698-6192p0015.png,0.45098028,0.5490197
2019-11827-1-1-1_2019-05-28 14_14_04-lv1-38890-14353-5119-7083p0005.png,0.60095567,0.39904436
D20180498101_2019-05-14 14_58_30-lv1-31412-229-5257-6451p0003.png,0.34377527,0.6562248
2019-05890-1-3-3_2019-05-29 04_02_08-lv1-33554-13476-4846-5024p0022.png,0.54663736,0.45336264
D20170502603_2019-05-14 11_39_00-lv1-322-6285-19314-22701p0111.png,0.15544887,0.84455115
2019-11827-1-1-1_2019-05-28 14_14_04-lv1-37745-31126-5181-7796p0043.png,0.5189319,0.48106807
2019-10951-1-1-1_2019-05-28 15_32_06-lv1-46015-20331-12311-4414p0044.png,0.48441327,0.5155867
D20180102901_2019-05-21 09_38_51-lv1-36547-27341-10626-9816p0075.png,0.3410771,0.6589229
D20170503802_2019-05-14 11_50_43-lv1-36345-35501-7085-3382p0009.png,0.16186683,0.8381331
D201803519_2019-05-14 15_14_44-lv1-37789-37126-5701-3477p0011.png,0.11499563,0.8850044
1901067001_2019-04-30 10_36_04-lv1-20509-14477-2904-3369p0003.png,0.22351971,0.7764803
D20170518201_2019-05-14 12_05_30-lv1-39509-31959-5934-5127p0030.png,0.23218033,0.7678197
2019-06-11 09_15_18-lv1-14414-13849-6581-6338p0030.png,0.24970122,0.75029874
2019-05890-1-1-1_2019-05-29 04_16_22-lv1-25799-22836-8286-7829p0011.png,0.6307359,0.36926413
2019-10737-1-6-6_2019-05-28 15_47_35-lv1-19582-23423-8743-5611p0046.png,0.7870388,0.21296124
D20181284101_2019-06-10 10_53_49-lv1-27192-17731-4406-2579p0001.png,0.73021954,0.26978052
2019-06-11 09_15_18-lv1-20478-17628-3991-6155p0023.png,0.2590673,0.7409327
1902386002_2019-06-11 12_23_22-lv1-22824-31253-5676-4175p0015.png,0.6454267,0.3545733
2019-08980-1-1-1_2019-05-28 21_41_50-lv1-56141-20419-6353-6092p0026.png,0.7609218,0.23907824
D20170502603_2019-05-14 11_39_00-lv1-322-6285-19314-22701p0230.png,0.16741687,0.8325831
2019-08980-1-2-2_2019-05-28 21_32_39-lv1-57725-8547-5676-5415p0016.png,0.327368,0.672632
2019-08979-1-1-1_2019-05-28 22_36_37-lv1-43414-9050-8560-10324p0033.png,0.62487024,0.37512973
2019-08976-1-2-2_2019-05-28 22_58_46-lv1-41616-6944-5288-5351p0023.png,0.414139,0.585861
2019-10504-1-1-1_2019-05-28 17_44_07-lv1-28687-3202-15210-8684p0048.png,0.5479771,0.45202285
2019-05890-1-3-3_2019-05-29 04_02_08-lv1-39051-13417-5674-2541p0009.png,0.68441147,0.31558856
2019-08974-1-4-4_2019-05-28 23_27_16-lv1-43017-11764-6185-6306p0025.png,0.52868825,0.47131172
D20180498101_2019-05-14 14_58_30-lv1-31412-229-5257-6451p0031.png,0.12953575,0.87046427
D201803511_2019-05-14 15_24_16-lv1-39304-30239-4287-4448p0007.png,0.2936802,0.70631987
D20170584502_2019-05-14 12_43_57-lv1-863-489-13565-15647p0009.png,0.28269213,0.71730787
2019_07896_1-1_2019-02-20 21_18_02-lv1-8384-9043-4423-2459p0005.png,0.30790395,0.69209605
2019-08980-1-2-2_2019-05-28 21_32_39-lv1-57725-8547-5676-5415p0010.png,0.6854694,0.31453058
D20180498101_2019-05-14 14_58_30-lv1-31412-229-5257-6451p0005.png,0.46405867,0.53594136
D201707788_2019-05-14 14_05_34-lv1-2777-15975-12688-9314p0013.png,0.10161221,0.8983878
2019-10737-1-4-4_2019-05-28 16_02_11-lv1-21062-7815-8844-9859p0058.png,0.7399904,0.26000962
2019-05890-1-3-3_2019-05-29 04_02_08-lv1-33554-13476-4846-5024p0010.png,0.79636246,0.2036376
2019-10728-1-1-1_2019-05-29 10_20_36-lv1-41932-8116-7680-8493p0057.png,0.34227008,0.65772986
2019-08979-1-1-1_2019-05-28 22_36_37-lv1-43414-9050-8560-10324p0048.png,0.54471827,0.45528176
2019-10951-1-1-1_2019-05-28 15_32_06-lv1-46015-20331-12311-4414p0028.png,0.65094393,0.349056
D20170951201_2019-05-14 14_41_50-lv1-28397-29427-7624-5334p0006.png,0.39994135,0.6000586
2019-07506-1-6-6_2019-05-29 06_02_44-lv1-23392-11735-5508-4131p0011.png,0.36080047,0.63919955
D20170503802_2019-05-14 11_50_43-lv1-36345-35501-7085-3382p0013.png,0.1412794,0.85872066
D20170584502_2019-05-14 12_43_57-lv1-14744-78-19212-20032p0001.png,0.21637958,0.7836204
2019-05890-1-3-3_2019-05-29 04_02_08-lv1-39051-13417-5674-2541p0011.png,0.4964182,0.50358176
D201707227_2019-05-14 13_49_08-lv1-535-16796-26010-19568p0041.png,0.09724583,0.9027542
D20180792401_2019-05-21 13_38_34-lv1-29203-23944-15780-12986p0031.png,0.38150233,0.6184977
D20190284802_2019-06-10 15_06_21-lv1-34384-14661-5589-4144p0010.png,0.6033457,0.3966543
D201802733_2019-05-14 15_41_01-lv1-18828-14936-7756-5310p0005.png,0.29804564,0.7019544
2019-10296-1-1-1_2019-05-28 18_05_02-lv1-56485-13239-6689-7042p0044.png,0.50296867,0.49703136
1903406001_2019-06-11 12_03_13-lv1-16299-14974-3560-3906p0005.png,0.75012666,0.24987334
2019-10296-1-1-1_2019-05-28 18_05_02-lv1-56485-13239-6689-7042p0022.png,0.61043864,0.38956136
D20190445103_2019-06-10 14_26_02-lv1-16400-15396-5392-7030p0016.png,0.7566011,0.24339885
2019-10732-1-6-6_2019-05-28 16_33_17-lv1-43103-2848-6491-8333p0013.png,0.6535233,0.34647664
D20170502603_2019-05-14 11_39_00-lv1-322-6285-19314-22701p0324.png,0.22907645,0.7709235
2019-11827-1-1-1_2019-05-28 14_14_04-lv1-37745-31126-5181-7796p0012.png,0.682308,0.31769195
2019_01120_1-1_2019-02-20 19_18_16-lv1-26931-18678-2999-4248p0008.png,0.24311654,0.75688344
D20190445103_2019-06-10 14_26_02-lv1-16400-15396-5392-7030p0018.png,0.7448298,0.2551702
2019-08979-1-6-6_2019-05-28 21_52_03-lv1-42127-12400-6222-8663p0009.png,0.63671225,0.36328775
D20170584502_2019-05-14 12_43_57-lv1-14744-78-19212-20032p0097.png,0.12877516,0.8712248
2019-08979-1-1-1_2019-05-28 22_36_37-lv1-43414-9050-8560-10324p0028.png,0.25793496,0.742065
D20170502603_2019-05-14 11_39_00-lv1-322-6285-19314-22701p0003.png,0.17147028,0.82852966
D20170502603_2019-05-14 11_39_00-lv1-322-6285-19314-22701p0084.png,0.24535619,0.75464374
D20170502603_2019-05-14 11_39_00-lv1-322-6285-19314-22701p0029.png,0.11936273,0.8806373
2019-08976-1-4-4_2019-05-28 22_46_07-lv1-41959-7311-4663-4432p0008.png,0.70417166,0.2958283
2019-06-11 09_15_18-lv1-20478-17628-3991-6155p0012.png,0.27886477,0.72113526
2019-08974-1-1-1_2019-05-28 23_56_10-lv1-53379-9747-9811-5861p0026.png,0.6760339,0.3239661
1901558001_2019-04-30 10_24_11-lv1-50393-31270-4213-7808p0029.png,0.1821098,0.81789017
2019-06-11 00_46_38-lv1-3641-3675-3908-5775p0024.png,0.3669815,0.6330185
2019-08980-1-3-3_2019-05-28 21_23_16-lv1-46154-12136-4958-4110p0004.png,0.46471545,0.53528464
1900838001_2019-04-30 10_15_23-lv1-20231-15672-6703-7495p0017.png,0.15649526,0.8435047
2019-10737-1-6-6_2019-05-28 15_47_35-lv1-19582-23423-8743-5611p0022.png,0.8572354,0.1427646
2019-10620-1-1-1_2019-05-28 17_28_41-lv1-41477-15784-5544-4164p0006.png,0.6748722,0.3251277
D20170502603_2019-05-14 11_39_00-lv1-322-6285-19314-22701p0317.png,0.26572445,0.7342756
2019-09674-1-1-1_2019-05-28 20_06_49-lv1-53580-23000-5828-6432p0005.png,0.3482583,0.65174174
1902427001_2019-06-11 12_12_29-lv1-18613-16414-3481-3606p0001.png,0.2507761,0.74922395
2019-08980-1-1-1_2019-05-28 21_41_50-lv1-56141-20419-6353-6092p0011.png,0.69008213,0.3099179
2019-08979-1-5-5_2019-05-28 22_01_00-lv1-42518-23241-6676-7789p0035.png,0.8250856,0.17491435
D20180102901_2019-05-21 09_38_51-lv1-36547-27341-10626-9816p0030.png,0.19732764,0.8026724
2019-07506-1-4-4_2019-05-29 01_58_32-lv1-17822-9656-3294-5907p0017.png,0.2820209,0.71797913
D20180056701_2019-05-21 09_50_58-lv1-23029-29289-3105-7538p0020.png,0.32438502,0.675615
2019-10737-1-2-2_2019-05-28 16_19_15-lv1-30685-21461-7932-5491p0028.png,0.66374624,0.33625376
D20170503802_2019-05-14 11_50_43-lv1-36345-35501-7085-3382p0019.png,0.18405406,0.8159459
1903406001_2019-06-11 12_03_13-lv1-29267-17392-3773-3614p0010.png,0.7332004,0.26679957
2019_07303_1-1_2019-02-20 20_59_23-lv1-57476-14485-5363-6246p0005.png,0.60199803,0.3980019
D20170584502_2019-05-14 12_43_57-lv1-8718-14653-7634-8076p0048.png,0.30187696,0.6981231
2018_83253_1-1_2019-02-20 18_38_45-lv1-9768-30873-3832-3408p0002.png,0.6392713,0.3607287
D20170502603_2019-05-14 11_39_00-lv1-322-6285-19314-22701p0139.png,0.12641613,0.87358385
D201803519_2019-05-14 15_14_44-lv1-38218-28839-3928-3522p0001.png,0.2920189,0.7079812
2019-07460-1-2-2_2019-05-29 08_55_54-lv1-36101-18184-4447-2892p0011.png,0.19772881,0.8022711
D201801775B_2019-05-14 16_11_32-lv1-32232-31796-7646-5982p0024.png,0.37632185,0.62367815
2019-07501-1-4-4_2019-05-29 07_36_59-lv1-43309-12585-7519-4764p0011.png,0.7221987,0.27780133
2019-07498-1-2-2_2019-05-29 08_30_31-lv1-25906-27222-11411-7160p0049.png,0.25868535,0.7413147
D20190296201_2019-06-10 14_50_28-lv1-38715-30688-5386-8775p0029.png,0.16269252,0.83730745
1902386002_2019-06-11 12_23_22-lv1-22824-31253-5676-4175p0003.png,0.7684366,0.23156331
2019-08976-1-2-2_2019-05-28 22_58_46-lv1-41616-6944-5288-5351p0010.png,0.58499515,0.4150048
2019-08980-1-1-1_2019-05-28 21_41_50-lv1-56141-20419-6353-6092p0013.png,0.76101977,0.23898023
2019-08979-1-4-4_2019-05-28 22_09_04-lv1-57922-3131-4306-5937p0022.png,0.819626,0.18037403
1902160001_2019-06-11 12_36_32-lv1-42822-14737-4416-4096p0006.png,0.75016624,0.24983373
2019-11827-1-1-1_2019-05-28 14_14_04-lv1-37745-31126-5181-7796p0034.png,0.69527906,0.30472094
D20180102901_2019-05-21 09_38_51-lv1-36547-27341-10626-9816p0051.png,0.5291084,0.4708916
D20190284705_2019-06-10 15_10_34-lv1-16662-25829-5910-3664p0010.png,0.68481886,0.31518108
2019-06-11 00_55_09-lv1-28455-933-3881-4470p0012.png,0.3073997,0.6926003
2019-08979-1-1-1_2019-05-28 22_36_37-lv1-43414-9050-8560-10324p0054.png,0.5355807,0.46441928
D201709874_2019-05-21 12_42_42-lv1-31315-17194-2766-2641p0007.png,0.27773714,0.72226286
D201802734_2019-05-14 15_33_06-lv1-34389-27289-3641-4065p0010.png,0.10108928,0.8989108
2019-11827-1-1-1_2019-05-28 14_14_04-lv1-37745-31126-5181-7796p0024.png,0.54927444,0.4507256
2019-05891-1-2-2_2019-05-29 03_30_03-lv1-22122-12185-5735-4874p0002.png,0.61571175,0.38428825
D20170518201_2019-05-14 12_05_30-lv1-39601-28026-5393-3901p0016.png,0.08367056,0.9163295
D20190284802_2019-06-10 15_06_21-lv1-16310-12946-4950-3583p0015.png,0.7713128,0.22868724
1902386002_2019-06-11 12_23_22-lv1-38745-14876-5611-7177p0035.png,0.16975053,0.8302494
2019-07501-1-3-3_2019-05-29 07_53_41-lv1-28802-27730-4306-8351p0030.png,0.614773,0.385227
2019-09191-1-1-1_2019-05-28 21_14_56-lv1-33108-20305-4335-2207p0009.png,0.2747049,0.7252951
2019-08140-1-1-1_2019-05-29 01_22_08-lv1-37576-9838-4308-5583p0013.png,0.6975196,0.30248043
2019-10732-1-5-5_2019-05-28 16_40_29-lv1-37280-16311-8989-5437p0031.png,0.8501476,0.14985237
2019-07498-1-2-2_2019-05-29 08_30_31-lv1-46489-6224-11088-8360p0047.png,0.32323727,0.6767627
2019-08979-1-1-1_2019-05-28 22_36_37-lv1-43414-9050-8560-10324p0079.png,0.71700734,0.28299257
D20180177401_2019-05-14 16_20_21-lv1-32896-24870-5099-5407p0013.png,0.49749985,0.5025002
D201803519_2019-05-14 15_14_44-lv1-37789-37126-5701-3477p0003.png,0.19493884,0.8050612
D20170951201_2019-05-14 14_41_50-lv1-28397-29427-7624-5334p0027.png,0.13083313,0.86916685
2019-08857-1-1-1_2019-05-29 00_37_12-lv1-51983-12331-6459-4436p0004.png,0.8217088,0.17829122
D20180177401_2019-05-14 16_20_21-lv1-35775-30321-8440-9363p0014.png,0.6315655,0.3684345
1902386002_2019-06-11 12_23_22-lv1-22824-31253-5676-4175p0029.png,0.5816728,0.41832724
D201801775B_2019-05-14 16_11_32-lv1-32232-31796-7646-5982p0028.png,0.16150956,0.8384904
1902386002_2019-06-11 12_23_22-lv1-38745-14876-5611-7177p0041.png,0.13068241,0.8693176
1902386002_2019-06-11 12_23_22-lv1-22889-36998-6328-5024p0032.png,0.20596097,0.794039
2019-10732-1-2-2_2019-05-28 17_07_02-lv1-20190-24783-6547-8251p0001.png,0.45738065,0.54261935
D20170518201_2019-05-14 12_05_30-lv1-39601-28026-5393-3901p0021.png,0.32759425,0.6724058
D201707227_2019-05-14 13_49_08-lv1-535-16796-26010-19568p0050.png,0.16428179,0.83571815
2019-09687-1-1-1_2019-05-28 19_57_12-lv1-49087-30726-6141-5333p0023.png,0.34091747,0.65908253
1900836001_2019-06-11 13_14_48-lv1-16806-16161-5025-3954p0011.png,0.14958094,0.8504191
2019-08979-1-6-6_2019-05-28 21_52_03-lv1-42127-12400-6222-8663p0002.png,0.7359194,0.26408046
1800127001_2019-04-30 10_40_02-lv1-6628-22213-4692-4725p0001.png,0.29753992,0.70246005
D20170584502_2019-05-14 12_43_57-lv1-8718-14653-7634-8076p0039.png,0.14536741,0.85463256
2019-08979-1-6-6_2019-05-28 21_52_03-lv1-42127-12400-6222-8663p0006.png,0.7906931,0.20930693
1902386002_2019-06-11 12_23_22-lv1-38745-14876-5611-7177p0044.png,0.11519494,0.88480514
D20170584502_2019-05-14 12_43_57-lv1-863-489-13565-15647p0024.png,0.1436252,0.8563748
2019-10503-1-1-1_2019-05-28 17_51_26-lv1-29114-7260-2985-14450p0018.png,0.41564223,0.5843578
2019-06-11 00_46_38-lv1-3641-3675-3908-5775p0017.png,0.32180992,0.67819005
D20170502603_2019-05-14 11_39_00-lv1-322-6285-19314-22701p0375.png,0.21401495,0.78598505
2019-08976-1-3-3_2019-05-28 22_53_15-lv1-31393-5940-12318-3950p0013.png,0.5855703,0.41442975
D20170502603_2019-05-14 11_39_00-lv1-322-6285-19314-22701p0190.png,0.14599937,0.8540006
D20170502603_2019-05-14 11_39_00-lv1-322-6285-19314-22701p0235.png,0.2521856,0.7478144
D20170518201_2019-05-14 12_05_30-lv1-39601-28026-5393-3901p0017.png,0.23780333,0.7621967
2019_07303_1-1_2019-02-20 20_59_23-lv1-57476-14485-5363-6246p0007.png,0.27064896,0.72935104
D20180187901_2019-05-14 15_56_55-lv1-34347-8198-3824-5879p0005.png,0.27425382,0.7257462
D20180792401_2019-05-21 13_38_34-lv1-29203-23944-15780-12986p0002.png,0.16011475,0.8398853
2019-10946-1-1-1_2019-05-28 15_40_39-lv1-37765-7438-4110-7111p0005.png,0.6930804,0.30691957
D20170502603_2019-05-14 11_39_00-lv1-322-6285-19314-22701p0147.png,0.09682039,0.9031796
1902369001_2019-06-11 12_30_17-lv1-20073-15402-4002-4366p0012.png,0.15165448,0.8483456
2019-07460-1-2-2_2019-05-29 08_55_54-lv1-40848-18265-2155-3546p0002.png,0.72929394,0.27070612
D201801775B_2019-05-14 16_11_32-lv1-26744-26137-5178-7271p0002.png,0.32925683,0.67074317
2019-10195-1-2-2_2019-05-28 19_12_24-lv1-43980-10703-3804-4062p0014.png,0.19510695,0.804893
2019-11842-1-1-1_2019-05-28 14_22_48-lv1-39336-11723-3567-4332p0013.png,0.23536643,0.76463354
D20180498101_2019-05-14 14_58_30-lv1-29229-6658-7712-6180p0028.png,0.10512079,0.8948792
2019-10507-1-1-1_2019-05-28 17_41_21-lv1-32379-4783-6197-6790p0020.png,0.33589157,0.6641084
D20170951201_2019-05-14 14_41_50-lv1-28397-29427-7624-5334p0007.png,0.39175287,0.60824716
D20181010201_2019-05-21 14_08_09-lv1-57001-816-15224-14673p0011.png,0.34208485,0.6579152
2019-06-11 00_55_09-lv1-28455-933-3881-4470p0011.png,0.33830827,0.6616917
1900836001_2019-06-11 13_14_48-lv1-16806-16161-5025-3954p0014.png,0.19388106,0.80611897
D20180102901_2019-05-21 09_38_51-lv1-36547-27341-10626-9816p0050.png,0.20490886,0.7950911
2019-10951-1-1-1_2019-05-28 15_32_06-lv1-46015-20331-12311-4414p0001.png,0.7430669,0.25693306
D20180572305_2019-06-10 13_42_00-lv1-1471-3213-2510-2628p0003.png,0.38574913,0.6142509
D20190284802_2019-06-10 15_06_21-lv1-34384-14661-5589-4144p0008.png,0.5359785,0.46402153
2019-05890-1-1-1_2019-05-29 04_16_22-lv1-25799-22836-8286-7829p0018.png,0.67362493,0.32637504
2019_03867_1-1_2019-02-20 20_00_32-lv1-45818-32740-4663-5324p0004.png,0.6355608,0.36443916
D20190296201_2019-06-10 14_50_28-lv1-38715-30688-5386-8775p0013.png,0.25400504,0.745995
2019-08976-1-4-4_2019-05-28 22_46_07-lv1-37015-6427-4484-5834p0010.png,0.7510906,0.24890935
1902427001_2019-06-11 12_12_29-lv1-18613-16414-3481-3606p0011.png,0.19655123,0.8034488
2019-07498-1-2-2_2019-05-29 08_30_31-lv1-25906-27222-11411-7160p0047.png,0.62965596,0.37034404
D20170502603_2019-05-14 11_39_00-lv1-322-6285-19314-22701p0079.png,0.14145109,0.8585489
2019-12011-1-1-1_2019-05-28 14_48_57-lv1-45984-17767-1772-1763p0001.png,0.54237753,0.45762247
D201707227_2019-05-14 13_49_08-lv1-535-16796-26010-19568p0019.png,0.12442993,0.87557006
D20170503802_2019-05-14 11_50_43-lv1-36345-35501-7085-3382p0004.png,0.22429775,0.7757023
D20180102901_2019-05-21 09_38_51-lv1-36547-27341-10626-9816p0006.png,0.21194044,0.7880596
2019-07502-1-1-1_2019-05-29 07_14_13-lv1-37002-16572-4175-7633p0018.png,0.87932533,0.12067468
D20180177401_2019-05-14 16_20_21-lv1-35775-30321-8440-9363p0011.png,0.1453252,0.8546749
D20170502603_2019-05-14 11_39_00-lv1-322-6285-19314-22701p0310.png,0.20624945,0.7937506
2019-08979-1-3-3_2019-05-28 22_17_51-lv1-42656-17844-6415-7137p0002.png,0.7966027,0.20339727
D20170584502_2019-05-14 12_43_57-lv1-14744-78-19212-20032p0013.png,0.17149226,0.8285078
D20170584502_2019-05-14 12_43_57-lv1-14744-78-19212-20032p0067.png,0.12621072,0.87378925
D20180102901_2019-05-21 09_38_51-lv1-32064-28648-3839-5894p0003.png,0.46701133,0.5329887
2019-08974-1-1-1_2019-05-28 23_56_10-lv1-33437-26695-7518-8983p0030.png,0.56871504,0.43128505
2019_07896_1-1_2019-02-20 21_18_02-lv1-8384-9043-4423-2459p0009.png,0.6078166,0.39218345
D20170503802_2019-05-14 11_50_43-lv1-39235-25403-4168-5223p0004.png,0.24490374,0.75509626
D20170584502_2019-05-14 12_43_57-lv1-14744-78-19212-20032p0018.png,0.15665247,0.84334755
D20170518201_2019-05-14 12_05_30-lv1-39601-28026-5393-3901p0006.png,0.15395983,0.8460402
2019_07896_1-1_2019-02-20 21_18_02-lv1-8384-9043-4423-2459p0004.png,0.64089674,0.3591033
2019-05890-1-1-1_2019-05-29 04_16_22-lv1-25799-22836-8286-7829p0019.png,0.49686623,0.5031337
2019_07303_1-1_2019-02-20 20_59_23-lv1-57476-14485-5363-6246p0008.png,0.1672179,0.8327821
D20190284705_2019-06-10 15_10_34-lv1-15598-12648-5733-5319p0012.png,0.63403136,0.36596867
D201707788_2019-05-14 14_05_34-lv1-2777-15975-12688-9314p0037.png,0.10847633,0.89152366
D201802734_2019-05-14 15_33_06-lv1-27790-35298-7029-4792p0025.png,0.18179126,0.8182087
D20170568101_2019-05-14 12_34_44-lv1-31812-26175-6401-3317p0001.png,0.55792767,0.44207233
2019-08976-1-2-2_2019-05-28 22_58_46-lv1-41616-6944-5288-5351p0009.png,0.33322337,0.6667766
D20180792401_2019-05-21 13_38_34-lv1-29203-23944-15780-12986p0039.png,0.2764052,0.7235949
2019-10504-1-1-1_2019-05-28 17_44_07-lv1-28687-3202-15210-8684p0053.png,0.50422484,0.49577513
2019-10946-1-1-1_2019-05-28 15_40_39-lv1-22021-16267-4506-6971p0007.png,0.4348514,0.5651486
2019-10728-1-1-1_2019-05-29 10_20_36-lv1-41932-8116-7680-8493p0018.png,0.720327,0.27967295
D20170502603_2019-05-14 11_39_00-lv1-322-6285-19314-22701p0027.png,0.1245235,0.8754765
2019_04115_1-1_2019-02-20 20_13_37-lv1-40690-7875-4758-4116p0006.png,0.4270199,0.5729801
2019-07506-1-3-3_2019-05-29 06_19_09-lv1-26994-7875-5933-4397p0006.png,0.39201567,0.60798436
D20180177401_2019-05-14 16_20_21-lv1-32193-32343-3516-6088p0014.png,0.1726877,0.8273123
D201711541_2019-05-21 11_28_51-lv1-32674-26736-3766-4770p0003.png,0.556335,0.443665
2019-10296-1-1-1_2019-05-28 18_05_02-lv1-56485-13239-6689-7042p0048.png,0.17712338,0.8228766
1800769002_2019-06-11 13_32_47-lv1-37227-12624-3370-2527p0001.png,0.5864002,0.4135998
2019-07498-1-1-1_2019-05-29 08_39_10-lv1-37980-7135-8091-5797p0025.png,0.71101475,0.2889853
2019-06-11 00_46_38-lv1-9591-8750-3967-5483p0009.png,0.38051185,0.6194882
2019-10296-1-1-1_2019-05-28 18_05_02-lv1-56485-13239-6689-7042p0012.png,0.4764082,0.52359176
2019-05890-1-4-4_2019-05-29 03_52_40-lv1-32907-20569-8446-9156p0007.png,0.33735165,0.6626484
D20170518201_2019-05-14 12_05_30-lv1-39601-28026-5393-3901p0013.png,0.16996592,0.8300341
1902386001_2019-06-11 12_18_33-lv1-35858-8812-2794-1558p0003.png,0.5871214,0.4128785
2019-10507-1-1-1_2019-05-28 17_41_21-lv1-32379-4783-6197-6790p0045.png,0.421214,0.57878596
2019-08980-1-2-2_2019-05-28 21_32_39-lv1-68883-9330-4175-5937p0001.png,0.66515124,0.33484873
2019-06-11 00_46_38-lv1-3641-3675-3908-5775p0010.png,0.38598388,0.6140161
D20170584502_2019-05-14 12_43_57-lv1-863-489-13565-15647p0003.png,0.2115425,0.7884576
D20170362101_2019-05-14 10_54_29-lv1-36452-24059-2947-5151p0013.png,0.13366033,0.8663397
2019-07502-1-2-2_2019-05-29 07_05_35-lv1-40805-21573-6383-5024p0034.png,0.698158,0.30184197
2019-05890-1-5-5_2019-05-29 03_46_25-lv1-10646-28473-10848-8938p0003.png,0.6028499,0.39715007
2019_02170_1-2_2019-02-20 19_37_17-lv1-18315-29727-7652-5581p0002.png,0.35608107,0.6439189
2019-10620-1-1-1_2019-05-28 17_28_41-lv1-41477-15784-5544-4164p0010.png,0.6503891,0.34961087
2019-08886-1-1-1_2019-05-29 00_21_36-lv1-49044-5996-4707-4384p0020.png,0.1217425,0.8782575
2019-08976-1-3-3_2019-05-28 22_53_15-lv1-27252-10804-5418-2621p0004.png,0.6359079,0.3640921
2019-08976-1-2-2_2019-05-28 22_58_46-lv1-41616-6944-5288-5351p0033.png,0.25368416,0.74631584
1800769002_2019-06-11 13_32_47-lv1-36878-15878-2411-4096p0007.png,0.5358712,0.46412885
2019_05944_1-1_2019-02-20 20_42_06-lv1-39021-20282-4099-4249p0005.png,0.4151292,0.5848708
2019-05890-1-1-1_2019-05-29 04_16_22-lv1-25799-22836-8286-7829p0006.png,0.57272553,0.42727447
2019-07506-1-3-3_2019-05-29 06_19_09-lv1-26994-7875-5933-4397p0007.png,0.3762022,0.6237978
D20171243404_2019-05-21 11_08_16-lv1-34700-28211-3630-4561p0010.png,0.38486755,0.61513245
2019-07460-1-2-2_2019-05-29 08_55_54-lv1-36101-18184-4447-2892p0005.png,0.4479662,0.5520338
2019_03867_1-1_2019-02-20 20_00_32-lv1-42426-15525-4353-3558p0007.png,0.28332,0.71668
2019-06-11 00_58_36-lv1-820-6042-6546-12714p0009.png,0.25999576,0.74000424
2019-09191-1-1-1_2019-05-28 21_14_56-lv1-33108-20305-4335-2207p0006.png,0.5811349,0.4188651
D201803511_2019-05-14 15_24_16-lv1-39304-30239-4287-4448p0006.png,0.4011385,0.5988615
2019-07498-1-2-2_2019-05-29 08_30_31-lv1-25906-27222-11411-7160p0080.png,0.3552032,0.6447968
2019-10728-1-1-1_2019-05-29 10_20_36-lv1-41932-8116-7680-8493p0043.png,0.2689332,0.7310668
2019-10195-1-1-1_2019-05-28 19_21_29-lv1-40740-12918-6524-8677p0046.png,0.44071525,0.55928475
2019-08857-1-1-1_2019-05-29 00_37_12-lv1-51983-12331-6459-4436p0001.png,0.83469296,0.16530707
D20170502603_2019-05-14 11_39_00-lv1-322-6285-19314-22701p0377.png,0.16622618,0.83377373
2019-10732-1-4-4_2019-05-28 16_46_57-lv1-30727-24050-5932-6576p0032.png,0.8266569,0.17334314
D201707227_2019-05-14 13_49_08-lv1-535-16796-26010-19568p0009.png,0.1832193,0.81678075
D20180177401_2019-05-14 16_20_21-lv1-35775-30321-8440-9363p0035.png,0.25636277,0.74363726
2018_83253_1-1_2019-02-20 18_38_45-lv1-883-22059-4376-3680p0008.png,0.20495762,0.79504234
D201707227_2019-05-14 13_49_08-lv1-535-16796-26010-19568p0052.png,0.16573918,0.8342609
2019_03867_1-1_2019-02-20 20_00_32-lv1-42426-15525-4353-3558p0002.png,0.5876264,0.41237363
D20170584502_2019-05-14 12_43_57-lv1-14744-78-19212-20032p0077.png,0.27407408,0.725926
2019-05890-1-1-1_2019-05-29 04_16_22-lv1-32976-4306-7960-8482p0061.png,0.38952047,0.6104795
D20180056701_2019-05-21 09_50_58-lv1-27543-34059-6966-5648p0029.png,0.27166238,0.7283376
1903406001_2019-06-11 12_03_13-lv1-29267-17392-3773-3614p0011.png,0.5359163,0.46408373
D20170502603_2019-05-14 11_39_00-lv1-322-6285-19314-22701p0127.png,0.11634245,0.8836576
1901940-1_2019-04-30 10_30_47-lv1-40561-17303-4906-4343p0015.png,0.19988978,0.80011034
D201803519_2019-05-14 15_14_44-lv1-38817-33027-4911-4640p0009.png,0.11853279,0.8814672
D20170518201_2019-05-14 12_05_30-lv1-39601-28026-5393-3901p0014.png,0.12068035,0.8793196
2019-05890-1-4-4_2019-05-29 03_52_40-lv1-32907-20569-8446-9156p0006.png,0.3090938,0.6909062
2019-10195-1-1-1_2019-05-28 19_21_29-lv1-40740-12918-6524-8677p0045.png,0.412362,0.587638
D20170503802_2019-05-14 11_50_43-lv1-36345-35501-7085-3382p0017.png,0.15250991,0.84749013
2019-06-11 01_00_50-lv1-1956-12720-11095-7901p0068.png,0.7224292,0.2775708
2019-10620-1-1-1_2019-05-28 17_28_41-lv1-41477-15784-5544-4164p0009.png,0.38503608,0.61496395
2019-09687-1-1-1_2019-05-28 19_57_12-lv1-49087-30726-6141-5333p0016.png,0.70486414,0.2951358
D20180792401_2019-05-21 13_38_34-lv1-29203-23944-15780-12986p0117.png,0.12512685,0.8748731
2019-08976-1-3-3_2019-05-28 22_53_15-lv1-31393-5940-12318-3950p0021.png,0.5168409,0.48315907
2019-05891-1-2-2_2019-05-29 03_30_03-lv1-22122-12185-5735-4874p0023.png,0.6787013,0.3212987
2019-10732-1-1-1_2019-05-28 17_14_07-lv1-33615-23595-7025-4639p0013.png,0.85684854,0.14315137
2019-09687-1-1-1_2019-05-28 19_57_12-lv1-53049-5219-2479-2218p0004.png,0.3334384,0.66656154
2019-10296-1-1-1_2019-05-28 18_05_02-lv1-56485-13239-6689-7042p0050.png,0.49359405,0.50640595
2019-07498-1-2-2_2019-05-29 08_30_31-lv1-25906-27222-11411-7160p0060.png,0.517492,0.482508
2019-07506-1-5-5_2019-05-29 06_09_14-lv1-9703-21958-4456-10026p0012.png,0.68254125,0.31745875
2019-08974-1-1-1_2019-05-28 23_56_10-lv1-53379-9747-9811-5861p0062.png,0.48863268,0.51136726
D20180723501_2019-06-10 13_47_37-lv1-15778-1569-3997-4912p0015.png,0.6254143,0.37458575
2019-08979-1-5-5_2019-05-28 22_01_00-lv1-49604-12407-8550-4392p0028.png,0.6695071,0.33049294
D201711541_2019-05-21 11_28_51-lv1-32674-26736-3766-4770p0001.png,0.49135983,0.50864017
2019-10507-1-1-1_2019-05-28 17_41_21-lv1-32379-4783-6197-6790p0046.png,0.48460284,0.5153972
2019_07303_1-1_2019-02-20 20_59_23-lv1-55167-19441-3666-5307p0011.png,0.3556083,0.6443917
2019-08972-1-1-1_2019-05-29 00_06_22-lv1-43192-9800-4958-3383p0004.png,0.850642,0.14935796
2019-08974-1-3-3_2019-05-28 23_36_34-lv1-47912-7170-4032-4565p0007.png,0.59963316,0.4003668
2019-11842-1-1-1_2019-05-28 14_22_48-lv1-29162-19047-3919-3782p0003.png,0.41402376,0.58597624
D20170584502_2019-05-14 12_43_57-lv1-863-489-13565-15647p0025.png,0.1570027,0.84299725
D20170951201_2019-05-14 14_41_50-lv1-28397-29427-7624-5334p0013.png,0.1710893,0.8289107
1901558001_2019-04-30 10_24_11-lv1-50393-31270-4213-7808p0026.png,0.23881295,0.761187
D20170502603_2019-05-14 11_39_00-lv1-322-6285-19314-22701p0011.png,0.09899092,0.90100914
2019_01120_1-1_2019-02-20 19_18_16-lv1-26931-18678-2999-4248p0007.png,0.2263615,0.7736385
2019-08980-1-2-2_2019-05-28 21_32_39-lv1-68883-9330-4175-5937p0020.png,0.52727276,0.47272727
D20170502603_2019-05-14 11_39_00-lv1-322-6285-19314-22701p0142.png,0.19947357,0.8005264
2019-07502-1-2-2_2019-05-29 07_05_35-lv1-40805-21573-6383-5024p0028.png,0.58738256,0.41261744
2019-08979-1-5-5_2019-05-28 22_01_00-lv1-42518-23241-6676-7789p0034.png,0.7461307,0.2538693
D20181168805_2019-06-10 11_18_54-lv1-14997-12159-3546-4610p0005.png,0.5869907,0.41300923
2019-08979-1-1-1_2019-05-28 22_36_37-lv1-43414-9050-8560-10324p0077.png,0.6850032,0.3149969
2019-08241-1-1-1_2019-05-29 01_13_54-lv1-36385-6963-3544-4165p0011.png,0.7963931,0.20360681
2019_03867_1-1_2019-02-20 20_00_32-lv1-35269-34259-4448-4137p0003.png,0.45496368,0.5450363
D201707227_2019-05-14 13_49_08-lv1-7570-2847-5797-5435p0003.png,0.4465081,0.55349183
2019_03867_1-1_2019-02-20 20_00_32-lv1-42426-15525-4353-3558p0015.png,0.26393706,0.73606294
2019-06-11 01_00_50-lv1-1956-12720-11095-7901p0083.png,0.79042566,0.20957439
2019-08895-1-1-1_2019-05-29 00_16_03-lv1-32906-4373-5396-3862p0006.png,0.5349681,0.46503192
2019-07498-1-2-2_2019-05-29 08_30_31-lv1-25906-27222-11411-7160p0043.png,0.29787502,0.702125
2019-11827-1-1-1_2019-05-28 14_14_04-lv1-38890-14353-5119-7083p0036.png,0.6081929,0.39180708
D20190284802_2019-06-10 15_06_21-lv1-16310-12946-4950-3583p0003.png,0.7573919,0.24260809
1902369001_2019-06-11 12_30_17-lv1-22741-11885-2971-3517p0007.png,0.3209777,0.67902225
2019-10951-1-1-1_2019-05-28 15_32_06-lv1-46015-20331-12311-4414p0053.png,0.4888903,0.5111097
D20180792401_2019-05-21 13_38_34-lv1-29203-23944-15780-12986p0033.png,0.22965196,0.7703481
2019-06-11 09_15_18-lv1-14414-13849-6581-6338p0023.png,0.2024593,0.7975407
D20170518201_2019-05-14 12_05_30-lv1-39509-31959-5934-5127p0025.png,0.16995277,0.8300472
D20170502603_2019-05-14 11_39_00-lv1-322-6285-19314-22701p0085.png,0.15394062,0.84605944
D20170518201_2019-05-14 12_05_30-lv1-30277-26951-8886-7721p0015.png,0.2840812,0.7159188
D20170502603_2019-05-14 11_39_00-lv1-322-6285-19314-22701p0368.png,0.10510676,0.8948933
2019-08976-1-3-3_2019-05-28 22_53_15-lv1-31393-5940-12318-3950p0043.png,0.5393652,0.46063483
D20170502603_2019-05-14 11_39_00-lv1-322-6285-19314-22701p0176.png,0.14696553,0.8530345
2019-06-11 00_58_36-lv1-820-6042-6546-12714p0038.png,0.24507748,0.7549225
D20190286206_2019-06-10 14_58_35-lv1-4261-12473-5210-3023p0001.png,0.7189292,0.28107077
D20190296201_2019-06-10 14_50_28-lv1-29513-27821-9198-12108p0079.png,0.17718913,0.8228109
D20180102901_2019-05-21 09_38_51-lv1-36547-27341-10626-9816p0018.png,0.4888279,0.5111721
D20170502603_2019-05-14 11_39_00-lv1-322-6285-19314-22701p0337.png,0.1700779,0.829922
2019-08863-1-1-1_2019-05-29 00_31_57-lv1-32806-16421-3156-2705p0008.png,0.6198121,0.38018793
2019-10732-1-6-6_2019-05-28 16_33_17-lv1-43103-2848-6491-8333p0060.png,0.517506,0.48249403
1902160001_2019-06-11 12_36_32-lv1-44190-20016-5916-4469p0018.png,0.65766233,0.34233764
2019_04115_1-1_2019-02-20 20_13_37-lv1-40690-7875-4758-4116p0011.png,0.23271652,0.7672835
D201803519_2019-05-14 15_14_44-lv1-28486-26603-10590-9935p0033.png,0.30095437,0.69904566
2018_83220_1-1_2019-02-20 18_33_11-lv1-59641-33027-4844-3976p0004.png,0.29206565,0.7079343
2019-08972-1-1-1_2019-05-29 00_06_22-lv1-43192-9800-4958-3383p0020.png,0.8152676,0.1847324
D20180056701_2019-05-21 09_50_58-lv1-27237-28645-8099-3942p0002.png,0.2281088,0.7718912
D20180792401_2019-05-21 13_38_34-lv1-29203-23944-15780-12986p0123.png,0.4963433,0.5036566
2019-08974-1-1-1_2019-05-28 23_56_10-lv1-33437-26695-7518-8983p0017.png,0.5236557,0.47634435
2019-11842-1-1-1_2019-05-28 14_22_48-lv1-39336-11723-3567-4332p0019.png,0.7036739,0.29632607
2019-07506-1-2-2_2019-05-29 06_26_57-lv1-26134-9614-4893-5181p0022.png,0.6920452,0.30795482
2019-07506-1-6-6_2019-05-29 06_02_44-lv1-23392-11735-5508-4131p0020.png,0.5581208,0.4418792
2019-10728-1-1-1_2019-05-29 10_20_36-lv1-41932-8116-7680-8493p0008.png,0.16070843,0.8392916
1902386002_2019-06-11 12_23_22-lv1-38745-14876-5611-7177p0021.png,0.28329024,0.71670973
2019-07805-1-1-1_2019-05-29 05_23_08-lv1-38935-29409-9948-4414p0040.png,0.314945,0.685055
2019-08974-1-4-4_2019-05-28 23_27_16-lv1-43017-11764-6185-6306p0011.png,0.79006654,0.20993344
2019-08261-1-1-1_2019-05-29 01_05_21-lv1-42127-18322-5674-3309p0001.png,0.42937213,0.5706279
2019-08979-1-1-1_2019-05-28 22_36_37-lv1-43414-9050-8560-10324p0071.png,0.5622515,0.4377485
2019-08979-1-3-3_2019-05-28 22_17_51-lv1-42656-17844-6415-7137p0012.png,0.7493388,0.25066125
D20180498101_2019-05-14 14_58_30-lv1-29229-6658-7712-6180p0025.png,0.23911472,0.7608853
2019-08895-1-1-1_2019-05-29 00_16_03-lv1-32906-4373-5396-3862p0011.png,0.7869982,0.21300171
2019-08976-1-2-2_2019-05-28 22_58_46-lv1-41616-6944-5288-5351p0011.png,0.8435668,0.15643321
2019-08980-1-2-2_2019-05-28 21_32_39-lv1-72667-1174-4502-6002p0029.png,0.83096504,0.16903497
2019-07501-1-3-3_2019-05-29 07_53_41-lv1-28802-27730-4306-8351p0013.png,0.50345874,0.4965413
2019-09674-1-1-1_2019-05-28 20_06_49-lv1-53580-23000-5828-6432p0033.png,0.43751183,0.5624882
D20180715202_2019-05-21 13_14_56-lv1-26524-21829-4504-4625p0002.png,0.31072915,0.68927085
D20180792401_2019-05-21 13_38_34-lv1-29203-23944-15780-12986p0036.png,0.14276005,0.85724
2019-08895-1-1-1_2019-05-29 00_16_03-lv1-18024-33741-5509-2953p0011.png,0.3293831,0.67061687
2019-10728-1-1-1_2019-05-29 10_20_36-lv1-41932-8116-7680-8493p0006.png,0.5249543,0.4750457
D20170546301_2019-05-14 12_21_38-lv1-27588-24020-5800-7897p0011.png,0.21771878,0.7822812
1901558001_2019-04-30 10_24_11-lv1-54922-32041-3594-3236p0004.png,0.29537174,0.70462835
2019-08979-1-1-1_2019-05-28 22_36_37-lv1-43414-9050-8560-10324p0076.png,0.6631215,0.33687848
D20170518201_2019-05-14 12_05_30-lv1-39509-31959-5934-5127p0024.png,0.13052224,0.86947787
D20170584502_2019-05-14 12_43_57-lv1-14744-78-19212-20032p0139.png,0.2550287,0.74497133
2019-10195-1-2-2_2019-05-28 19_12_24-lv1-43980-10703-3804-4062p0008.png,0.17700963,0.8229904
1900769002_2019-06-11 13_19_00-lv1-16645-13460-4716-4003p0001.png,0.71871525,0.28128463
1901558001_2019-04-30 10_24_11-lv1-50393-31270-4213-7808p0008.png,0.48858568,0.51141435
D20170546301_2019-05-14 12_21_38-lv1-26517-31493-4149-3569p0002.png,0.180768,0.819232
D20170518201_2019-05-14 12_05_30-lv1-39509-31959-5934-5127p0010.png,0.11212993,0.8878701
2019-07498-1-2-2_2019-05-29 08_30_31-lv1-25906-27222-11411-7160p0019.png,0.39289755,0.6071024
2019-08974-1-3-3_2019-05-28 23_36_34-lv1-47912-7170-4032-4565p0012.png,0.37744197,0.62255806
2019-10965-1-1-1_2019-05-28 15_12_46-lv1-41393-10795-4607-7564p0029.png,0.40014243,0.5998575
D201707227_2019-05-14 13_49_08-lv1-535-16796-26010-19568p0017.png,0.3165545,0.6834455
2019-08976-1-3-3_2019-05-28 22_53_15-lv1-31393-5940-12318-3950p0052.png,0.74605536,0.25394464
2019-08241-1-1-1_2019-05-29 01_13_54-lv1-36385-6963-3544-4165p0018.png,0.82041395,0.17958605
1900838001_2019-04-30 10_15_23-lv1-20231-15672-6703-7495p0042.png,0.2465054,0.7534946
D20170503802_2019-05-14 11_50_43-lv1-39235-25403-4168-5223p0003.png,0.41083384,0.58916616
2019-09674-1-1-1_2019-05-28 20_06_49-lv1-53580-23000-5828-6432p0046.png,0.35041204,0.6495879
2019-10195-1-1-1_2019-05-28 19_21_29-lv1-40740-12918-6524-8677p0042.png,0.32382923,0.6761708
2019-10728-1-1-1_2019-05-29 10_20_36-lv1-41932-8116-7680-8493p0040.png,0.22794893,0.77205104
D20180792401_2019-05-21 13_38_34-lv1-29203-23944-15780-12986p0089.png,0.310371,0.68962896
2019-10946-1-1-1_2019-05-28 15_40_39-lv1-37765-7438-4110-7111p0031.png,0.26885092,0.731149
2019_03867_1-1_2019-02-20 20_00_32-lv1-31886-30525-3881-4663p0008.png,0.6737101,0.32628986
2019-05890-1-6-6_2019-05-29 03_40_51-lv1-20530-15421-6231-3147p0017.png,0.6418192,0.35818085
2019-07501-1-3-3_2019-05-29 07_53_41-lv1-35261-15594-3588-8743p0031.png,0.768678,0.23132192
2019_03867_1-1_2019-02-20 20_00_32-lv1-45818-32740-4663-5324p0009.png,0.4641511,0.53584886
D20170518201_2019-05-14 12_05_30-lv1-39509-31959-5934-5127p0008.png,0.37613884,0.62386113
2019-07460-1-2-2_2019-05-29 08_55_54-lv1-37722-23968-3349-2585p0010.png,0.49935293,0.5006471
1901558001_2019-04-30 10_24_11-lv1-54922-32041-3594-3236p0001.png,0.49205253,0.5079475
1800127001_2019-04-30 10_40_02-lv1-7573-15422-4121-2549p0005.png,0.3846231,0.6153769
2019-10737-1-4-4_2019-05-28 16_02_11-lv1-21062-7815-8844-9859p0009.png,0.77499866,0.22500142
D201710920_2019-05-21 11_52_57-lv1-33661-31501-7087-7660p0013.png,0.6460159,0.35398415
D20170584502_2019-05-14 12_43_57-lv1-863-489-13565-15647p0027.png,0.2594534,0.7405466
2019-09687-1-1-1_2019-05-28 19_57_12-lv1-49087-30726-6141-5333p0007.png,0.25260386,0.74739605
D20180177401_2019-05-14 16_20_21-lv1-35775-30321-8440-9363p0001.png,0.41869655,0.5813034
2019-07502-1-2-2_2019-05-29 07_05_35-lv1-40805-21573-6383-5024p0016.png,0.82368,0.17632005
D20190284902_2019-06-10 15_02_38-lv1-16068-3027-6315-4228p0006.png,0.5024754,0.4975246
D20170584502_2019-05-14 12_43_57-lv1-8718-14653-7634-8076p0040.png,0.20272893,0.797271
1902160001_2019-06-11 12_36_32-lv1-44190-20016-5916-4469p0021.png,0.56562656,0.43437344
1901558001_2019-04-30 10_24_11-lv1-53781-36766-3290-3779p0001.png,0.47888935,0.52111065
2019-08974-1-1-1_2019-05-28 23_56_10-lv1-33437-26695-7518-8983p0027.png,0.82660055,0.1733994
2019-08980-1-1-1_2019-05-28 21_41_50-lv1-56765-26949-3230-2467p0003.png,0.60945356,0.3905464
1902160001_2019-06-11 12_36_32-lv1-39045-16016-3312-4096p0005.png,0.724059,0.27594098
D20170584502_2019-05-14 12_43_57-lv1-14744-78-19212-20032p0115.png,0.10277478,0.8972252
1900838001_2019-04-30 10_15_23-lv1-17110-19166-3362-4373p0008.png,0.40198457,0.5980154
2019_05944_1-1_2019-02-20 20_42_06-lv1-32250-15753-7640-5376p0025.png,0.5935069,0.4064932
2019-07498-1-2-2_2019-05-29 08_30_31-lv1-46489-6224-11088-8360p0038.png,0.44145265,0.5585474
D201801775B_2019-05-14 16_11_32-lv1-32232-31796-7646-5982p0029.png,0.3471889,0.6528111
D20170584502_2019-05-14 12_43_57-lv1-14744-78-19212-20032p0127.png,0.2075291,0.7924709
D201707227_2019-05-14 13_49_08-lv1-535-16796-26010-19568p0043.png,0.10045952,0.8995405
2019-08980-1-2-2_2019-05-28 21_32_39-lv1-57725-8547-5676-5415p0035.png,0.16248842,0.83751154
D20181168805_2019-06-10 11_18_54-lv1-14997-12159-3546-4610p0010.png,0.7391214,0.2608786
D20170502603_2019-05-14 11_39_00-lv1-322-6285-19314-22701p0165.png,0.21296465,0.7870353
2019-08979-1-4-4_2019-05-28 22_09_04-lv1-57922-3131-4306-5937p0005.png,0.41721928,0.5827807
D20180177401_2019-05-14 16_20_21-lv1-35775-30321-8440-9363p0002.png,0.23411287,0.76588714
D201803519_2019-05-14 15_14_44-lv1-28486-26603-10590-9935p0016.png,0.20384721,0.7961528
2019-08974-1-5-5_2019-05-28 23_17_50-lv1-33952-9759-6526-5268p0037.png,0.5979726,0.4020274
2019-08980-1-1-1_2019-05-28 21_41_50-lv1-52872-25008-3867-3778p0001.png,0.47645193,0.52354807
2019-10737-1-4-4_2019-05-28 16_02_11-lv1-21062-7815-8844-9859p0022.png,0.8205101,0.17948993
2019-10728-1-1-1_2019-05-29 10_20_36-lv1-41932-8116-7680-8493p0031.png,0.6143474,0.38565263
D20170362101_2019-05-14 10_54_29-lv1-29935-31527-7716-4964p0004.png,0.12495286,0.87504715
2019-10507-1-1-1_2019-05-28 17_41_21-lv1-32379-4783-6197-6790p0039.png,0.6609859,0.33901417
D20170502603_2019-05-14 11_39_00-lv1-322-6285-19314-22701p0119.png,0.14372917,0.8562709
2019-10737-1-1-1_2019-05-28 16_25_50-lv1-28510-5095-6046-6046p0028.png,0.21957852,0.7804215
2019-09674-1-1-1_2019-05-28 20_06_49-lv1-53580-23000-5828-6432p0039.png,0.39108357,0.6089164
D201707227_2019-05-14 13_49_08-lv1-535-16796-26010-19568p0029.png,0.106158,0.893842
D20190296201_2019-06-10 14_50_28-lv1-29513-27821-9198-12108p0027.png,0.16596505,0.834035
D20181010201_2019-05-21 14_08_09-lv1-57001-816-15224-14673p0001.png,0.44840503,0.5515949
2018_83220_1-1_2019-02-20 18_33_11-lv1-58151-37497-5712-3460p0009.png,0.40612325,0.5938768
D20190445003_2019-06-10 14_30_16-lv1-17239-5355-2025-3631p0006.png,0.5417841,0.4582159
2019-08979-1-1-1_2019-05-28 22_36_37-lv1-43414-9050-8560-10324p0012.png,0.38242972,0.6175703
2019_03867_1-1_2019-02-20 20_00_32-lv1-35269-34259-4448-4137p0005.png,0.38668665,0.6133133
2019_01246_1-1_2019-02-20 19_23_52-lv1-43392-4103-4387-2023p0004.png,0.805958,0.194042
2019-05890-1-5-5_2019-05-29 03_46_25-lv1-10646-28473-10848-8938p0062.png,0.762549,0.23745106
2019-08980-1-1-1_2019-05-28 21_41_50-lv1-56141-20419-6353-6092p0020.png,0.8050673,0.19493277
2019-05890-1-4-4_2019-05-29 03_52_40-lv1-32907-20569-8446-9156p0038.png,0.73662114,0.2633788
D20170584502_2019-05-14 12_43_57-lv1-14744-78-19212-20032p0099.png,0.16141833,0.83858174
D20190381406_2019-06-10 14_42_20-lv1-733-24093-3432-3084p0010.png,0.24373454,0.7562655
D201711541_2019-05-21 11_28_51-lv1-32674-26736-3766-4770p0007.png,0.14118211,0.85881793
2019-07506-1-5-5_2019-05-29 06_09_14-lv1-9703-21958-4456-10026p0005.png,0.38604617,0.6139538
D20190399001_2019-06-10 14_39_51-lv1-15260-15903-3982-1913p0001.png,0.78856826,0.21143174
D20170518201_2019-05-14 12_05_30-lv1-30277-26951-8886-7721p0003.png,0.5601306,0.4398694
2019-10732-1-5-5_2019-05-28 16_40_29-lv1-37280-16311-8989-5437p0007.png,0.78060526,0.21939477
1900838001_2019-04-30 10_15_23-lv1-20231-15672-6703-7495p0033.png,0.37906048,0.62093955
D201802734_2019-05-14 15_33_06-lv1-34389-27289-3641-4065p0006.png,0.10893968,0.8910603
2019-11827-1-1-1_2019-05-28 14_14_04-lv1-38890-14353-5119-7083p0016.png,0.61469847,0.38530156
D20180498101_2019-05-14 14_58_30-lv1-29229-6658-7712-6180p0011.png,0.17570367,0.8242963
2019-08863-1-1-1_2019-05-29 00_31_57-lv1-26775-8699-9357-4453p0005.png,0.73529166,0.26470837
D20180102901_2019-05-21 09_38_51-lv1-36547-27341-10626-9816p0032.png,0.26393878,0.7360612
2019-10732-1-6-6_2019-05-28 16_33_17-lv1-43103-2848-6491-8333p0028.png,0.75919944,0.24080056
D201707788_2019-05-14 14_05_34-lv1-2777-15975-12688-9314p0025.png,0.10501547,0.89498454
D20190296201_2019-06-10 14_50_28-lv1-29513-27821-9198-12108p0052.png,0.4193232,0.5806768
2019-10732-1-4-4_2019-05-28 16_46_57-lv1-30727-24050-5932-6576p0042.png,0.7018734,0.2981266
2019-06-11 09_15_18-lv1-14414-13849-6581-6338p0006.png,0.40669596,0.59330404
2019-06-11 09_15_18-lv1-23037-23173-3077-4387p0010.png,0.43514463,0.56485534
2019-08241-1-1-1_2019-05-29 01_13_54-lv1-36385-6963-3544-4165p0006.png,0.77417135,0.2258287
2019-08974-1-1-1_2019-05-28 23_56_10-lv1-53379-9747-9811-5861p0049.png,0.53064895,0.46935105
1902369001_2019-06-11 12_30_17-lv1-24621-16433-4669-6003p0007.png,0.18815966,0.8118403
1901558001_2019-04-30 10_24_11-lv1-50393-31270-4213-7808p0010.png,0.1814427,0.8185574
D201707227_2019-05-14 13_49_08-lv1-535-16796-26010-19568p0024.png,0.19404449,0.8059556
2019-10732-1-4-4_2019-05-28 16_46_57-lv1-36798-25730-4427-4159p0008.png,0.7197557,0.28024432
2019-08980-1-2-2_2019-05-28 21_32_39-lv1-68883-9330-4175-5937p0022.png,0.650876,0.349124
D20190296201_2019-06-10 14_50_28-lv1-29513-27821-9198-12108p0001.png,0.25467926,0.74532074
2019-05890-1-1-1_2019-05-29 04_16_22-lv1-32976-4306-7960-8482p0024.png,0.33058277,0.66941726
2019-05890-1-1-1_2019-05-29 04_16_22-lv1-25799-22836-8286-7829p0049.png,0.62242514,0.3775749
D201803519_2019-05-14 15_14_44-lv1-28486-26603-10590-9935p0051.png,0.15397707,0.84602296
2019-08886-1-1-1_2019-05-29 00_21_36-lv1-49044-5996-4707-4384p0001.png,0.65173787,0.34826213
2019-08261-1-1-1_2019-05-29 01_05_21-lv1-42127-18322-5674-3309p0017.png,0.40858987,0.5914101
2019-07460-1-2-2_2019-05-29 08_55_54-lv1-40848-18265-2155-3546p0006.png,0.45903945,0.54096055
2019-10503-1-1-1_2019-05-28 17_51_26-lv1-29114-7260-2985-14450p0038.png,0.37199077,0.6280092
D20190284802_2019-06-10 15_06_21-lv1-30021-14980-3810-4071p0002.png,0.56699306,0.43300697
D20180723001_2019-06-10 13_01_20-lv1-17394-12710-6236-5782p0014.png,0.56588984,0.43411025
2019-05890-1-3-3_2019-05-29 04_02_08-lv1-39051-13417-5674-2541p0001.png,0.74457794,0.25542203
2019-06-11 00_46_38-lv1-3641-3675-3908-5775p0015.png,0.31409508,0.685905
D20170951201_2019-05-14 14_41_50-lv1-27257-23870-4628-6000p0024.png,0.1462464,0.8537536
2019-08974-1-4-4_2019-05-28 23_27_16-lv1-43017-11764-6185-6306p0016.png,0.74559534,0.25440466
2019-10732-1-2-2_2019-05-28 17_07_02-lv1-20190-24783-6547-8251p0048.png,0.32209715,0.6779029
2019-07503-1-3-3_2019-05-29 06_41_43-lv1-36370-19523-6217-5844p0003.png,0.5572326,0.4427674
2019-10732-1-2-2_2019-05-28 17_07_02-lv1-20190-24783-6547-8251p0012.png,0.7949652,0.20503484
D20170568101_2019-05-14 12_34_44-lv1-35797-21670-3404-1975p0004.png,0.40448663,0.59551334
2019-05890-1-5-5_2019-05-29 03_46_25-lv1-10646-28473-10848-8938p0070.png,0.70495,0.29505
2019-10507-1-1-1_2019-05-28 17_41_21-lv1-32379-4783-6197-6790p0001.png,0.38800076,0.6119993
D20170502603_2019-05-14 11_39_00-lv1-322-6285-19314-22701p0154.png,0.15680887,0.8431912
2019-08976-1-3-3_2019-05-28 22_53_15-lv1-33161-13840-6341-3222p0011.png,0.4150315,0.58496857
2019-05890-1-1-1_2019-05-29 04_16_22-lv1-32976-4306-7960-8482p0007.png,0.37788427,0.6221157
2019-08980-1-1-1_2019-05-28 21_41_50-lv1-52872-25008-3867-3778p0012.png,0.6023958,0.39760423
2019-08979-1-5-5_2019-05-28 22_01_00-lv1-42518-23241-6676-7789p0022.png,0.8528656,0.14713435
2019-08972-1-1-1_2019-05-29 00_06_22-lv1-43192-9800-4958-3383p0013.png,0.75679433,0.2432057
2019-09687-1-1-1_2019-05-28 19_57_12-lv1-49087-30726-6141-5333p0013.png,0.3264225,0.67357755
1902427001_2019-06-11 12_12_29-lv1-18613-16414-3481-3606p0009.png,0.14950018,0.85049987
D20170502603_2019-05-14 11_39_00-lv1-322-6285-19314-22701p0015.png,0.18536755,0.8146325
2019-07506-1-4-4_2019-05-29 01_58_32-lv1-17822-9656-3294-5907p0005.png,0.27393395,0.72606605
D20190296201_2019-06-10 14_50_28-lv1-29513-27821-9198-12108p0025.png,0.13593937,0.8640606
D201802733_2019-05-14 15_48_17-lv1-27927-31736-4219-5542p0002.png,0.38864663,0.61135334
2019-08980-1-1-1_2019-05-28 21_41_50-lv1-56141-20419-6353-6092p0008.png,0.6267794,0.3732206
D20170502603_2019-05-14 11_39_00-lv1-322-6285-19314-22701p0065.png,0.12195889,0.87804115
2019-07502-1-1-1_2019-05-29 07_14_13-lv1-37002-16572-4175-7633p0015.png,0.79510075,0.20489936
2019-06-11 09_15_18-lv1-14414-13849-6581-6338p0041.png,0.54820734,0.45179263
2018_78758_1-1_2019-02-21 01_17_57-lv1-12181-25196-6860-3083p0003.png,0.17829505,0.821705
2019-08895-1-1-1_2019-05-29 00_16_03-lv1-18024-33741-5509-2953p0005.png,0.47457397,0.5254261
D20180723501_2019-06-10 13_47_37-lv1-15778-1569-3997-4912p0013.png,0.346373,0.65362704
2019-07498-1-1-1_2019-05-29 08_39_10-lv1-37980-7135-8091-5797p0019.png,0.77650064,0.2234993
2019-10737-1-6-6_2019-05-28 15_47_35-lv1-19582-23423-8743-5611p0033.png,0.87084234,0.12915766
D20180792401_2019-05-21 13_38_34-lv1-29203-23944-15780-12986p0049.png,0.33891317,0.66108686
2019-10296-1-1-1_2019-05-28 18_05_02-lv1-56485-13239-6689-7042p0049.png,0.30654797,0.693452
D20180498101_2019-05-14 14_58_30-lv1-29229-6658-7712-6180p0034.png,0.10988166,0.8901184
2019-10737-1-4-4_2019-05-28 16_02_11-lv1-21062-7815-8844-9859p0003.png,0.83366823,0.16633177
2019-07506-1-5-5_2019-05-29 06_09_14-lv1-9703-21958-4456-10026p0028.png,0.3250935,0.6749064
2019-10946-1-1-1_2019-05-28 15_40_39-lv1-37765-7438-4110-7111p0016.png,0.41609716,0.5839029
D20170502603_2019-05-14 11_39_00-lv1-322-6285-19314-22701p0362.png,0.15713689,0.84286314
2019-07805-1-1-1_2019-05-29 05_23_08-lv1-34745-28963-3989-6403p0011.png,0.6389134,0.36108667
1901940-1_2019-04-30 10_30_47-lv1-44085-11603-3541-4701p0009.png,0.337034,0.66296595
D20170584502_2019-05-14 12_43_57-lv1-863-489-13565-15647p0015.png,0.21343645,0.7865635
2019_01120_1-1_2019-02-20 19_18_16-lv1-27199-14351-3144-2966p0008.png,0.37421408,0.62578595
2019-07501-1-4-4_2019-05-29 07_36_59-lv1-43309-12585-7519-4764p0018.png,0.53344494,0.46655512
1900769002_2019-06-11 13_19_00-lv1-16645-13460-4716-4003p0012.png,0.653653,0.34634697
2019-08980-1-1-1_2019-05-28 21_41_50-lv1-56141-20419-6353-6092p0031.png,0.32857966,0.67142034
2019_05944_1-1_2019-02-20 20_42_06-lv1-32250-15753-7640-5376p0010.png,0.4472047,0.5527953
D20170502603_2019-05-14 11_39_00-lv1-322-6285-19314-22701p0051.png,0.12707794,0.87292206
2019-09687-1-1-1_2019-05-28 19_57_12-lv1-60101-8892-4289-3546p0003.png,0.72278774,0.27721223
2019-07498-1-1-1_2019-05-29 08_39_10-lv1-37980-7135-8091-5797p0031.png,0.7093263,0.29067373
2019-06-11 09_15_18-lv1-20478-17628-3991-6155p0020.png,0.43698373,0.5630163
2019_03867_1-1_2019-02-20 20_00_32-lv1-31886-30525-3881-4663p0004.png,0.4917851,0.50821483
2019-05890-1-1-1_2019-05-29 04_16_22-lv1-32976-4306-7960-8482p0003.png,0.3462524,0.6537476
2019-07805-1-1-1_2019-05-29 05_23_08-lv1-34745-28963-3989-6403p0023.png,0.31123945,0.6887606
2019-10732-1-2-2_2019-05-28 17_07_02-lv1-20190-24783-6547-8251p0005.png,0.5339083,0.4660917
D201802733_2019-05-14 15_48_17-lv1-36444-25037-3635-5520p0010.png,0.22690187,0.77309805
1902386001_2019-06-11 12_18_33-lv1-33049-11892-1612-1165p0001.png,0.58960605,0.41039392
2019-08886-1-1-1_2019-05-29 00_21_36-lv1-49044-5996-4707-4384p0017.png,0.22102718,0.7789728
2019-05890-1-5-5_2019-05-29 03_46_25-lv1-10646-28473-10848-8938p0059.png,0.83773035,0.16226974
1800769002_2019-06-11 13_32_47-lv1-41963-16720-2440-1801p0002.png,0.7237868,0.27621326
1902386001_2019-06-11 12_18_33-lv1-31989-4782-3653-3170p0007.png,0.44173893,0.5582611
D20180723001_2019-06-10 13_01_20-lv1-17394-12710-6236-5782p0008.png,0.64298296,0.35701707
D20180792401_2019-05-21 13_38_34-lv1-29203-23944-15780-12986p0084.png,0.23617887,0.7638211
2019-07506-1-3-3_2019-05-29 06_19_09-lv1-26994-7875-5933-4397p0015.png,0.34848288,0.6515171
D20190284802_2019-06-10 15_06_21-lv1-34384-14661-5589-4144p0025.png,0.58819336,0.41180667
2019-08979-1-3-3_2019-05-28 22_17_51-lv1-42656-17844-6415-7137p0026.png,0.7395156,0.26048437
D20190445103_2019-06-10 14_26_02-lv1-16400-15396-5392-7030p0003.png,0.7135768,0.28642324
2019-10732-1-4-4_2019-05-28 16_46_57-lv1-30727-24050-5932-6576p0002.png,0.71728647,0.28271353
2019-11827-1-1-1_2019-05-28 14_14_04-lv1-38890-14353-5119-7083p0024.png,0.7345044,0.26549563
2019-08979-1-3-3_2019-05-28 22_17_51-lv1-42656-17844-6415-7137p0027.png,0.8448042,0.15519574
2019-10504-1-1-1_2019-05-28 17_44_07-lv1-28687-3202-15210-8684p0046.png,0.67050105,0.32949895
2019_04115_1-1_2019-02-20 20_13_37-lv1-40690-7875-4758-4116p0010.png,0.2350002,0.76499987
D20170502603_2019-05-14 11_39_00-lv1-322-6285-19314-22701p0367.png,0.10938216,0.8906178
D20180177401_2019-05-14 16_20_21-lv1-32193-32343-3516-6088p0016.png,0.2116108,0.7883892
2019-07506-1-1-1_2019-05-29 06_34_07-lv1-31721-10829-5554-3640p0006.png,0.6118312,0.38816887
2019_03867_1-1_2019-02-20 20_00_32-lv1-36172-15430-6105-5822p0001.png,0.62206095,0.377939
2019_03867_1-1_2019-02-20 20_00_32-lv1-35269-34259-4448-4137p0013.png,0.21632704,0.783673
D20170502603_2019-05-14 11_39_00-lv1-322-6285-19314-22701p0303.png,0.16303225,0.83696777
2019-10732-1-5-5_2019-05-28 16_40_29-lv1-37280-16311-8989-5437p0024.png,0.5047434,0.4952566
D20180102901_2019-05-21 09_38_51-lv1-36547-27341-10626-9816p0083.png,0.31538782,0.6846122
2019-07501-1-1-1_2019-05-29 08_22_25-lv1-8582-14509-4265-3814p0005.png,0.5772663,0.4227338
2019-06-11 00_58_36-lv1-820-6042-6546-12714p0047.png,0.2042011,0.7957989
2019-10504-1-1-1_2019-05-28 17_44_07-lv1-28687-3202-15210-8684p0033.png,0.54175895,0.45824105
2019-06-11 09_15_18-lv1-23037-23173-3077-4387p0004.png,0.40772116,0.5922788
D20170518201_2019-05-14 12_05_30-lv1-30277-26951-8886-7721p0005.png,0.14601725,0.8539828
D201802734_2019-05-14 15_33_06-lv1-27790-35298-7029-4792p0006.png,0.12498161,0.8750184
2019-11827-1-1-1_2019-05-28 14_14_04-lv1-37745-31126-5181-7796p0005.png,0.7364207,0.26357928
2019_04115_1-1_2019-02-20 20_13_37-lv1-40690-7875-4758-4116p0003.png,0.29035127,0.70964867
2019-10737-1-6-6_2019-05-28 15_47_35-lv1-19582-23423-8743-5611p0039.png,0.73904175,0.26095822
D20180498101_2019-05-14 14_58_30-lv1-31412-229-5257-6451p0022.png,0.4819386,0.5180614
2019-08241-1-1-1_2019-05-29 01_13_54-lv1-35328-31088-2673-4290p0010.png,0.75090194,0.24909803
D20190445003_2019-06-10 14_30_16-lv1-19280-4446-1982-3545p0004.png,0.47115865,0.5288414
D20181047302_2019-06-10 11_38_18-lv1-2363-24324-4352-3675p0003.png,0.52562696,0.474373
D20190296201_2019-06-10 14_50_28-lv1-29513-27821-9198-12108p0017.png,0.22307424,0.77692574
D20170584502_2019-05-14 12_43_57-lv1-14744-78-19212-20032p0048.png,0.15081364,0.8491864
D20170584502_2019-05-14 12_43_57-lv1-14744-78-19212-20032p0080.png,0.13774647,0.86225355
2019_01246_1-1_2019-02-20 19_23_52-lv1-43392-4103-4387-2023p0005.png,0.80479586,0.19520415
2019-08863-1-1-1_2019-05-29 00_31_57-lv1-32806-16421-3156-2705p0006.png,0.45998824,0.54001176
2019_03867_1-1_2019-02-20 20_00_32-lv1-45818-32740-4663-5324p0021.png,0.17648658,0.82351345
2019-10213-1-1-1_2019-05-28 18_22_44-lv1-36516-19964-3912-3677p0012.png,0.54412377,0.4558763
D20180715202_2019-05-21 13_14_56-lv1-26524-21829-4504-4625p0010.png,0.42258388,0.5774161
2019-11842-1-1-1_2019-05-28 14_22_48-lv1-39336-11723-3567-4332p0016.png,0.7104856,0.28951436
2019-10503-1-1-1_2019-05-28 17_51_26-lv1-29114-7260-2985-14450p0011.png,0.5099821,0.49001792
D20180723501_2019-06-10 13_47_37-lv1-5074-30454-4941-5296p0010.png,0.6040774,0.39592257
D20170502603_2019-05-14 11_39_00-lv1-322-6285-19314-22701p0289.png,0.23703198,0.762968
2018_78758_1-1_2019-02-21 01_17_57-lv1-12181-25196-6860-3083p0017.png,0.1612372,0.8387628
2019-10728-1-1-1_2019-05-29 10_20_36-lv1-41932-8116-7680-8493p0038.png,0.6905062,0.30949375
D20190284902_2019-06-10 15_02_38-lv1-16068-3027-6315-4228p0017.png,0.5617885,0.43821147
D20180102901_2019-05-21 09_38_51-lv1-36547-27341-10626-9816p0066.png,0.29564258,0.7043574
D20190445003_2019-06-10 14_30_16-lv1-17239-5355-2025-3631p0003.png,0.79455507,0.20544496
2019-07806-1-1-1_2019-05-29 02_30_26-lv1-45859-24463-4952-4414p0012.png,0.37237516,0.62762487
2019-10732-1-6-6_2019-05-28 16_33_17-lv1-43103-2848-6491-8333p0001.png,0.6674033,0.33259672
2019-08979-1-1-1_2019-05-28 22_36_37-lv1-43414-9050-8560-10324p0034.png,0.33332807,0.66667193
2019-05890-1-1-1_2019-05-29 04_16_22-lv1-25799-22836-8286-7829p0036.png,0.25721613,0.74278384
2019-10732-1-4-4_2019-05-28 16_46_57-lv1-36798-25730-4427-4159p0017.png,0.83709896,0.16290101
2019-07503-1-3-3_2019-05-29 06_41_43-lv1-36370-19523-6217-5844p0030.png,0.37113047,0.62886953
1901067001_2019-04-30 10_36_04-lv1-20509-14477-2904-3369p0001.png,0.26894313,0.7310568
D20170518201_2019-05-14 12_05_30-lv1-39509-31959-5934-5127p0009.png,0.12718242,0.8728176
1901558001_2019-04-30 10_24_11-lv1-53781-36766-3290-3779p0005.png,0.19830966,0.80169034
2019-06-04 17_03_06-lv1-29057-9447-5532-3914p0010.png,0.6645276,0.33547238
2019-08974-1-1-1_2019-05-28 23_56_10-lv1-53379-9747-9811-5861p0043.png,0.4980988,0.5019012
2019-10732-1-2-2_2019-05-28 17_07_02-lv1-20190-24783-6547-8251p0039.png,0.3445111,0.65548897
2019-07498-1-2-2_2019-05-29 08_30_31-lv1-25906-27222-11411-7160p0027.png,0.40998736,0.5900126
2019_03867_1-1_2019-02-20 20_00_32-lv1-35269-34259-4448-4137p0014.png,0.3731854,0.6268146
2019_07303_1-1_2019-02-20 20_59_23-lv1-57476-14485-5363-6246p0014.png,0.24356171,0.75643826
2019-08976-1-3-3_2019-05-28 22_53_15-lv1-31393-5940-12318-3950p0022.png,0.43639225,0.56360775
D201710920_2019-05-21 11_52_57-lv1-33661-31501-7087-7660p0001.png,0.46045017,0.5395498
2019-06-11 00_48_57-lv1-26526-12299-2741-2793p0008.png,0.26845336,0.73154664
D20190445003_2019-06-10 14_30_16-lv1-17239-5355-2025-3631p0007.png,0.65719604,0.34280396
2019-06-11 01_00_50-lv1-1956-12720-11095-7901p0071.png,0.5621714,0.4378286
1902386002_2019-06-11 12_23_22-lv1-38745-14876-5611-7177p0043.png,0.11348587,0.8865142
1800769002_2019-06-11 13_32_47-lv1-38941-15268-2353-4445p0004.png,0.68509734,0.31490254
2019-08261-1-1-1_2019-05-29 01_05_21-lv1-42127-18322-5674-3309p0018.png,0.7058215,0.2941785
D20170502603_2019-05-14 11_39_00-lv1-322-6285-19314-22701p0251.png,0.14674318,0.8532568
2019-07498-1-2-2_2019-05-29 08_30_31-lv1-46489-6224-11088-8360p0022.png,0.24930046,0.7506995
D20170362101_2019-05-14 10_54_29-lv1-36452-24059-2947-5151p0016.png,0.20527469,0.79472536
D20170951201_2019-05-14 14_41_50-lv1-27257-23870-4628-6000p0020.png,0.42259315,0.5774068
2019-08980-1-1-1_2019-05-28 21_41_50-lv1-56765-26949-3230-2467p0005.png,0.4356978,0.56430215
D20170502603_2019-05-14 11_39_00-lv1-322-6285-19314-22701p0376.png,0.16328426,0.8367158
1902160001_2019-06-11 12_36_32-lv1-42822-14737-4416-4096p0003.png,0.68186307,0.318137
2019-06-11 09_15_18-lv1-14414-13849-6581-6338p0032.png,0.4748447,0.52515537
D201803519_2019-05-14 15_14_44-lv1-28486-26603-10590-9935p0005.png,0.24487755,0.7551225
D20170584502_2019-05-14 12_43_57-lv1-14744-78-19212-20032p0071.png,0.14561063,0.85438925
2019-06-04 17_03_06-lv1-29057-9447-5532-3914p0007.png,0.53538096,0.464619
D20170502603_2019-05-14 11_39_00-lv1-322-6285-19314-22701p0007.png,0.1898255,0.81017447
2019_05944_1-1_2019-02-20 20_42_06-lv1-32250-15753-7640-5376p0003.png,0.24419665,0.7558033
D20170502603_2019-05-14 11_39_00-lv1-322-6285-19314-22701p0177.png,0.13055985,0.86944014
1902427001_2019-06-11 12_12_29-lv1-18613-16414-3481-3606p0010.png,0.15314656,0.8468534
2019_05944_1-1_2019-02-20 20_42_06-lv1-39021-20282-4099-4249p0006.png,0.14029679,0.8597032
2019-10737-1-4-4_2019-05-28 16_02_11-lv1-21062-7815-8844-9859p0057.png,0.8462145,0.1537855
2019-07498-1-2-2_2019-05-29 08_30_31-lv1-46489-6224-11088-8360p0075.png,0.15056278,0.8494372
D20180792401_2019-05-21 13_38_34-lv1-29203-23944-15780-12986p0001.png,0.4213932,0.5786068
2019-08976-1-3-3_2019-05-28 22_53_15-lv1-27053-7624-4195-3178p0014.png,0.7163667,0.28363332
2018_83220_1-1_2019-02-20 18_33_11-lv1-62292-40863-3519-3237p0004.png,0.40329725,0.59670275
2019-08974-1-1-1_2019-05-28 23_56_10-lv1-53379-9747-9811-5861p0051.png,0.45855415,0.54144585
2019-07502-1-1-1_2019-05-29 07_14_13-lv1-37002-16572-4175-7633p0008.png,0.48165408,0.5183459
D201710920_2019-05-21 11_52_57-lv1-27184-25058-6217-9485p0010.png,0.2684712,0.7315287
1902386002_2019-06-11 12_23_22-lv1-22889-36998-6328-5024p0023.png,0.5212573,0.47874275
2019-05891-1-4-4_2019-05-29 03_22_47-lv1-36685-4784-4743-4585p0003.png,0.72894174,0.27105817
D20170502603_2019-05-14 11_39_00-lv1-322-6285-19314-22701p0175.png,0.08368273,0.9163173
2019-08974-1-1-1_2019-05-28 23_56_10-lv1-53379-9747-9811-5861p0011.png,0.57801694,0.42198312
1901558001_2019-04-30 10_24_11-lv1-54922-32041-3594-3236p0002.png,0.25372967,0.7462703
2019-08980-1-3-3_2019-05-28 21_23_16-lv1-46154-12136-4958-4110p0027.png,0.8843806,0.11561948
1903326001_2019-06-11 12_07_06-lv1-22710-30692-2579-4062p0008.png,0.27325782,0.72674215
2019-08974-1-1-1_2019-05-28 23_56_10-lv1-33437-26695-7518-8983p0037.png,0.49490845,0.5050916
D20190296201_2019-06-10 14_50_28-lv1-38715-30688-5386-8775p0018.png,0.419434,0.58056605
2019-10965-1-1-1_2019-05-28 15_12_46-lv1-41393-10795-4607-7564p0003.png,0.49387568,0.5061243
2019-10327-1-1-1_2019-05-28 17_55_39-lv1-34492-22003-4074-4533p0011.png,0.31386498,0.68613505
2019-10507-1-1-1_2019-05-28 17_41_21-lv1-32379-4783-6197-6790p0005.png,0.54739136,0.45260867
2019-07501-1-3-3_2019-05-29 07_53_41-lv1-28802-27730-4306-8351p0008.png,0.6529494,0.34705064
D201801775B_2019-05-14 16_11_32-lv1-26580-33647-6698-6192p0009.png,0.30036074,0.69963926
D20180792401_2019-05-21 13_38_34-lv1-29203-23944-15780-12986p0040.png,0.2622439,0.73775613
2019-06-11 00_58_36-lv1-820-6042-6546-12714p0012.png,0.29551396,0.704486
2019-08979-1-6-6_2019-05-28 21_52_03-lv1-42127-12400-6222-8663p0027.png,0.8260016,0.17399836
2019-07460-1-2-2_2019-05-29 08_55_54-lv1-36101-18184-4447-2892p0009.png,0.45207623,0.5479238
2019-06-11 01_00_50-lv1-1956-12720-11095-7901p0085.png,0.7029502,0.29704988
2019-08980-1-2-2_2019-05-28 21_32_39-lv1-57725-8547-5676-5415p0013.png,0.22319327,0.7768068
D20180723001_2019-06-10 13_01_20-lv1-17394-12710-6236-5782p0018.png,0.59135586,0.4086441
D20180792401_2019-05-21 13_38_34-lv1-29203-23944-15780-12986p0098.png,0.35928047,0.6407195
2019-11842-1-1-1_2019-05-28 14_22_48-lv1-39336-11723-3567-4332p0002.png,0.7427929,0.25720713
D201801775B_2019-05-14 16_11_32-lv1-26744-26137-5178-7271p0004.png,0.5322771,0.4677229
1901940-1_2019-04-30 10_30_47-lv1-40561-17303-4906-4343p0004.png,0.43757588,0.5624241
D20180792401_2019-05-21 13_38_34-lv1-29203-23944-15780-12986p0010.png,0.14205979,0.85794014
2019-07805-1-1-1_2019-05-29 05_23_08-lv1-38935-29409-9948-4414p0029.png,0.22759853,0.77240145
2019-08261-1-1-1_2019-05-29 01_05_21-lv1-45083-13771-4787-2600p0008.png,0.29936928,0.7006307
D20180102901_2019-05-21 09_38_51-lv1-36547-27341-10626-9816p0053.png,0.22957352,0.77042645
2019-07506-1-2-2_2019-05-29 06_26_57-lv1-26134-9614-4893-5181p0021.png,0.494656,0.505344
D20170584502_2019-05-14 12_43_57-lv1-863-489-13565-15647p0029.png,0.196891,0.80310893
D201711541_2019-05-21 11_28_51-lv1-32674-26736-3766-4770p0013.png,0.11565991,0.8843401
D201710920_2019-05-21 11_52_57-lv1-27184-25058-6217-9485p0004.png,0.36820891,0.63179106
D20190445103_2019-06-10 14_26_02-lv1-16400-15396-5392-7030p0008.png,0.79303175,0.20696823
D20170362101_2019-05-14 10_54_29-lv1-29935-31527-7716-4964p0011.png,0.37282833,0.6271717
2018_83220_1-1_2019-02-20 18_33_11-lv1-59641-33027-4844-3976p0010.png,0.29720235,0.70279765
2019-10620-1-1-1_2019-05-28 17_28_41-lv1-41477-15784-5544-4164p0020.png,0.6785616,0.3214384
2019_01120_1-1_2019-02-20 19_18_16-lv1-26931-18678-2999-4248p0005.png,0.19884747,0.80115247
2019_05944_1-1_2019-02-20 20_42_06-lv1-32250-15753-7640-5376p0002.png,0.29596233,0.70403767
2018_78758_1-1_2019-02-21 01_17_57-lv1-19474-24877-4448-4084p0012.png,0.25228333,0.74771667
2019_05944_1-1_2019-02-20 20_42_06-lv1-39021-20282-4099-4249p0010.png,0.12238896,0.87761104
2019-08886-1-1-1_2019-05-29 00_21_36-lv1-49044-5996-4707-4384p0015.png,0.18808997,0.81191
1901558001_2019-04-30 10_24_11-lv1-53781-36766-3290-3779p0004.png,0.4007646,0.5992354
2018_78758_1-1_2019-02-21 01_17_57-lv1-19474-24877-4448-4084p0007.png,0.4337836,0.5662164
D20180591902_2019-06-10 13_28_09-lv1-1674-15873-4963-2856p0015.png,0.57825136,0.42174864
2019-08974-1-3-3_2019-05-28 23_36_34-lv1-47912-7170-4032-4565p0001.png,0.787959,0.21204108
1901940-1_2019-04-30 10_30_47-lv1-40561-17303-4906-4343p0019.png,0.12931952,0.87068045
2019-07506-1-1-1_2019-05-29 06_34_07-lv1-31721-10829-5554-3640p0007.png,0.39426336,0.6057366
2019-10732-1-1-1_2019-05-28 17_14_07-lv1-33615-23595-7025-4639p0009.png,0.7070227,0.29297727
2019-10737-1-6-6_2019-05-28 15_47_35-lv1-19582-23423-8743-5611p0010.png,0.9028208,0.09717922
D20170502603_2019-05-14 11_39_00-lv1-322-6285-19314-22701p0066.png,0.09618062,0.9038194
D20190284705_2019-06-10 15_10_34-lv1-15598-12648-5733-5319p0001.png,0.8611,0.13889997
D20170584502_2019-05-14 12_43_57-lv1-14744-78-19212-20032p0024.png,0.19844209,0.8015579
2019-10507-1-1-1_2019-05-28 17_41_21-lv1-32379-4783-6197-6790p0024.png,0.73016,0.26984006
D20180792401_2019-05-21 13_38_34-lv1-29203-23944-15780-12986p0088.png,0.45561275,0.5443873
2019_01120_1-1_2019-02-20 19_18_16-lv1-26931-18678-2999-4248p0009.png,0.48066667,0.51933336
2019-10195-1-1-1_2019-05-28 19_21_29-lv1-40740-12918-6524-8677p0012.png,0.303572,0.69642806
D20170502603_2019-05-14 11_39_00-lv1-322-6285-19314-22701p0316.png,0.19588034,0.8041196
D20180498101_2019-05-14 14_58_30-lv1-29229-6658-7712-6180p0003.png,0.13569044,0.86430955
2019-09674-1-1-1_2019-05-28 20_06_49-lv1-53580-23000-5828-6432p0002.png,0.3818477,0.61815226
2019-08979-1-1-1_2019-05-28 22_36_37-lv1-43414-9050-8560-10324p0004.png,0.5598071,0.4401929
2019-08976-1-4-4_2019-05-28 22_46_07-lv1-37015-6427-4484-5834p0013.png,0.20540698,0.7945931
D20170502603_2019-05-14 11_39_00-lv1-322-6285-19314-22701p0204.png,0.1238031,0.87619686
2019-10507-1-1-1_2019-05-28 17_41_21-lv1-32379-4783-6197-6790p0034.png,0.523055,0.476945
2018_83253_1-1_2019-02-20 18_38_45-lv1-5875-22018-4790-4840p0010.png,0.71567094,0.2843291
2019-08980-1-1-1_2019-05-28 21_41_50-lv1-56141-20419-6353-6092p0016.png,0.8173927,0.18260732
D20190284802_2019-06-10 15_06_21-lv1-34384-14661-5589-4144p0011.png,0.2941363,0.70586365
2019-05890-1-1-1_2019-05-29 04_16_22-lv1-32976-4306-7960-8482p0042.png,0.7229612,0.27703878
2019-08980-1-1-1_2019-05-28 21_41_50-lv1-56141-20419-6353-6092p0017.png,0.6974754,0.30252463
2019-10737-1-4-4_2019-05-28 16_02_11-lv1-21062-7815-8844-9859p0043.png,0.8052868,0.19471318
1900838001_2019-04-30 10_15_23-lv1-20231-15672-6703-7495p0043.png,0.44152936,0.55847067
2019-08976-1-3-3_2019-05-28 22_53_15-lv1-31393-5940-12318-3950p0016.png,0.68984413,0.3101559
D20170502603_2019-05-14 11_39_00-lv1-322-6285-19314-22701p0152.png,0.13748986,0.86251014
2019-08976-1-3-3_2019-05-28 22_53_15-lv1-33161-13840-6341-3222p0003.png,0.58161736,0.41838264
2019_04115_1-1_2019-02-20 20_13_37-lv1-40690-7875-4758-4116p0014.png,0.50370026,0.49629977
D201710920_2019-05-21 11_52_57-lv1-33661-31501-7087-7660p0009.png,0.33013508,0.66986495
D20170584502_2019-05-14 12_43_57-lv1-14744-78-19212-20032p0009.png,0.19391422,0.8060858
1902369001_2019-06-11 12_30_17-lv1-20073-15402-4002-4366p0014.png,0.1289511,0.87104887
2019-06-11 00_55_09-lv1-28455-933-3881-4470p0018.png,0.3127935,0.6872065
1902386002_2019-06-11 12_23_22-lv1-22824-31253-5676-4175p0005.png,0.4395623,0.5604378
2019-10946-1-1-1_2019-05-28 15_40_39-lv1-37765-7438-4110-7111p0002.png,0.6186179,0.3813821
2019-10732-1-1-1_2019-05-28 17_14_07-lv1-33615-23595-7025-4639p0008.png,0.7657952,0.23420475
D20170502603_2019-05-14 11_39_00-lv1-322-6285-19314-22701p0304.png,0.14916728,0.8508327
2019-11827-1-1-1_2019-05-28 14_14_04-lv1-38890-14353-5119-7083p0017.png,0.424877,0.5751231
2019-07501-1-1-1_2019-05-29 08_22_25-lv1-8582-14509-4265-3814p0013.png,0.46222627,0.53777367
2019-10732-1-6-6_2019-05-28 16_33_17-lv1-43103-2848-6491-8333p0006.png,0.7305481,0.26945195
2019-10728-1-1-1_2019-05-29 10_20_36-lv1-41932-8116-7680-8493p0012.png,0.839962,0.160038
2019-07806-1-1-1_2019-05-29 02_30_26-lv1-45859-24463-4952-4414p0020.png,0.6019862,0.39801377
2019-05891-1-5-5_2019-05-29 03_17_43-lv1-25593-21588-2499-4555p0002.png,0.8495128,0.15048718
D20180498101_2019-05-14 14_58_30-lv1-29229-6658-7712-6180p0001.png,0.18380263,0.81619734
D20180586802_2019-06-10 13_31_46-lv1-25458-17933-4214-2341p0001.png,0.8238015,0.17619842
D20181284101_2019-06-10 10_53_49-lv1-27192-17731-4406-2579p0008.png,0.6279372,0.37206277
D20180056701_2019-05-21 09_50_58-lv1-27237-28645-8099-3942p0005.png,0.2548928,0.7451072
D20170502603_2019-05-14 11_39_00-lv1-322-6285-19314-22701p0104.png,0.15314494,0.84685504
2018_78758_1-1_2019-02-21 01_17_57-lv1-19474-24877-4448-4084p0001.png,0.45094633,0.54905367
2019-07502-1-1-1_2019-05-29 07_14_13-lv1-45320-35367-4644-7384p0026.png,0.3103789,0.6896211
D20170568101_2019-05-14 12_34_44-lv1-32981-23308-6289-3057p0010.png,0.36222637,0.63777363
D201710920_2019-05-21 11_52_57-lv1-33661-31501-7087-7660p0002.png,0.4420845,0.5579155
2019-05890-1-4-4_2019-05-29 03_52_40-lv1-32907-20569-8446-9156p0033.png,0.7352368,0.2647632
2019-06-11 00_46_38-lv1-9591-8750-3967-5483p0020.png,0.49749392,0.5025061
2019-05891-1-4-4_2019-05-29 03_22_47-lv1-36685-4784-4743-4585p0007.png,0.7127672,0.2872328
2019-10732-1-5-5_2019-05-28 16_40_29-lv1-37280-16311-8989-5437p0025.png,0.7604675,0.23953243
2019-08974-1-5-5_2019-05-28 23_17_50-lv1-33952-9759-6526-5268p0042.png,0.64489603,0.355104
2019-06-11 00_58_36-lv1-820-6042-6546-12714p0095.png,0.8186504,0.18134956
1800127001_2019-04-30 10_40_02-lv1-7573-15422-4121-2549p0008.png,0.09587072,0.90412927
D20180723501_2019-06-10 13_47_37-lv1-15778-1569-3997-4912p0010.png,0.3207166,0.6792834
1902386002_2019-06-11 12_23_22-lv1-38745-14876-5611-7177p0018.png,0.1655432,0.8344568
D20180177401_2019-05-14 16_20_21-lv1-32896-24870-5099-5407p0017.png,0.14916356,0.85083646
D201707227_2019-05-14 13_49_08-lv1-535-16796-26010-19568p0004.png,0.16909336,0.8309066
D201707227_2019-05-14 13_49_08-lv1-535-16796-26010-19568p0010.png,0.26522934,0.7347707
D20180792401_2019-05-21 13_38_34-lv1-29203-23944-15780-12986p0112.png,0.32915413,0.67084587
2019-08261-1-1-1_2019-05-29 01_05_21-lv1-42127-18322-5674-3309p0015.png,0.25774685,0.7422531
1902386001_2019-06-11 12_18_33-lv1-31989-4782-3653-3170p0008.png,0.3650452,0.6349548
2019-10737-1-4-4_2019-05-28 16_02_11-lv1-21062-7815-8844-9859p0053.png,0.7322616,0.2677384
2019-10732-1-2-2_2019-05-28 17_07_02-lv1-20190-24783-6547-8251p0035.png,0.19642133,0.80357873
D20180177401_2019-05-14 16_20_21-lv1-32193-32343-3516-6088p0021.png,0.13759558,0.86240447
2019-06-11 09_15_18-lv1-14414-13849-6581-6338p0013.png,0.42444956,0.5755505
2019-10737-1-3-3_2019-05-28 16_09_09-lv1-33179-13494-5260-6326p0014.png,0.5856822,0.4143178
2019-05890-1-5-5_2019-05-29 03_46_25-lv1-10646-28473-10848-8938p0030.png,0.7629436,0.23705643
D20180498101_2019-05-14 14_58_30-lv1-31412-229-5257-6451p0010.png,0.30023104,0.69976896
2019-07498-1-2-2_2019-05-29 08_30_31-lv1-25906-27222-11411-7160p0036.png,0.22111963,0.7788804
D20170502603_2019-05-14 11_39_00-lv1-322-6285-19314-22701p0250.png,0.18642484,0.81357515
D201803519_2019-05-14 15_14_44-lv1-28486-26603-10590-9935p0014.png,0.20558432,0.79441565
D20180102901_2019-05-21 09_38_51-lv1-36547-27341-10626-9816p0004.png,0.38592747,0.61407256
2019-10737-1-3-3_2019-05-28 16_09_09-lv1-33179-13494-5260-6326p0012.png,0.52435035,0.47564968
2019-05890-1-3-3_2019-05-29 04_02_08-lv1-39051-13417-5674-2541p0008.png,0.7226616,0.2773384
2019-08974-1-3-3_2019-05-28 23_36_34-lv1-47912-7170-4032-4565p0014.png,0.6697604,0.33023956
2019_05944_1-1_2019-02-20 20_42_06-lv1-39021-20282-4099-4249p0014.png,0.7123413,0.28765878
2019-07806-1-1-1_2019-05-29 02_30_26-lv1-51709-27019-5595-4076p0007.png,0.22735468,0.77264535
D20180498101_2019-05-14 14_58_30-lv1-31412-229-5257-6451p0011.png,0.10900583,0.89099413
D201707788_2019-05-14 14_05_34-lv1-2777-15975-12688-9314p0017.png,0.08963401,0.91036594
2018_83253_1-1_2019-02-20 18_38_45-lv1-883-22059-4376-3680p0012.png,0.22834188,0.7716582
2019-08261-1-1-1_2019-05-29 01_05_21-lv1-45083-13771-4787-2600p0013.png,0.30465752,0.6953425
2019-07502-1-2-2_2019-05-29 07_05_35-lv1-40805-21573-6383-5024p0018.png,0.7415061,0.25849396
2019-08974-1-1-1_2019-05-28 23_56_10-lv1-33437-26695-7518-8983p0005.png,0.6071919,0.3928081
2019_07303_1-1_2019-02-20 20_59_23-lv1-57476-14485-5363-6246p0002.png,0.4083234,0.5916766
2019_07896_1-1_2019-02-20 21_18_02-lv1-8384-9043-4423-2459p0006.png,0.4898818,0.51011825
2019-05890-1-2-2_2019-05-29 04_09_56-lv1-19180-17662-3831-3352p0006.png,0.46187595,0.538124
1901558001_2019-04-30 10_24_11-lv1-53781-36766-3290-3779p0010.png,0.6355826,0.36441737
1902386002_2019-06-11 12_23_22-lv1-38745-14876-5611-7177p0014.png,0.42746687,0.5725331
D20170502603_2019-05-14 11_39_00-lv1-322-6285-19314-22701p0276.png,0.11134192,0.8886581
2019_07303_1-1_2019-02-20 20_59_23-lv1-55167-19441-3666-5307p0012.png,0.20175366,0.7982463
D20180498101_2019-05-14 14_58_30-lv1-29229-6658-7712-6180p0010.png,0.13533622,0.8646638
2019-06-11 01_00_50-lv1-1956-12720-11095-7901p0066.png,0.647837,0.352163
2018_83220_1-1_2019-02-20 18_33_11-lv1-62292-40863-3519-3237p0001.png,0.510321,0.48967895
2019-09687-1-1-1_2019-05-28 19_57_12-lv1-53049-5219-2479-2218p0003.png,0.47594267,0.52405727
2019-07805-1-1-1_2019-05-29 05_23_08-lv1-36211-36202-4081-3539p0010.png,0.5099357,0.4900643
2019-10737-1-6-6_2019-05-28 15_47_35-lv1-19582-23423-8743-5611p0027.png,0.7715041,0.228496
2019-06-11 00_58_36-lv1-820-6042-6546-12714p0027.png,0.34863445,0.6513655
2019_06193_1-1_2019-02-20 20_52_35-lv1-62184-33080-4772-3401p0015.png,0.31611425,0.6838858
2019-10732-1-5-5_2019-05-28 16_40_29-lv1-37280-16311-8989-5437p0030.png,0.75136584,0.24863414
D20180498101_2019-05-14 14_58_30-lv1-31412-229-5257-6451p0038.png,0.44599655,0.5540034
2019-08979-1-4-4_2019-05-28 22_09_04-lv1-57922-3131-4306-5937p0016.png,0.6179534,0.3820466
2019-10732-1-2-2_2019-05-28 17_07_02-lv1-20190-24783-6547-8251p0015.png,0.7649045,0.23509552
2019-07805-1-1-1_2019-05-29 05_23_08-lv1-36211-36202-4081-3539p0008.png,0.3700599,0.62994015
D20190284705_2019-06-10 15_10_34-lv1-15598-12648-5733-5319p0021.png,0.5507773,0.44922268
2019-08857-1-1-1_2019-05-29 00_37_12-lv1-51983-12331-6459-4436p0013.png,0.6415709,0.35842913
2019-11842-1-1-1_2019-05-28 14_22_48-lv1-39336-11723-3567-4332p0017.png,0.54462266,0.45537737
D20170951201_2019-05-14 14_41_50-lv1-28397-29427-7624-5334p0016.png,0.319622,0.680378
2019-06-11 09_15_18-lv1-14414-13849-6581-6338p0038.png,0.18377604,0.816224
D20170546301_2019-05-14 12_21_38-lv1-27588-24020-5800-7897p0003.png,0.17220923,0.82779074
D20190284802_2019-06-10 15_06_21-lv1-22139-12655-2839-4083p0002.png,0.55957836,0.44042167
D20170502603_2019-05-14 11_39_00-lv1-322-6285-19314-22701p0360.png,0.12268106,0.877319
2019-10195-1-2-2_2019-05-28 19_12_24-lv1-43980-10703-3804-4062p0005.png,0.51490754,0.4850925
D20190284802_2019-06-10 15_06_21-lv1-16310-12946-4950-3583p0008.png,0.47607577,0.52392423
2019-08979-1-4-4_2019-05-28 22_09_04-lv1-57922-3131-4306-5937p0007.png,0.7158699,0.28413007
2019-10732-1-5-5_2019-05-28 16_40_29-lv1-37280-16311-8989-5437p0017.png,0.66947395,0.33052602
D20170584502_2019-05-14 12_43_57-lv1-8718-14653-7634-8076p0021.png,0.19410697,0.80589306
D20180177401_2019-05-14 16_20_21-lv1-32896-24870-5099-5407p0003.png,0.3639648,0.6360352
D20170503802_2019-05-14 11_50_43-lv1-36345-35501-7085-3382p0002.png,0.54727703,0.4527229
D20170502603_2019-05-14 11_39_00-lv1-322-6285-19314-22701p0124.png,0.21081217,0.78918785
D20170584502_2019-05-14 12_43_57-lv1-14744-78-19212-20032p0054.png,0.12177818,0.87822187
D20180792401_2019-05-21 13_38_34-lv1-29203-23944-15780-12986p0021.png,0.21812803,0.781872
2019-10504-1-1-1_2019-05-28 17_44_07-lv1-28687-3202-15210-8684p0042.png,0.62788177,0.3721183
1901558001_2019-04-30 10_24_11-lv1-50393-31270-4213-7808p0009.png,0.23275642,0.7672436
2019-08980-1-2-2_2019-05-28 21_32_39-lv1-57725-8547-5676-5415p0018.png,0.73808134,0.26191863
D20180723001_2019-06-10 13_01_20-lv1-17394-12710-6236-5782p0001.png,0.6547051,0.34529492
D201802733_2019-05-14 15_48_17-lv1-27927-31736-4219-5542p0012.png,0.18887106,0.811129
D201709874_2019-05-21 12_42_42-lv1-26505-15151-4357-3590p0010.png,0.19191223,0.80808777
D20170502603_2019-05-14 11_39_00-lv1-322-6285-19314-22701p0096.png,0.15903181,0.84096813
D201802734_2019-05-14 15_33_06-lv1-33260-31641-4914-4572p0001.png,0.2839966,0.7160034
2019-10507-1-1-1_2019-05-28 17_41_21-lv1-32379-4783-6197-6790p0018.png,0.71039,0.28960994
2019-07805-1-1-1_2019-05-29 05_23_08-lv1-36211-36202-4081-3539p0009.png,0.3095819,0.69041806
D20180723001_2019-06-10 13_01_20-lv1-17394-12710-6236-5782p0009.png,0.71870255,0.28129745
D20170503802_2019-05-14 11_50_43-lv1-36345-35501-7085-3382p0006.png,0.31744272,0.6825572
2019-08140-1-1-1_2019-05-29 01_22_08-lv1-37576-9838-4308-5583p0018.png,0.56325585,0.43674415
2019-05890-1-5-5_2019-05-29 03_46_25-lv1-10646-28473-10848-8938p0069.png,0.51984924,0.48015067
D20170584502_2019-05-14 12_43_57-lv1-14744-78-19212-20032p0093.png,0.109841,0.89015895
D20170584502_2019-05-14 12_43_57-lv1-14744-78-19212-20032p0069.png,0.16702989,0.83297014
2019-10737-1-2-2_2019-05-28 16_19_15-lv1-30685-21461-7932-5491p0035.png,0.3516418,0.6483582
D20170502603_2019-05-14 11_39_00-lv1-322-6285-19314-22701p0301.png,0.10034673,0.89965326
2019-10732-1-6-6_2019-05-28 16_33_17-lv1-43103-2848-6491-8333p0036.png,0.59053177,0.4094682
D201803519_2019-05-14 15_14_44-lv1-28486-26603-10590-9935p0058.png,0.17296179,0.8270382
D20170518201_2019-05-14 12_05_30-lv1-39509-31959-5934-5127p0021.png,0.18185592,0.8181441
1903326001_2019-06-11 12_07_06-lv1-22710-30692-2579-4062p0002.png,0.49671796,0.50328207
2019-10732-1-2-2_2019-05-28 17_07_02-lv1-20190-24783-6547-8251p0049.png,0.40689683,0.5931032
2019-10965-1-1-1_2019-05-28 15_12_46-lv1-41393-10795-4607-7564p0002.png,0.61213964,0.38786036
D20180723501_2019-06-10 13_47_37-lv1-15778-1569-3997-4912p0011.png,0.48499644,0.5150035
1902369001_2019-06-11 12_30_17-lv1-20073-15402-4002-4366p0020.png,0.1573439,0.84265614
D20170584502_2019-05-14 12_43_57-lv1-8718-14653-7634-8076p0045.png,0.16679908,0.83320093
D20170951201_2019-05-14 14_41_50-lv1-28397-29427-7624-5334p0022.png,0.17403919,0.8259609
D20180177401_2019-05-14 16_20_21-lv1-32896-24870-5099-5407p0010.png,0.13612814,0.8638718
2019-10504-1-1-1_2019-05-28 17_44_07-lv1-28687-3202-15210-8684p0032.png,0.58485556,0.41514447
2019-08976-1-2-2_2019-05-28 22_58_46-lv1-41616-6944-5288-5351p0022.png,0.30009472,0.69990534
D20170502603_2019-05-14 11_39_00-lv1-322-6285-19314-22701p0259.png,0.19730365,0.80269635
2019-08974-1-4-4_2019-05-28 23_27_16-lv1-43017-11764-6185-6306p0001.png,0.7267618,0.27323818
2018_83253_1-1_2019-02-20 18_38_45-lv1-9768-30873-3832-3408p0003.png,0.36137253,0.6386275
D20170518201_2019-05-14 12_05_30-lv1-39601-28026-5393-3901p0009.png,0.15104347,0.8489566
D20170518201_2019-05-14 12_05_30-lv1-30277-26951-8886-7721p0030.png,0.37610924,0.62389076
D20181168805_2019-06-10 11_18_54-lv1-18579-12686-3858-4185p0012.png,0.75461745,0.24538255
2019-06-11 00_58_36-lv1-820-6042-6546-12714p0098.png,0.19193675,0.80806327
D201801775B_2019-05-14 16_11_32-lv1-32232-31796-7646-5982p0033.png,0.36417148,0.63582855
2019-05891-1-5-5_2019-05-29 03_17_43-lv1-21385-20833-4026-4299p0014.png,0.8320394,0.16796055
2018_78758_1-1_2019-02-21 01_17_57-lv1-12181-25196-6860-3083p0008.png,0.11988126,0.8801187
D20181284101_2019-06-10 10_53_49-lv1-27192-17731-4406-2579p0013.png,0.6205927,0.3794073
2019-10732-1-1-1_2019-05-28 17_14_07-lv1-33615-23595-7025-4639p0007.png,0.7735216,0.22647844
2019-07506-1-5-5_2019-05-29 06_09_14-lv1-9703-21958-4456-10026p0042.png,0.2948114,0.70518863
2019-05891-1-4-4_2019-05-29 03_22_47-lv1-36685-4784-4743-4585p0011.png,0.777544,0.22245598
D20170584502_2019-05-14 12_43_57-lv1-14744-78-19212-20032p0092.png,0.19478478,0.8052152
D20170502603_2019-05-14 11_39_00-lv1-322-6285-19314-22701p0253.png,0.1689303,0.8310697
2019-10503-1-1-1_2019-05-28 17_51_26-lv1-29114-7260-2985-14450p0039.png,0.4543935,0.5456065
2019-07805-1-1-1_2019-05-29 05_23_08-lv1-34745-28963-3989-6403p0012.png,0.54089314,0.4591069
D20170502603_2019-05-14 11_39_00-lv1-322-6285-19314-22701p0285.png,0.23290391,0.7670961
D20180056701_2019-05-21 09_50_58-lv1-27543-34059-6966-5648p0028.png,0.43459073,0.56540924
2019-05890-1-1-1_2019-05-29 04_16_22-lv1-32976-4306-7960-8482p0005.png,0.6771121,0.32288787
D20190296201_2019-06-10 14_50_28-lv1-29513-27821-9198-12108p0044.png,0.23870336,0.76129663
2019-08980-1-2-2_2019-05-28 21_32_39-lv1-72667-1174-4502-6002p0022.png,0.35242325,0.6475768
D20190284802_2019-06-10 15_06_21-lv1-30021-14980-3810-4071p0006.png,0.7283693,0.27163073
D201707788_2019-05-14 14_05_34-lv1-2777-15975-12688-9314p0030.png,0.13442719,0.8655728
2019-08974-1-1-1_2019-05-28 23_56_10-lv1-53379-9747-9811-5861p0009.png,0.6281124,0.37188765
D20170502603_2019-05-14 11_39_00-lv1-322-6285-19314-22701p0379.png,0.0971192,0.9028809
D20180723501_2019-06-10 13_47_37-lv1-5074-30454-4941-5296p0002.png,0.28190425,0.7180958
2019-08980-1-3-3_2019-05-28 21_23_16-lv1-46154-12136-4958-4110p0003.png,0.4271921,0.5728079
D20180723001_2019-06-10 13_01_20-lv1-17394-12710-6236-5782p0023.png,0.7113665,0.2886335
2019-06-11 00_58_36-lv1-820-6042-6546-12714p0053.png,0.40879688,0.5912031
D20190286206_2019-06-10 14_58_35-lv1-4261-12473-5210-3023p0005.png,0.7921071,0.2078929
D20170518201_2019-05-14 12_05_30-lv1-39509-31959-5934-5127p0022.png,0.29760525,0.7023948
D20190296201_2019-06-10 14_50_28-lv1-29513-27821-9198-12108p0056.png,0.18847667,0.81152326
D20170584502_2019-05-14 12_43_57-lv1-863-489-13565-15647p0020.png,0.20462617,0.79537374
1902386002_2019-06-11 12_23_22-lv1-22889-36998-6328-5024p0025.png,0.57910997,0.4208901
D20180498101_2019-05-14 14_58_30-lv1-29229-6658-7712-6180p0012.png,0.18261454,0.8173855
D20180792401_2019-05-21 13_38_34-lv1-29203-23944-15780-12986p0059.png,0.23905157,0.7609485
D20170362101_2019-05-14 10_54_29-lv1-29935-31527-7716-4964p0009.png,0.25564507,0.7443549
2019-07460-1-1-1_2019-05-29 09_02_42-lv1-41874-3885-3865-2811p0002.png,0.57792765,0.4220724
D201711541_2019-05-21 11_28_51-lv1-32674-26736-3766-4770p0014.png,0.15793861,0.84206146
2019-10504-1-1-1_2019-05-28 17_44_07-lv1-28687-3202-15210-8684p0052.png,0.7176422,0.2823579
2019-07506-1-4-4_2019-05-29 01_58_32-lv1-17822-9656-3294-5907p0019.png,0.24264166,0.7573583
1800127001_2019-04-30 10_40_02-lv1-7573-15422-4121-2549p0002.png,0.16050556,0.83949447
2019-10503-1-1-1_2019-05-28 17_51_26-lv1-29114-7260-2985-14450p0006.png,0.39443132,0.60556865
2019-07506-1-1-1_2019-05-29 06_34_07-lv1-31721-10829-5554-3640p0008.png,0.21536063,0.7846394
2019-07502-1-2-2_2019-05-29 07_05_35-lv1-40805-21573-6383-5024p0004.png,0.5400387,0.45996127
2019-07506-1-2-2_2019-05-29 06_26_57-lv1-26134-9614-4893-5181p0002.png,0.6084657,0.3915344
D20170502603_2019-05-14 11_39_00-lv1-322-6285-19314-22701p0121.png,0.15040237,0.8495977
D201803511_2019-05-14 15_24_16-lv1-39304-30239-4287-4448p0004.png,0.3465641,0.6534358
2019-08974-1-1-1_2019-05-28 23_56_10-lv1-33437-26695-7518-8983p0002.png,0.5147018,0.4852982
D20180056701_2019-05-21 09_50_58-lv1-27543-34059-6966-5648p0031.png,0.42851347,0.57148653
2019-07498-1-2-2_2019-05-29 08_30_31-lv1-25906-27222-11411-7160p0042.png,0.23212424,0.76787573
D20170502603_2019-05-14 11_39_00-lv1-322-6285-19314-22701p0135.png,0.12703772,0.8729623
2019-08857-1-1-1_2019-05-29 00_37_12-lv1-51983-12331-6459-4436p0003.png,0.8061592,0.19384079
D201803519_2019-05-14 15_14_44-lv1-28486-26603-10590-9935p0047.png,0.23083103,0.76916903
1901558001_2019-04-30 10_24_11-lv1-54922-32041-3594-3236p0010.png,0.07444116,0.9255588
D20180177401_2019-05-14 16_20_21-lv1-32896-24870-5099-5407p0014.png,0.2625493,0.7374507
2019-07498-1-1-1_2019-05-29 08_39_10-lv1-37980-7135-8091-5797p0009.png,0.83838195,0.16161807
D20170502603_2019-05-14 11_39_00-lv1-322-6285-19314-22701p0106.png,0.21642384,0.78357613
D20180102901_2019-05-21 09_38_51-lv1-36547-27341-10626-9816p0069.png,0.2247753,0.77522475
D20170568101_2019-05-14 12_34_44-lv1-32981-23308-6289-3057p0005.png,0.3914732,0.6085268
D20170584502_2019-05-14 12_43_57-lv1-14744-78-19212-20032p0040.png,0.1924725,0.80752754
2019-06-11 00_58_36-lv1-820-6042-6546-12714p0020.png,0.33312252,0.6668775
2019-07502-1-1-1_2019-05-29 07_14_13-lv1-37002-16572-4175-7633p0034.png,0.2693468,0.7306532
D20180792401_2019-05-21 13_38_34-lv1-29203-23944-15780-12986p0032.png,0.2921683,0.70783174
2019-06-04 16_57_19-lv1-16146-684-3294-3198p0005.png,0.3758134,0.6241866
2019-07506-1-2-2_2019-05-29 06_26_57-lv1-26134-9614-4893-5181p0009.png,0.7589135,0.24108648
2019-10507-1-1-1_2019-05-28 17_41_21-lv1-32379-4783-6197-6790p0033.png,0.519474,0.48052597
2019-08974-1-5-5_2019-05-28 23_17_50-lv1-33952-9759-6526-5268p0003.png,0.60836416,0.3916359
D20170502603_2019-05-14 11_39_00-lv1-322-6285-19314-22701p0252.png,0.24896556,0.7510344
2019-05890-1-1-1_2019-05-29 04_16_22-lv1-32976-4306-7960-8482p0012.png,0.71481967,0.28518033
D20190296201_2019-06-10 14_50_28-lv1-29513-27821-9198-12108p0053.png,0.20316093,0.7968391
D201707788_2019-05-14 14_05_34-lv1-2777-15975-12688-9314p0002.png,0.20496206,0.7950379
2019-08976-1-3-3_2019-05-28 22_53_15-lv1-31393-5940-12318-3950p0029.png,0.539929,0.46007103
2019-06-11 09_15_18-lv1-23037-23173-3077-4387p0006.png,0.2344982,0.76550174
2019-08863-1-1-1_2019-05-29 00_31_57-lv1-26775-8699-9357-4453p0006.png,0.64420646,0.3557935
2019-07502-1-2-2_2019-05-29 07_05_35-lv1-40805-21573-6383-5024p0007.png,0.8361761,0.16382392
2019-05890-1-5-5_2019-05-29 03_46_25-lv1-10646-28473-10848-8938p0010.png,0.7567091,0.24329086
1901940-1_2019-04-30 10_30_47-lv1-44085-11603-3541-4701p0007.png,0.26269737,0.73730266
D20170362101_2019-05-14 10_54_29-lv1-36452-24059-2947-5151p0006.png,0.4820374,0.51796263
2019-07498-1-1-1_2019-05-29 08_39_10-lv1-37980-7135-8091-5797p0036.png,0.76192415,0.23807584
D20170568101_2019-05-14 12_34_44-lv1-35797-21670-3404-1975p0006.png,0.44034985,0.5596502
D20170584502_2019-05-14 12_43_57-lv1-14744-78-19212-20032p0058.png,0.12181399,0.878186
2019-10737-1-2-2_2019-05-28 16_19_15-lv1-30685-21461-7932-5491p0007.png,0.55054694,0.449453
2019-07506-1-3-3_2019-05-29 06_19_09-lv1-26994-7875-5933-4397p0011.png,0.41783452,0.58216554
D20170502603_2019-05-14 11_39_00-lv1-322-6285-19314-22701p0288.png,0.20474093,0.7952591
D201707227_2019-05-14 13_49_08-lv1-7570-2847-5797-5435p0007.png,0.33632693,0.66367304
2019-10951-1-1-1_2019-05-28 15_32_06-lv1-46015-20331-12311-4414p0014.png,0.58357614,0.4164239
2019-10737-1-6-6_2019-05-28 15_47_35-lv1-19582-23423-8743-5611p0016.png,0.8753944,0.12460554
2019-08980-1-2-2_2019-05-28 21_32_39-lv1-68883-9330-4175-5937p0018.png,0.7452838,0.25471625
D20170502603_2019-05-14 11_39_00-lv1-322-6285-19314-22701p0180.png,0.18339936,0.8166006
2019-05890-1-5-5_2019-05-29 03_46_25-lv1-10646-28473-10848-8938p0066.png,0.7863896,0.21361037
2019-10737-1-6-6_2019-05-28 15_47_35-lv1-19582-23423-8743-5611p0048.png,0.83823615,0.1617639
2019-05890-1-5-5_2019-05-29 03_46_25-lv1-10646-28473-10848-8938p0048.png,0.7146135,0.28538644
D20170502603_2019-05-14 11_39_00-lv1-322-6285-19314-22701p0240.png,0.2361481,0.76385194
2019-09687-1-1-1_2019-05-28 19_57_12-lv1-60101-8892-4289-3546p0002.png,0.50501645,0.4949836
2019-10737-1-1-1_2019-05-28 16_25_50-lv1-28510-5095-6046-6046p0023.png,0.5018901,0.4981098
D201803519_2019-05-14 15_14_44-lv1-28486-26603-10590-9935p0021.png,0.16887754,0.83112246
2019-06-11 01_00_50-lv1-1956-12720-11095-7901p0059.png,0.8107829,0.18921717
2019-07501-1-3-3_2019-05-29 07_53_41-lv1-35261-15594-3588-8743p0030.png,0.77878314,0.22121684
1901940-1_2019-04-30 10_30_47-lv1-40561-17303-4906-4343p0005.png,0.33825803,0.661742
2019-06-11 09_15_18-lv1-14414-13849-6581-6338p0021.png,0.57820034,0.42179963
1902369001_2019-06-11 12_30_17-lv1-24621-16433-4669-6003p0008.png,0.25915456,0.74084544
2019-10946-1-1-1_2019-05-28 15_40_39-lv1-37765-7438-4110-7111p0024.png,0.34741083,0.65258914
2019-06-11 01_00_50-lv1-1956-12720-11095-7901p0076.png,0.7624316,0.23756848
D20170502603_2019-05-14 11_39_00-lv1-322-6285-19314-22701p0174.png,0.14773028,0.8522697
1903326001_2019-06-11 12_07_06-lv1-18648-16700-3610-3417p0001.png,0.2855511,0.71444887
2019-10737-1-5-5_2019-05-28 15_54_44-lv1-25060-15448-3841-2797p0003.png,0.36752772,0.6324723
D20170502603_2019-05-14 11_39_00-lv1-322-6285-19314-22701p0283.png,0.2724458,0.72755426
2019_03867_1-1_2019-02-20 20_00_32-lv1-42426-15525-4353-3558p0010.png,0.1380574,0.8619426
D201803519_2019-05-14 15_14_44-lv1-28486-26603-10590-9935p0001.png,0.34956157,0.6504384
2019-10732-1-1-1_2019-05-28 17_14_07-lv1-33615-23595-7025-4639p0004.png,0.4173466,0.5826534
2019-05890-1-4-4_2019-05-29 03_52_40-lv1-32907-20569-8446-9156p0045.png,0.59843314,0.40156692
2019_01120_1-1_2019-02-20 19_18_16-lv1-27199-14351-3144-2966p0006.png,0.22642098,0.77357906
2019-10195-1-2-2_2019-05-28 19_12_24-lv1-43980-10703-3804-4062p0015.png,0.24321435,0.7567856
1902160001_2019-06-11 12_36_32-lv1-47122-16946-4823-2643p0007.png,0.8200801,0.17991996
2019-08979-1-1-1_2019-05-28 22_36_37-lv1-43414-9050-8560-10324p0066.png,0.26823246,0.7317674
2019-06-11 00_46_38-lv1-3641-3675-3908-5775p0022.png,0.4393556,0.5606444
D20170546301_2019-05-14 12_21_38-lv1-26517-31493-4149-3569p0003.png,0.11584701,0.88415295
D20190284705_2019-06-10 15_10_34-lv1-15598-12648-5733-5319p0016.png,0.7796601,0.2203399
2019-07498-1-2-2_2019-05-29 08_30_31-lv1-25906-27222-11411-7160p0024.png,0.29953343,0.7004666
2019-07506-1-2-2_2019-05-29 06_26_57-lv1-26134-9614-4893-5181p0019.png,0.72924,0.27076003
2019-07506-1-6-6_2019-05-29 06_02_44-lv1-32194-35205-4849-3472p0009.png,0.6148385,0.38516152
2019-08980-1-2-2_2019-05-28 21_32_39-lv1-68883-9330-4175-5937p0006.png,0.363795,0.6362051
1902369001_2019-06-11 12_30_17-lv1-24621-16433-4669-6003p0001.png,0.34608713,0.65391284
2019-08979-1-5-5_2019-05-28 22_01_00-lv1-49604-12407-8550-4392p0024.png,0.66690063,0.33309942
2019-07805-1-1-1_2019-05-29 05_23_08-lv1-36211-36202-4081-3539p0012.png,0.7554292,0.24457076
2019-09674-1-1-1_2019-05-28 20_06_49-lv1-53580-23000-5828-6432p0036.png,0.7753387,0.22466128
2019-07498-1-2-2_2019-05-29 08_30_31-lv1-46489-6224-11088-8360p0050.png,0.5213485,0.47865152
2019-10737-1-3-3_2019-05-28 16_09_09-lv1-33179-13494-5260-6326p0030.png,0.36123204,0.638768
D20180102901_2019-05-21 09_38_51-lv1-36547-27341-10626-9816p0020.png,0.18787225,0.81212777
2018_83253_1-1_2019-02-20 18_38_45-lv1-4605-26032-2864-4185p0001.png,0.4733708,0.5266292
D20180498101_2019-05-14 14_58_30-lv1-29229-6658-7712-6180p0009.png,0.49478337,0.50521666
2019-10507-1-1-1_2019-05-28 17_41_21-lv1-32379-4783-6197-6790p0017.png,0.66046065,0.33953935
D20170362101_2019-05-14 10_54_29-lv1-36452-24059-2947-5151p0015.png,0.35620573,0.6437943
2019-10195-1-2-2_2019-05-28 19_12_24-lv1-43980-10703-3804-4062p0009.png,0.2813328,0.71866715
1902386002_2019-06-11 12_23_22-lv1-22889-36998-6328-5024p0033.png,0.39114615,0.6088538
2019-10327-1-1-1_2019-05-28 17_55_39-lv1-39509-20348-2393-2088p0001.png,0.43546447,0.56453556
D20181168805_2019-06-10 11_18_54-lv1-18579-12686-3858-4185p0014.png,0.7415533,0.25844675
D20170584502_2019-05-14 12_43_57-lv1-14744-78-19212-20032p0131.png,0.18517175,0.8148282
D201802734_2019-05-14 15_33_06-lv1-27790-35298-7029-4792p0033.png,0.37552503,0.62447494
2019-05890-1-1-1_2019-05-29 04_16_22-lv1-32976-4306-7960-8482p0009.png,0.33647677,0.6635233
D20170503802_2019-05-14 11_50_43-lv1-36345-35501-7085-3382p0005.png,0.19512886,0.80487114
2019-10946-1-1-1_2019-05-28 15_40_39-lv1-22021-16267-4506-6971p0009.png,0.4216762,0.5783238
2019-08261-1-1-1_2019-05-29 01_05_21-lv1-45083-13771-4787-2600p0006.png,0.4786197,0.52138025
D20190296201_2019-06-10 14_50_28-lv1-38715-30688-5386-8775p0032.png,0.18643132,0.81356865
2019-05890-1-1-1_2019-05-29 04_16_22-lv1-25799-22836-8286-7829p0030.png,0.6131788,0.38682124
2019-05890-1-5-5_2019-05-29 03_46_25-lv1-10646-28473-10848-8938p0009.png,0.7908093,0.20919079
2019-06-11 01_00_50-lv1-1956-12720-11095-7901p0040.png,0.7930473,0.2069528
2019-07506-1-5-5_2019-05-29 06_09_14-lv1-9703-21958-4456-10026p0006.png,0.43689427,0.5631057
2019-08976-1-4-4_2019-05-28 22_46_07-lv1-37015-6427-4484-5834p0015.png,0.7395947,0.2604053
2019-10732-1-1-1_2019-05-28 17_14_07-lv1-33615-23595-7025-4639p0015.png,0.4468657,0.5531342
D20170568101_2019-05-14 12_34_44-lv1-35797-21670-3404-1975p0003.png,0.30843365,0.69156635
2019-10732-1-6-6_2019-05-28 16_33_17-lv1-43103-2848-6491-8333p0007.png,0.8675054,0.13249464
D20180056701_2019-05-21 09_50_58-lv1-23029-29289-3105-7538p0019.png,0.2184832,0.7815169
D201802734_2019-05-14 15_33_06-lv1-33260-31641-4914-4572p0007.png,0.19012602,0.80987394
2019-06-04 17_03_06-lv1-29057-9447-5532-3914p0020.png,0.50014347,0.49985653
2019-08863-1-1-1_2019-05-29 00_31_57-lv1-32806-16421-3156-2705p0004.png,0.6651602,0.33483985
2019-05890-1-1-1_2019-05-29 04_16_22-lv1-25799-22836-8286-7829p0042.png,0.52367646,0.47632352
2019-08974-1-4-4_2019-05-28 23_27_16-lv1-43017-11764-6185-6306p0030.png,0.62411505,0.37588495
2019-10504-1-1-1_2019-05-28 17_44_07-lv1-28687-3202-15210-8684p0004.png,0.2573662,0.74263376
D20180715202_2019-05-21 13_14_56-lv1-26524-21829-4504-4625p0013.png,0.37005293,0.62994707
D20170502603_2019-05-14 11_39_00-lv1-322-6285-19314-22701p0334.png,0.22064243,0.7793575
D201707227_2019-05-14 13_49_08-lv1-535-16796-26010-19568p0046.png,0.148686,0.851314
2019-08976-1-3-3_2019-05-28 22_53_15-lv1-27252-10804-5418-2621p0012.png,0.6382142,0.36178583
2019-11827-1-1-1_2019-05-28 14_14_04-lv1-38890-14353-5119-7083p0030.png,0.63490593,0.36509413
2019-11827-1-1-1_2019-05-28 14_14_04-lv1-38890-14353-5119-7083p0031.png,0.5451276,0.45487243
2019-07502-1-2-2_2019-05-29 07_05_35-lv1-40805-21573-6383-5024p0031.png,0.65752614,0.34247383
2019-05890-1-1-1_2019-05-29 04_16_22-lv1-32976-4306-7960-8482p0062.png,0.72276944,0.27723056
2019-07506-1-5-5_2019-05-29 06_09_14-lv1-9703-21958-4456-10026p0010.png,0.38227123,0.6177287
D20170568101_2019-05-14 12_34_44-lv1-32981-23308-6289-3057p0007.png,0.3601818,0.6398182
D20180177401_2019-05-14 16_20_21-lv1-35775-30321-8440-9363p0031.png,0.1707016,0.8292984
2019-10951-1-1-1_2019-05-28 15_32_06-lv1-46015-20331-12311-4414p0036.png,0.8685705,0.13142951
2019-09687-1-1-1_2019-05-28 19_57_12-lv1-49087-30726-6141-5333p0032.png,0.43255547,0.56744456
D20170584502_2019-05-14 12_43_57-lv1-14744-78-19212-20032p0120.png,0.4038772,0.5961228
2019-06-11 00_58_36-lv1-820-6042-6546-12714p0044.png,0.21267027,0.78732973
2019-10732-1-5-5_2019-05-28 16_40_29-lv1-37280-16311-8989-5437p0022.png,0.72975975,0.27024025
D201803519_2019-05-14 15_14_44-lv1-28486-26603-10590-9935p0042.png,0.15977357,0.8402264
D20170502603_2019-05-14 11_39_00-lv1-322-6285-19314-22701p0359.png,0.15528919,0.8447108
2019-10732-1-1-1_2019-05-28 17_14_07-lv1-33615-23595-7025-4639p0002.png,0.61691374,0.3830863
D20170502603_2019-05-14 11_39_00-lv1-322-6285-19314-22701p0291.png,0.17134523,0.8286548
2018_78758_1-1_2019-02-21 01_17_57-lv1-19474-24877-4448-4084p0005.png,0.41756353,0.5824365
2018_83220_1-1_2019-02-20 18_33_11-lv1-62292-40863-3519-3237p0005.png,0.35942185,0.64057815
D20180723501_2019-06-10 13_47_37-lv1-5074-30454-4941-5296p0023.png,0.48905432,0.5109457
2019-07501-1-3-3_2019-05-29 07_53_41-lv1-28802-27730-4306-8351p0018.png,0.732838,0.26716202
2019-10296-1-1-1_2019-05-28 18_05_02-lv1-56485-13239-6689-7042p0014.png,0.62115437,0.3788457
2019-08979-1-6-6_2019-05-28 21_52_03-lv1-42127-12400-6222-8663p0005.png,0.8597771,0.14022283
D20180102901_2019-05-21 09_38_51-lv1-36547-27341-10626-9816p0023.png,0.22514851,0.7748515
D20170951201_2019-05-14 14_41_50-lv1-28397-29427-7624-5334p0025.png,0.31479588,0.68520415
1902160001_2019-06-11 12_36_32-lv1-44190-20016-5916-4469p0024.png,0.75862867,0.24137138
2019-10296-1-1-1_2019-05-28 18_05_02-lv1-56485-13239-6689-7042p0033.png,0.30082396,0.6991761
2019-07506-1-6-6_2019-05-29 06_02_44-lv1-23392-11735-5508-4131p0001.png,0.47195193,0.5280481
D20170502603_2019-05-14 11_39_00-lv1-322-6285-19314-22701p0366.png,0.10000212,0.89999783
2019-08974-1-1-1_2019-05-28 23_56_10-lv1-53379-9747-9811-5861p0008.png,0.6035667,0.3964333
1902386002_2019-06-11 12_23_22-lv1-22824-31253-5676-4175p0021.png,0.6862064,0.31379357
D20190286206_2019-06-10 14_58_35-lv1-1713-13042-2567-3133p0005.png,0.77734166,0.2226583
D20170502603_2019-05-14 11_39_00-lv1-322-6285-19314-22701p0277.png,0.10311252,0.8968874
2019-08980-1-1-1_2019-05-28 21_41_50-lv1-56141-20419-6353-6092p0029.png,0.7205537,0.27944636
2019-10737-1-4-4_2019-05-28 16_02_11-lv1-21062-7815-8844-9859p0047.png,0.87671006,0.12328983
D20170518201_2019-05-14 12_05_30-lv1-39509-31959-5934-5127p0029.png,0.15753424,0.8424658
2019-07506-1-3-3_2019-05-29 06_19_09-lv1-26994-7875-5933-4397p0020.png,0.6486137,0.3513863
2019-10296-1-1-1_2019-05-28 18_05_02-lv1-56485-13239-6689-7042p0036.png,0.30356556,0.6964344
D20190445103_2019-06-10 14_26_02-lv1-16400-15396-5392-7030p0006.png,0.724198,0.27580205
1902160001_2019-06-11 12_36_32-lv1-39045-16016-3312-4096p0002.png,0.82379013,0.17620987
D20180102901_2019-05-21 09_38_51-lv1-32064-28648-3839-5894p0001.png,0.30896538,0.6910346
D20180056701_2019-05-21 09_50_58-lv1-27543-34059-6966-5648p0024.png,0.3417239,0.6582761
2019-10732-1-4-4_2019-05-28 16_46_57-lv1-36798-25730-4427-4159p0013.png,0.8071689,0.19283116
D20180792401_2019-05-21 13_38_34-lv1-29203-23944-15780-12986p0053.png,0.20236535,0.79763466
D20180177401_2019-05-14 16_20_21-lv1-32896-24870-5099-5407p0018.png,0.20978075,0.7902193
2018_83253_1-1_2019-02-20 18_38_45-lv1-5875-22018-4790-4840p0008.png,0.22001997,0.77998
D201709874_2019-05-21 12_42_42-lv1-31315-17194-2766-2641p0006.png,0.3221645,0.6778355
2019-10732-1-5-5_2019-05-28 16_40_29-lv1-37280-16311-8989-5437p0034.png,0.7590697,0.24093033
2019-09674-1-1-1_2019-05-28 20_06_49-lv1-53580-23000-5828-6432p0003.png,0.4759352,0.52406484
2019-05890-1-2-2_2019-05-29 04_09_56-lv1-19180-17662-3831-3352p0008.png,0.47947505,0.520525
1901558001_2019-04-30 10_24_11-lv1-50393-31270-4213-7808p0006.png,0.55985284,0.44014716
2019-07502-1-2-2_2019-05-29 07_05_35-lv1-40805-21573-6383-5024p0025.png,0.67456394,0.32543615
D20180102901_2019-05-21 09_38_51-lv1-36547-27341-10626-9816p0040.png,0.10560157,0.89439845
D201710920_2019-05-21 11_52_57-lv1-27184-25058-6217-9485p0018.png,0.68451786,0.31548217
2019-05891-1-4-4_2019-05-29 03_22_47-lv1-36685-4784-4743-4585p0015.png,0.76513386,0.23486613
2019-07506-1-4-4_2019-05-29 01_58_32-lv1-17822-9656-3294-5907p0010.png,0.76441294,0.23558699
D201803519_2019-05-14 15_14_44-lv1-28486-26603-10590-9935p0055.png,0.46287295,0.5371271
D20170584502_2019-05-14 12_43_57-lv1-8718-14653-7634-8076p0020.png,0.27884045,0.7211596
2019-06-11 00_58_36-lv1-820-6042-6546-12714p0066.png,0.211868,0.7881321
2019-10732-1-5-5_2019-05-28 16_40_29-lv1-37280-16311-8989-5437p0013.png,0.6897276,0.31027234
2019-08241-1-1-1_2019-05-29 01_13_54-lv1-36385-6963-3544-4165p0019.png,0.8598856,0.1401144
D20170584502_2019-05-14 12_43_57-lv1-14744-78-19212-20032p0037.png,0.16442074,0.83557934
D201707788_2019-05-14 14_05_34-lv1-2777-15975-12688-9314p0027.png,0.09519679,0.9048032
D20170518201_2019-05-14 12_05_30-lv1-33535-33090-5096-5832p0006.png,0.35808963,0.6419104
2019-07805-1-1-1_2019-05-29 05_23_08-lv1-38935-29409-9948-4414p0024.png,0.49990657,0.5000934
D20180177401_2019-05-14 16_20_21-lv1-35775-30321-8440-9363p0004.png,0.5275784,0.4724216
2018_83253_1-1_2019-02-20 18_38_45-lv1-9768-30873-3832-3408p0001.png,0.43996355,0.56003636
D201707788_2019-05-14 14_05_34-lv1-2777-15975-12688-9314p0011.png,0.07816566,0.92183435
2019-10951-1-1-1_2019-05-28 15_32_06-lv1-46015-20331-12311-4414p0046.png,0.58978945,0.41021055
2019-08979-1-3-3_2019-05-28 22_17_51-lv1-42656-17844-6415-7137p0014.png,0.71951926,0.28048074
1902160001_2019-06-11 12_36_32-lv1-44190-20016-5916-4469p0020.png,0.6796813,0.3203187
2019-07498-1-2-2_2019-05-29 08_30_31-lv1-46489-6224-11088-8360p0019.png,0.35679087,0.6432091
D20170584502_2019-05-14 12_43_57-lv1-14744-78-19212-20032p0065.png,0.21454161,0.7854583
D20170951201_2019-05-14 14_41_50-lv1-27257-23870-4628-6000p0001.png,0.2412424,0.7587576
D20170502603_2019-05-14 11_39_00-lv1-322-6285-19314-22701p0062.png,0.14694281,0.8530572
2019-08974-1-4-4_2019-05-28 23_27_16-lv1-43017-11764-6185-6306p0017.png,0.7971409,0.20285906
D20190296201_2019-06-10 14_50_28-lv1-38715-30688-5386-8775p0009.png,0.18539988,0.81460005
2019-08979-1-1-1_2019-05-28 22_36_37-lv1-43414-9050-8560-10324p0082.png,0.66391194,0.3360881
D20170584502_2019-05-14 12_43_57-lv1-14744-78-19212-20032p0098.png,0.11973962,0.88026035
D20180792401_2019-05-21 13_38_34-lv1-29203-23944-15780-12986p0054.png,0.27175647,0.7282435
2019-07498-1-2-2_2019-05-29 08_30_31-lv1-25906-27222-11411-7160p0033.png,0.267365,0.732635
2019-07501-1-4-4_2019-05-29 07_36_59-lv1-43309-12585-7519-4764p0019.png,0.61334515,0.38665485
2019-05890-1-5-5_2019-05-29 03_46_25-lv1-10646-28473-10848-8938p0067.png,0.8826389,0.11736111
2019-05890-1-4-4_2019-05-29 03_52_40-lv1-32907-20569-8446-9156p0017.png,0.57044166,0.4295583
D20190445103_2019-06-10 14_26_02-lv1-16400-15396-5392-7030p0020.png,0.54285324,0.4571468
2019-07460-1-2-2_2019-05-29 08_55_54-lv1-37722-23968-3349-2585p0006.png,0.39877552,0.6012244
2019-10946-1-1-1_2019-05-28 15_40_39-lv1-22021-16267-4506-6971p0017.png,0.33028117,0.66971886
2019-07501-1-3-3_2019-05-29 07_53_41-lv1-35261-15594-3588-8743p0022.png,0.65132266,0.3486773
D201803519_2019-05-14 15_14_44-lv1-38817-33027-4911-4640p0001.png,0.29744416,0.70255584
D20190284802_2019-06-10 15_06_21-lv1-34384-14661-5589-4144p0018.png,0.3573255,0.6426745
2019-05890-1-5-5_2019-05-29 03_46_25-lv1-10646-28473-10848-8938p0002.png,0.73603535,0.26396468
D20180187901_2019-05-14 15_56_55-lv1-30094-3670-4857-4637p0010.png,0.39772063,0.60227937
D20180792401_2019-05-21 13_38_34-lv1-29203-23944-15780-12986p0111.png,0.17997918,0.8200208
D20170584502_2019-05-14 12_43_57-lv1-14744-78-19212-20032p0129.png,0.20219909,0.79780096
2019-07498-1-1-1_2019-05-29 08_39_10-lv1-37980-7135-8091-5797p0013.png,0.773385,0.22661506
1902369001_2019-06-11 12_30_17-lv1-24621-16433-4669-6003p0028.png,0.1929851,0.8070149
2019-08979-1-6-6_2019-05-28 21_52_03-lv1-42127-12400-6222-8663p0014.png,0.73020697,0.26979303
2019-08140-1-1-1_2019-05-29 01_22_08-lv1-37576-9838-4308-5583p0004.png,0.52282387,0.47717613
2019-06-11 01_00_50-lv1-1956-12720-11095-7901p0039.png,0.72784525,0.27215472
2019-07502-1-1-1_2019-05-29 07_14_13-lv1-37002-16572-4175-7633p0012.png,0.45738155,0.54261845
2019-07506-1-3-3_2019-05-29 06_19_09-lv1-26994-7875-5933-4397p0004.png,0.68682873,0.31317127
2019-08140-1-1-1_2019-05-29 01_22_08-lv1-37576-9838-4308-5583p0015.png,0.7144884,0.2855116
2019-06-11 00_58_36-lv1-820-6042-6546-12714p0088.png,0.62907887,0.3709211
D201802734_2019-05-14 15_33_06-lv1-27790-35298-7029-4792p0007.png,0.14909412,0.8509059
2019_07896_1-1_2019-02-20 21_18_02-lv1-8871-6172-4468-2821p0004.png,0.12327576,0.87672424
D201710920_2019-05-21 11_52_57-lv1-27184-25058-6217-9485p0015.png,0.36646724,0.6335327
2019-06-11 00_58_36-lv1-820-6042-6546-12714p0055.png,0.2632498,0.7367502
D20170502603_2019-05-14 11_39_00-lv1-322-6285-19314-22701p0056.png,0.10840838,0.89159167
D20170503802_2019-05-14 11_50_43-lv1-32642-35657-3496-3692p0003.png,0.18766645,0.8123336
D201803519_2019-05-14 15_14_44-lv1-37789-37126-5701-3477p0001.png,0.50837594,0.49162403
2019-07506-1-6-6_2019-05-29 06_02_44-lv1-32194-35205-4849-3472p0017.png,0.51685697,0.48314303
D201802733_2019-05-14 15_48_17-lv1-36444-25037-3635-5520p0002.png,0.36629975,0.63370025
2019-06-11 00_52_45-lv1-3219-3773-2179-2615p0005.png,0.41482347,0.58517647
D20170502603_2019-05-14 11_39_00-lv1-322-6285-19314-22701p0329.png,0.11757125,0.8824288
D20170362101_2019-05-14 10_54_29-lv1-36452-24059-2947-5151p0010.png,0.1721,0.8279
2019-10946-1-1-1_2019-05-28 15_40_39-lv1-22021-16267-4506-6971p0014.png,0.24158765,0.7584124
D20190296201_2019-06-10 14_50_28-lv1-38715-30688-5386-8775p0017.png,0.29993883,0.70006114
D20180792401_2019-05-21 13_38_34-lv1-29203-23944-15780-12986p0006.png,0.12133639,0.87866354
D201801775B_2019-05-14 16_11_32-lv1-32232-31796-7646-5982p0001.png,0.44922855,0.5507714
2019-10507-1-1-1_2019-05-28 17_41_21-lv1-32379-4783-6197-6790p0025.png,0.72236305,0.27763692
2019_05944_1-1_2019-02-20 20_42_06-lv1-39021-20282-4099-4249p0008.png,0.37416425,0.6258358
2019-07498-1-2-2_2019-05-29 08_30_31-lv1-25906-27222-11411-7160p0073.png,0.6318584,0.3681416
2019_01120_1-1_2019-02-20 19_18_16-lv1-26931-18678-2999-4248p0002.png,0.291158,0.708842
2019-06-11 00_58_36-lv1-820-6042-6546-12714p0063.png,0.2938439,0.70615613
2019-10732-1-6-6_2019-05-28 16_33_17-lv1-43103-2848-6491-8333p0032.png,0.80567133,0.19432862
2019-10195-1-1-1_2019-05-28 19_21_29-lv1-40740-12918-6524-8677p0008.png,0.51458585,0.4854141
D20180056701_2019-05-21 09_50_58-lv1-23029-29289-3105-7538p0001.png,0.1800993,0.8199007
2019-10737-1-4-4_2019-05-28 16_02_11-lv1-21062-7815-8844-9859p0024.png,0.7417846,0.25821543
2019-08974-1-5-5_2019-05-28 23_17_50-lv1-33952-9759-6526-5268p0032.png,0.61264426,0.38735577
D20180177401_2019-05-14 16_20_21-lv1-32193-32343-3516-6088p0015.png,0.14029947,0.85970056
D201801775B_2019-05-14 16_11_32-lv1-32232-31796-7646-5982p0021.png,0.3150187,0.6849813
D20170584502_2019-05-14 12_43_57-lv1-14744-78-19212-20032p0026.png,0.1582827,0.8417173
D20170502603_2019-05-14 11_39_00-lv1-322-6285-19314-22701p0092.png,0.22717007,0.7728299
2019-08979-1-1-1_2019-05-28 22_36_37-lv1-43414-9050-8560-10324p0029.png,0.43430507,0.56569487
D20180792401_2019-05-21 13_38_34-lv1-29203-23944-15780-12986p0108.png,0.23935819,0.7606418
2019-08974-1-1-1_2019-05-28 23_56_10-lv1-53379-9747-9811-5861p0012.png,0.56566995,0.43433
2019-07501-1-3-3_2019-05-29 07_53_41-lv1-28802-27730-4306-8351p0012.png,0.5713988,0.4286012
2019_02170_1-1_2019-02-20 19_32_09-lv1-23415-18659-7032-6341p0005.png,0.41756397,0.5824361
2019_06193_1-1_2019-02-20 20_52_35-lv1-62184-33080-4772-3401p0003.png,0.32802925,0.6719708
2019-09674-1-1-1_2019-05-28 20_06_49-lv1-53580-23000-5828-6432p0018.png,0.60177255,0.39822745
2019-08320-1-1-1_2019-05-29 00_54_24-lv1-21889-16386-1831-1508p0002.png,0.57099867,0.42900133
2019-06-11 00_46_38-lv1-9591-8750-3967-5483p0016.png,0.42633528,0.57366467
D20181168805_2019-06-10 11_18_54-lv1-14997-12159-3546-4610p0003.png,0.81440085,0.18559912
D20170951201_2019-05-14 14_41_50-lv1-36112-30930-4033-4568p0006.png,0.13575433,0.86424565
2019-10951-1-1-1_2019-05-28 15_32_06-lv1-46015-20331-12311-4414p0008.png,0.73958534,0.2604147
2019-06-11 00_46_38-lv1-3641-3675-3908-5775p0006.png,0.31085607,0.6891439
D201803511_2019-05-14 15_24_16-lv1-37520-25059-5405-4857p0006.png,0.4489388,0.55106115
D20190445103_2019-06-10 14_26_02-lv1-16400-15396-5392-7030p0001.png,0.68149906,0.31850094
D20170951201_2019-05-14 14_41_50-lv1-28397-29427-7624-5334p0028.png,0.13671856,0.86328155
1902386002_2019-06-11 12_23_22-lv1-38745-14876-5611-7177p0032.png,0.21945472,0.7805452
D20170584502_2019-05-14 12_43_57-lv1-8718-14653-7634-8076p0013.png,0.1820948,0.8179053
D20181187110_2019-06-10 11_15_43-lv1-19548-15995-2218-2032p0004.png,0.82132334,0.17867664
2019-10732-1-5-5_2019-05-28 16_40_29-lv1-37280-16311-8989-5437p0011.png,0.45211068,0.54788935
2019-07503-1-3-3_2019-05-29 06_41_43-lv1-36370-19523-6217-5844p0014.png,0.33842173,0.6615783
1900838001_2019-04-30 10_15_23-lv1-20231-15672-6703-7495p0028.png,0.4000238,0.5999762
2019-07506-1-5-5_2019-05-29 06_09_14-lv1-9703-21958-4456-10026p0017.png,0.40081713,0.59918284
D201802734_2019-05-14 15_33_06-lv1-27790-35298-7029-4792p0019.png,0.17658444,0.8234156
D20180187901_2019-05-14 15_56_55-lv1-30094-3670-4857-4637p0002.png,0.5723253,0.4276747
2019-06-11 00_58_36-lv1-820-6042-6546-12714p0019.png,0.2032993,0.79670066
2019_06193_1-1_2019-02-20 20_52_35-lv1-64392-30113-4360-3423p0012.png,0.14853784,0.8514622
2019-05891-1-5-5_2019-05-29 03_17_43-lv1-21385-20833-4026-4299p0004.png,0.7476915,0.2523085
2019-08976-1-3-3_2019-05-28 22_53_15-lv1-31393-5940-12318-3950p0031.png,0.76755893,0.23244096
2019-07805-1-1-1_2019-05-29 05_23_08-lv1-34745-28963-3989-6403p0027.png,0.30953395,0.6904661
D201802734_2019-05-14 15_33_06-lv1-27790-35298-7029-4792p0035.png,0.12686653,0.87313354
2019-05890-1-1-1_2019-05-29 04_16_22-lv1-32976-4306-7960-8482p0015.png,0.6064251,0.39357495
D20180177401_2019-05-14 16_20_21-lv1-32193-32343-3516-6088p0004.png,0.1785535,0.8214465
2019-10946-1-1-1_2019-05-28 15_40_39-lv1-22021-16267-4506-6971p0028.png,0.6749857,0.32501438
2019_06193_1-1_2019-02-20 20_52_35-lv1-62184-33080-4772-3401p0017.png,0.19714056,0.80285954
2019-11827-1-1-1_2019-05-28 14_14_04-lv1-38890-14353-5119-7083p0009.png,0.57182044,0.4281796
2019-10965-1-1-1_2019-05-28 15_12_46-lv1-41393-10795-4607-7564p0005.png,0.4481645,0.55183554
2019-07506-1-1-1_2019-05-29 06_34_07-lv1-31721-10829-5554-3640p0020.png,0.30127737,0.69872266
2019-09674-1-1-1_2019-05-28 20_06_49-lv1-53513-29465-4870-3788p0016.png,0.131391,0.868609
2019-07501-1-3-3_2019-05-29 07_53_41-lv1-28802-27730-4306-8351p0016.png,0.4755557,0.52444434
2019-08979-1-1-1_2019-05-28 22_36_37-lv1-43414-9050-8560-10324p0031.png,0.31395113,0.686049
2019-07501-1-3-3_2019-05-29 07_53_41-lv1-28802-27730-4306-8351p0029.png,0.5122149,0.48778513
2019-05890-1-3-3_2019-05-29 04_02_08-lv1-33554-13476-4846-5024p0025.png,0.83509445,0.16490556
2019-08261-1-1-1_2019-05-29 01_05_21-lv1-45083-13771-4787-2600p0002.png,0.42289296,0.5771071
1900838001_2019-04-30 10_15_23-lv1-17110-19166-3362-4373p0002.png,0.35800016,0.64199984
D20170518201_2019-05-14 12_05_30-lv1-30277-26951-8886-7721p0008.png,0.28276783,0.71723217
1902160001_2019-06-11 12_36_32-lv1-41428-19386-2643-3166p0007.png,0.6145624,0.38543767
2019-07502-1-1-1_2019-05-29 07_14_13-lv1-45320-35367-4644-7384p0015.png,0.73521507,0.26478502
D20170568101_2019-05-14 12_34_44-lv1-32981-23308-6289-3057p0014.png,0.407384,0.592616
2019-07506-1-6-6_2019-05-29 06_02_44-lv1-23392-11735-5508-4131p0010.png,0.5849118,0.41508815
2019-08976-1-2-2_2019-05-28 22_58_46-lv1-47095-5988-1911-3886p0005.png,0.67885894,0.32114106
2019-09687-1-1-1_2019-05-28 19_57_12-lv1-53049-5219-2479-2218p0001.png,0.7178223,0.28217763
D20180187901_2019-05-14 15_56_55-lv1-36171-3307-4967-5736p0002.png,0.46983877,0.53016126
2019-11827-1-1-1_2019-05-28 14_14_04-lv1-38890-14353-5119-7083p0034.png,0.44104323,0.5589568
2019-08974-1-3-3_2019-05-28 23_36_34-lv1-47912-7170-4032-4565p0013.png,0.62681824,0.3731818
2019-07498-1-2-2_2019-05-29 08_30_31-lv1-25906-27222-11411-7160p0016.png,0.42575845,0.5742416
2019-10728-1-1-1_2019-05-29 10_20_36-lv1-41932-8116-7680-8493p0023.png,0.5420124,0.4579876
2019-06-11 09_15_18-lv1-14414-13849-6581-6338p0031.png,0.21671315,0.783287
2019-10951-1-1-1_2019-05-28 15_32_06-lv1-46015-20331-12311-4414p0027.png,0.6425857,0.3574143
1900838001_2019-04-30 10_15_23-lv1-17110-19166-3362-4373p0001.png,0.5334477,0.46655232
D20170584502_2019-05-14 12_43_57-lv1-8718-14653-7634-8076p0046.png,0.15387115,0.8461289
D20170518201_2019-05-14 12_05_30-lv1-30277-26951-8886-7721p0010.png,0.17988066,0.8201194
2019-10195-1-1-1_2019-05-28 19_21_29-lv1-40740-12918-6524-8677p0029.png,0.7069517,0.29304835
1902369001_2019-06-11 12_30_17-lv1-20073-15402-4002-4366p0011.png,0.13632451,0.8636754
2019-10737-1-6-6_2019-05-28 15_47_35-lv1-19582-23423-8743-5611p0006.png,0.8465389,0.15346104
1900838001_2019-04-30 10_15_23-lv1-17110-19166-3362-4373p0004.png,0.56849265,0.4315074
D20180723001_2019-06-10 13_01_20-lv1-17394-12710-6236-5782p0005.png,0.36342433,0.63657564
1902369001_2019-06-11 12_30_17-lv1-24621-16433-4669-6003p0002.png,0.2178758,0.78212416
2019-10296-1-1-1_2019-05-28 18_05_02-lv1-56485-13239-6689-7042p0010.png,0.32861656,0.67138344
2019-07503-1-3-3_2019-05-29 06_41_43-lv1-36370-19523-6217-5844p0028.png,0.2944633,0.7055367
2019-05890-1-6-6_2019-05-29 03_40_51-lv1-20530-15421-6231-3147p0013.png,0.84483373,0.15516624
2019-08979-1-1-1_2019-05-28 22_36_37-lv1-43414-9050-8560-10324p0020.png,0.3513742,0.64862573
D20180792401_2019-05-21 13_38_34-lv1-29203-23944-15780-12986p0052.png,0.37445667,0.62554336
D20170502603_2019-05-14 11_39_00-lv1-322-6285-19314-22701p0244.png,0.19264336,0.80735654
D20180723001_2019-06-10 13_01_20-lv1-17394-12710-6236-5782p0004.png,0.4984997,0.50150025
2019-06-04 17_08_52-lv1-16428-11718-4556-4938p0021.png,0.42485932,0.57514066
2019-08857-1-1-1_2019-05-29 00_37_12-lv1-51983-12331-6459-4436p0014.png,0.6861396,0.31386042
1902369001_2019-06-11 12_30_17-lv1-24621-16433-4669-6003p0023.png,0.17321227,0.82678765
2019-07806-1-1-1_2019-05-29 02_30_26-lv1-45859-24463-4952-4414p0017.png,0.46800664,0.5319933
2019-10728-1-1-1_2019-05-29 10_20_36-lv1-41932-8116-7680-8493p0026.png,0.33154652,0.66845345
2019-10296-1-1-1_2019-05-28 18_05_02-lv1-56485-13239-6689-7042p0039.png,0.2882606,0.7117394
2018_83220_1-1_2019-02-20 18_33_11-lv1-58151-37497-5712-3460p0007.png,0.59793377,0.4020662
1902427001_2019-06-11 12_12_29-lv1-18613-16414-3481-3606p0003.png,0.17434055,0.8256595
2019_03867_1-1_2019-02-20 20_00_32-lv1-35269-34259-4448-4137p0004.png,0.62938744,0.37061256
2019-05890-1-1-1_2019-05-29 04_16_22-lv1-32976-4306-7960-8482p0035.png,0.58510476,0.41489527
D20170584502_2019-05-14 12_43_57-lv1-14744-78-19212-20032p0002.png,0.14576472,0.8542352
2019-08980-1-2-2_2019-05-28 21_32_39-lv1-57725-8547-5676-5415p0005.png,0.6796189,0.32038116
2019-06-11 01_00_50-lv1-1956-12720-11095-7901p0077.png,0.70351225,0.29648775
2019-06-11 00_58_36-lv1-820-6042-6546-12714p0029.png,0.25309092,0.74690914
2019-08974-1-1-1_2019-05-28 23_56_10-lv1-53379-9747-9811-5861p0060.png,0.60875285,0.39124712
D20181168805_2019-06-10 11_18_54-lv1-18579-12686-3858-4185p0017.png,0.7289532,0.2710468
1800127001_2019-04-30 10_40_02-lv1-1001-22444-3989-3967p0001.png,0.24541034,0.7545897
D20170584502_2019-05-14 12_43_57-lv1-14744-78-19212-20032p0095.png,0.1275774,0.8724226
D20170362101_2019-05-14 10_54_29-lv1-29935-31527-7716-4964p0019.png,0.32782248,0.6721775
2019-10732-1-6-6_2019-05-28 16_33_17-lv1-43103-2848-6491-8333p0053.png,0.8131913,0.1868087
D201802733_2019-05-14 15_48_17-lv1-27927-31736-4219-5542p0004.png,0.18621252,0.8137875
2019-10296-1-1-1_2019-05-28 18_05_02-lv1-56485-13239-6689-7042p0028.png,0.5092888,0.49071115
D20170502603_2019-05-14 11_39_00-lv1-322-6285-19314-22701p0236.png,0.28319773,0.7168023
2019-10728-1-1-1_2019-05-29 10_20_36-lv1-41932-8116-7680-8493p0060.png,0.57980824,0.42019176
D20170518201_2019-05-14 12_05_30-lv1-39509-31959-5934-5127p0003.png,0.2884695,0.7115305
D201803519_2019-05-14 15_14_44-lv1-28486-26603-10590-9935p0049.png,0.14487985,0.8551202
2019-05890-1-2-2_2019-05-29 04_09_56-lv1-19180-17662-3831-3352p0001.png,0.5007394,0.4992606
2019-07503-1-3-3_2019-05-29 06_41_43-lv1-36370-19523-6217-5844p0002.png,0.44447845,0.55552155
D201802733_2019-05-14 15_48_17-lv1-29888-27054-2996-4638p0002.png,0.5680557,0.4319443
2019-06-11 00_58_36-lv1-820-6042-6546-12714p0084.png,0.17403539,0.82596475
2019-11827-1-1-1_2019-05-28 14_14_04-lv1-38890-14353-5119-7083p0018.png,0.5931607,0.40683928
2019-10620-1-1-1_2019-05-28 17_28_41-lv1-41477-15784-5544-4164p0008.png,0.3974742,0.60252583
2019-07502-1-1-1_2019-05-29 07_14_13-lv1-45320-35367-4644-7384p0004.png,0.427089,0.572911
2019-08974-1-1-1_2019-05-28 23_56_10-lv1-53379-9747-9811-5861p0017.png,0.7413175,0.2586825
2019-10620-1-1-1_2019-05-28 17_28_41-lv1-41477-15784-5544-4164p0004.png,0.5891327,0.41086733
D20170502603_2019-05-14 11_39_00-lv1-322-6285-19314-22701p0273.png,0.17469108,0.82530886
2019-07460-1-2-2_2019-05-29 08_55_54-lv1-36101-18184-4447-2892p0006.png,0.3465762,0.6534238
2019-08979-1-5-5_2019-05-28 22_01_00-lv1-49604-12407-8550-4392p0023.png,0.8959596,0.10404043
2019-06-11 01_00_50-lv1-1956-12720-11095-7901p0046.png,0.8557899,0.14421009
1902369001_2019-06-11 12_30_17-lv1-24621-16433-4669-6003p0017.png,0.18170641,0.8182936
2019-08974-1-1-1_2019-05-28 23_56_10-lv1-53379-9747-9811-5861p0020.png,0.89632326,0.10367668
2019-07805-1-1-1_2019-05-29 05_23_08-lv1-34745-28963-3989-6403p0022.png,0.63505924,0.36494073
2019-07506-1-3-3_2019-05-29 06_19_09-lv1-26994-7875-5933-4397p0010.png,0.5693703,0.43062964
2019-06-11 00_58_36-lv1-820-6042-6546-12714p0083.png,0.19156075,0.80843925
2019-07502-1-1-1_2019-05-29 07_14_13-lv1-37002-16572-4175-7633p0039.png,0.44844213,0.5515579
2019-10737-1-1-1_2019-05-28 16_25_50-lv1-28510-5095-6046-6046p0019.png,0.40909037,0.5909096
1902160001_2019-06-11 12_36_32-lv1-39045-16016-3312-4096p0010.png,0.80508155,0.19491851
2019-06-11 09_15_18-lv1-14414-13849-6581-6338p0026.png,0.51209915,0.48790085
2019-10737-1-1-1_2019-05-28 16_25_50-lv1-28510-5095-6046-6046p0001.png,0.36621684,0.63378316
D20170502603_2019-05-14 11_39_00-lv1-322-6285-19314-22701p0282.png,0.16443953,0.8355605
2019-08980-1-2-2_2019-05-28 21_32_39-lv1-57725-8547-5676-5415p0017.png,0.5226888,0.4773112
D20170951201_2019-05-14 14_41_50-lv1-36112-30930-4033-4568p0003.png,0.12427319,0.8757268
2019-11842-1-1-1_2019-05-28 14_22_48-lv1-29162-19047-3919-3782p0004.png,0.621905,0.37809497
D201711541_2019-05-21 11_28_51-lv1-39189-27851-3979-5553p0002.png,0.21189453,0.78810555
D20180792401_2019-05-21 13_38_34-lv1-29203-23944-15780-12986p0102.png,0.33164254,0.6683575
2019-05890-1-4-4_2019-05-29 03_52_40-lv1-32907-20569-8446-9156p0023.png,0.82224816,0.1777518
2019-08979-1-5-5_2019-05-28 22_01_00-lv1-42518-23241-6676-7789p0036.png,0.70999295,0.29000705
2019-06-11 01_00_50-lv1-1956-12720-11095-7901p0052.png,0.8350709,0.16492915
D20170584502_2019-05-14 12_43_57-lv1-14744-78-19212-20032p0019.png,0.18037736,0.81962264
2018_75775_1-1_2019-02-21 00_58_00-lv1-28469-40954-2319-2045p0002.png,0.36897,0.63102996
2019-07502-1-1-1_2019-05-29 07_14_13-lv1-45320-35367-4644-7384p0016.png,0.5443395,0.45566055
D20180723501_2019-06-10 13_47_37-lv1-15778-1569-3997-4912p0020.png,0.30116212,0.6988378
1900838001_2019-04-30 10_15_23-lv1-20231-15672-6703-7495p0012.png,0.1864504,0.8135496
D20180792401_2019-05-21 13_38_34-lv1-29203-23944-15780-12986p0048.png,0.20092352,0.79907656
D201803519_2019-05-14 15_14_44-lv1-28486-26603-10590-9935p0044.png,0.2269436,0.7730564
2019-08974-1-4-4_2019-05-28 23_27_16-lv1-43017-11764-6185-6306p0021.png,0.83706605,0.16293387
D20180498101_2019-05-14 14_58_30-lv1-31412-229-5257-6451p0041.png,0.22056545,0.7794345
D20190284802_2019-06-10 15_06_21-lv1-30021-14980-3810-4071p0007.png,0.5690126,0.4309874
2019-07506-1-1-1_2019-05-29 06_34_07-lv1-31721-10829-5554-3640p0022.png,0.47764215,0.5223579
D20190445103_2019-06-10 14_26_02-lv1-16400-15396-5392-7030p0015.png,0.70267427,0.29732573
2019-08976-1-3-3_2019-05-28 22_53_15-lv1-33161-13840-6341-3222p0001.png,0.6918502,0.30814993
D20170502603_2019-05-14 11_39_00-lv1-322-6285-19314-22701p0146.png,0.1368796,0.8631204
D201707788_2019-05-14 14_05_34-lv1-2777-15975-12688-9314p0022.png,0.0918213,0.90817875
1902369001_2019-06-11 12_30_17-lv1-24621-16433-4669-6003p0030.png,0.26851276,0.7314873
2019-07460-1-1-1_2019-05-29 09_02_42-lv1-41874-3885-3865-2811p0010.png,0.56156486,0.4384351
2019-09687-1-1-1_2019-05-28 19_57_12-lv1-60101-8892-4289-3546p0013.png,0.17505936,0.82494074
2019-07498-1-2-2_2019-05-29 08_30_31-lv1-46489-6224-11088-8360p0007.png,0.5546606,0.44533944
2019-11827-1-1-1_2019-05-28 14_14_04-lv1-38890-14353-5119-7083p0001.png,0.5320848,0.4679152
2019-06-11 01_00_50-lv1-1956-12720-11095-7901p0073.png,0.53085077,0.46914923
2019-08980-1-2-2_2019-05-28 21_32_39-lv1-68883-9330-4175-5937p0017.png,0.74879086,0.25120914
2019-08980-1-2-2_2019-05-28 21_32_39-lv1-68883-9330-4175-5937p0010.png,0.37075377,0.6292463
2019_06193_1-1_2019-02-20 20_52_35-lv1-62184-33080-4772-3401p0004.png,0.15731187,0.84268814
2019-08980-1-2-2_2019-05-28 21_32_39-lv1-57725-8547-5676-5415p0031.png,0.57843304,0.42156705
D20180792401_2019-05-21 13_38_34-lv1-29203-23944-15780-12986p0019.png,0.378358,0.621642
2019-10965-1-1-1_2019-05-28 15_12_46-lv1-41393-10795-4607-7564p0013.png,0.30576298,0.69423693
D20170584502_2019-05-14 12_43_57-lv1-8718-14653-7634-8076p0043.png,0.1519771,0.84802294
D20180056701_2019-05-21 09_50_58-lv1-27237-28645-8099-3942p0004.png,0.20839123,0.7916087
2019-05890-1-3-3_2019-05-29 04_02_08-lv1-33554-13476-4846-5024p0024.png,0.5977033,0.40229675
2019-05890-1-4-4_2019-05-29 03_52_40-lv1-32907-20569-8446-9156p0044.png,0.51884854,0.48115152
D20180586802_2019-06-10 13_31_46-lv1-25458-17933-4214-2341p0003.png,0.7941635,0.20583647
D20190296201_2019-06-10 14_50_28-lv1-29513-27821-9198-12108p0045.png,0.383206,0.616794
2019-06-04 17_03_06-lv1-29057-9447-5532-3914p0008.png,0.47450215,0.5254979
D201802734_2019-05-14 15_33_06-lv1-34389-27289-3641-4065p0015.png,0.14248101,0.857519
2019-07506-1-4-4_2019-05-29 01_58_32-lv1-56732-2612-3294-6248p0014.png,0.22077394,0.77922606
2019-05891-1-5-5_2019-05-29 03_17_43-lv1-25593-21588-2499-4555p0006.png,0.7402007,0.25979924
2019-07498-1-1-1_2019-05-29 08_39_10-lv1-37980-7135-8091-5797p0035.png,0.53667426,0.46332577
D20170502603_2019-05-14 11_39_00-lv1-322-6285-19314-22701p0067.png,0.12294737,0.87705266
2019-06-11 09_15_18-lv1-14414-13849-6581-6338p0029.png,0.3013235,0.6986766
D20170502603_2019-05-14 11_39_00-lv1-322-6285-19314-22701p0202.png,0.13822241,0.8617776
D20170502603_2019-05-14 11_39_00-lv1-322-6285-19314-22701p0047.png,0.23700637,0.7629937
D20180792401_2019-05-21 13_38_34-lv1-29203-23944-15780-12986p0122.png,0.62573636,0.3742636
2019-05890-1-3-3_2019-05-29 04_02_08-lv1-33554-13476-4846-5024p0016.png,0.4852542,0.5147458
2019-06-11 01_00_50-lv1-1956-12720-11095-7901p0045.png,0.7781196,0.2218804
D20180056701_2019-05-21 09_50_58-lv1-27543-34059-6966-5648p0010.png,0.18279962,0.8172004
2019-06-11 01_00_50-lv1-1956-12720-11095-7901p0080.png,0.6114029,0.38859707
1901940-1_2019-04-30 10_30_47-lv1-40561-17303-4906-4343p0021.png,0.31394222,0.68605775
2019-08980-1-3-3_2019-05-28 21_23_16-lv1-46154-12136-4958-4110p0018.png,0.79668367,0.20331638
2019-07806-1-1-1_2019-05-29 02_30_26-lv1-45859-24463-4952-4414p0009.png,0.5871031,0.41289693
2019-10504-1-1-1_2019-05-28 17_44_07-lv1-28687-3202-15210-8684p0006.png,0.4893897,0.51061034
D201707227_2019-05-14 13_49_08-lv1-535-16796-26010-19568p0012.png,0.30178973,0.69821024
D201801775B_2019-05-14 16_11_32-lv1-26744-26137-5178-7271p0006.png,0.6025926,0.39740744
2019-08261-1-1-1_2019-05-29 01_05_21-lv1-42127-18322-5674-3309p0014.png,0.22683686,0.77316314
D20170518201_2019-05-14 12_05_30-lv1-39509-31959-5934-5127p0011.png,0.11573465,0.88426536
2019-10732-1-6-6_2019-05-28 16_33_17-lv1-43103-2848-6491-8333p0022.png,0.6147563,0.38524365
2018_78758_1-1_2019-02-21 01_17_57-lv1-19474-24877-4448-4084p0002.png,0.32027045,0.6797295
2018_83253_1-1_2019-02-20 18_38_45-lv1-5704-19306-2964-3529p0001.png,0.62673116,0.37326884
2019-06-11 00_58_36-lv1-820-6042-6546-12714p0030.png,0.18110064,0.81889933
2019-07501-1-1-1_2019-05-29 08_22_25-lv1-8582-14509-4265-3814p0009.png,0.6197099,0.38029003
2019_07303_1-1_2019-02-20 20_59_23-lv1-55167-19441-3666-5307p0003.png,0.18656486,0.8134352
D20170502603_2019-05-14 11_39_00-lv1-322-6285-19314-22701p0004.png,0.20854938,0.7914506
D20180056701_2019-05-21 09_50_58-lv1-23029-29289-3105-7538p0011.png,0.40056083,0.59943914
2019-10737-1-4-4_2019-05-28 16_02_11-lv1-21062-7815-8844-9859p0005.png,0.72370726,0.2762927
1901558001_2019-04-30 10_24_11-lv1-50393-31270-4213-7808p0015.png,0.1789861,0.8210139
D20170502603_2019-05-14 11_39_00-lv1-322-6285-19314-22701p0021.png,0.10540576,0.89459413
D20180723501_2019-06-10 13_47_37-lv1-5074-30454-4941-5296p0019.png,0.5974116,0.4025884
D20180498101_2019-05-14 14_58_30-lv1-29229-6658-7712-6180p0032.png,0.14074339,0.8592566
D20180056701_2019-05-21 09_50_58-lv1-27237-28645-8099-3942p0013.png,0.18432117,0.8156789
2019-06-11 09_15_18-lv1-14414-13849-6581-6338p0018.png,0.63147336,0.36852667
2019-08979-1-3-3_2019-05-28 22_17_51-lv1-42656-17844-6415-7137p0037.png,0.7731573,0.22684275
2019-08979-1-1-1_2019-05-28 22_36_37-lv1-43414-9050-8560-10324p0023.png,0.6095944,0.3904056
D20181047302_2019-06-10 11_38_18-lv1-2363-24324-4352-3675p0015.png,0.4853126,0.51468736
D20170503802_2019-05-14 11_50_43-lv1-32642-35657-3496-3692p0001.png,0.4294458,0.57055414
D20190296201_2019-06-10 14_50_28-lv1-29513-27821-9198-12108p0018.png,0.19983947,0.80016047
D20180792401_2019-05-21 13_38_34-lv1-29203-23944-15780-12986p0081.png,0.32881913,0.6711809
D201710920_2019-05-21 11_52_57-lv1-33661-31501-7087-7660p0007.png,0.324787,0.67521304
D20180498101_2019-05-14 14_58_30-lv1-31412-229-5257-6451p0006.png,0.3789892,0.62101084
2019-08974-1-5-5_2019-05-28 23_17_50-lv1-33952-9759-6526-5268p0038.png,0.7301258,0.26987416
2019-10732-1-1-1_2019-05-28 17_14_07-lv1-33615-23595-7025-4639p0011.png,0.49834424,0.50165576
D20170584502_2019-05-14 12_43_57-lv1-14744-78-19212-20032p0079.png,0.15286733,0.84713274
D20170951201_2019-05-14 14_41_50-lv1-27257-23870-4628-6000p0009.png,0.16759142,0.83240855
2019-09687-1-1-1_2019-05-28 19_57_12-lv1-49087-30726-6141-5333p0001.png,0.6408184,0.35918152
2019-05890-1-1-1_2019-05-29 04_16_22-lv1-32976-4306-7960-8482p0001.png,0.48166853,0.51833147
2019_01120_1-1_2019-02-20 19_18_16-lv1-26931-18678-2999-4248p0001.png,0.3063609,0.69363904
D20170584502_2019-05-14 12_43_57-lv1-14744-78-19212-20032p0082.png,0.30058384,0.6994161
D20170503802_2019-05-14 11_50_43-lv1-42069-29530-3775-4323p0002.png,0.29218736,0.70781267
2019_03867_1-1_2019-02-20 20_00_32-lv1-42426-15525-4353-3558p0008.png,0.39376953,0.60623044
2019-07498-1-2-2_2019-05-29 08_30_31-lv1-46489-6224-11088-8360p0072.png,0.5515293,0.44847068
1901558001_2019-04-30 10_24_11-lv1-54922-32041-3594-3236p0011.png,0.11415219,0.88584787
D20170951201_2019-05-14 14_41_50-lv1-36112-30930-4033-4568p0002.png,0.49618608,0.50381386
2019-08980-1-1-1_2019-05-28 21_41_50-lv1-52872-25008-3867-3778p0008.png,0.6645602,0.3354398
2019-08976-1-3-3_2019-05-28 22_53_15-lv1-31393-5940-12318-3950p0054.png,0.77005285,0.2299471
2019-05891-1-2-2_2019-05-29 03_30_03-lv1-22122-12185-5735-4874p0027.png,0.5177231,0.48227692
D20190284802_2019-06-10 15_06_21-lv1-34384-14661-5589-4144p0005.png,0.5888274,0.41117257
D20181284101_2019-06-10 10_53_49-lv1-27192-17731-4406-2579p0006.png,0.625129,0.374871
2019-10504-1-1-1_2019-05-28 17_44_07-lv1-28687-3202-15210-8684p0017.png,0.7039007,0.29609925
2019_06193_1-1_2019-02-20 20_52_35-lv1-64392-30113-4360-3423p0007.png,0.42766947,0.57233053
2019-06-11 00_58_36-lv1-820-6042-6546-12714p0062.png,0.25922465,0.74077535
D20180102901_2019-05-21 09_38_51-lv1-36547-27341-10626-9816p0015.png,0.37143457,0.62856543
2019-05890-1-1-1_2019-05-29 04_16_22-lv1-32976-4306-7960-8482p0055.png,0.3725142,0.6274858
2019-06-11 09_15_18-lv1-23037-23173-3077-4387p0001.png,0.5475597,0.45244035
2019_06193_1-1_2019-02-20 20_52_35-lv1-62184-33080-4772-3401p0002.png,0.33808225,0.66191775
D20170584502_2019-05-14 12_43_57-lv1-8718-14653-7634-8076p0029.png,0.16772866,0.83227134
2019-06-11 00_46_38-lv1-9591-8750-3967-5483p0015.png,0.64639866,0.3536013
D20190284802_2019-06-10 15_06_21-lv1-34384-14661-5589-4144p0012.png,0.26604256,0.73395747
2019-10732-1-6-6_2019-05-28 16_33_17-lv1-43103-2848-6491-8333p0020.png,0.7478553,0.25214463
2019-08980-1-2-2_2019-05-28 21_32_39-lv1-72667-1174-4502-6002p0014.png,0.45756775,0.54243225
2019-10327-1-1-1_2019-05-28 17_55_39-lv1-39509-20348-2393-2088p0002.png,0.25836948,0.7416305
D20170502603_2019-05-14 11_39_00-lv1-322-6285-19314-22701p0002.png,0.13718833,0.8628117
2019-08976-1-3-3_2019-05-28 22_53_15-lv1-31393-5940-12318-3950p0041.png,0.48453593,0.51546407
D20180177401_2019-05-14 16_20_21-lv1-35775-30321-8440-9363p0036.png,0.25708225,0.74291766
2019-08261-1-1-1_2019-05-29 01_05_21-lv1-45083-13771-4787-2600p0011.png,0.469669,0.530331
D201709874_2019-05-21 12_42_42-lv1-26505-15151-4357-3590p0007.png,0.10732915,0.8926708
2019-10732-1-5-5_2019-05-28 16_40_29-lv1-37280-16311-8989-5437p0023.png,0.81680006,0.18319993
D20180056701_2019-05-21 09_50_58-lv1-27237-28645-8099-3942p0008.png,0.39896783,0.60103214
2019-10737-1-3-3_2019-05-28 16_09_09-lv1-42153-16864-3472-2613p0007.png,0.6207906,0.37920937
2019-06-11 00_46_38-lv1-3641-3675-3908-5775p0021.png,0.5404509,0.45954913
2019-05890-1-5-5_2019-05-29 03_46_25-lv1-10646-28473-10848-8938p0056.png,0.8129819,0.1870181
2019-11827-1-1-1_2019-05-28 14_14_04-lv1-37745-31126-5181-7796p0031.png,0.31610626,0.68389374
2019-08979-1-4-4_2019-05-28 22_09_04-lv1-57922-3131-4306-5937p0010.png,0.3741604,0.62583953
D20170584502_2019-05-14 12_43_57-lv1-14744-78-19212-20032p0012.png,0.15271515,0.84728485
2019-08972-1-1-1_2019-05-29 00_06_22-lv1-43192-9800-4958-3383p0002.png,0.89742744,0.10257252
2019-10737-1-2-2_2019-05-28 16_19_15-lv1-30685-21461-7932-5491p0017.png,0.4320472,0.56795275
D20170362101_2019-05-14 10_54_29-lv1-36452-24059-2947-5151p0004.png,0.26527038,0.7347297
D20190296201_2019-06-10 14_50_28-lv1-38715-30688-5386-8775p0010.png,0.26609808,0.733902
2019-07806-1-1-1_2019-05-29 02_30_26-lv1-51709-27019-5595-4076p0008.png,0.38986605,0.610134
2019-07501-1-3-3_2019-05-29 07_53_41-lv1-35261-15594-3588-8743p0024.png,0.5929463,0.4070537
2019-10737-1-1-1_2019-05-28 16_25_50-lv1-28510-5095-6046-6046p0040.png,0.6074719,0.39252812
1901940-1_2019-04-30 10_30_47-lv1-40561-17303-4906-4343p0011.png,0.5471918,0.45280823
2019-10951-1-1-1_2019-05-28 15_32_06-lv1-46015-20331-12311-4414p0055.png,0.7451476,0.25485235
1902427001_2019-06-11 12_12_29-lv1-18613-16414-3481-3606p0012.png,0.328558,0.671442
2019-10951-1-1-1_2019-05-28 15_32_06-lv1-46015-20331-12311-4414p0026.png,0.7096426,0.2903574
2019-08976-1-3-3_2019-05-28 22_53_15-lv1-31393-5940-12318-3950p0036.png,0.54313374,0.45686623
2019-05890-1-4-4_2019-05-29 03_52_40-lv1-32907-20569-8446-9156p0047.png,0.7106076,0.2893924
D20190296201_2019-06-10 14_50_28-lv1-38715-30688-5386-8775p0005.png,0.4628733,0.53712666
2019-07501-1-3-3_2019-05-29 07_53_41-lv1-35261-15594-3588-8743p0001.png,0.7906452,0.20935483
2019-08974-1-1-1_2019-05-28 23_56_10-lv1-53379-9747-9811-5861p0033.png,0.6436429,0.35635707
1902160001_2019-06-11 12_36_32-lv1-44190-20016-5916-4469p0022.png,0.5898109,0.4101891
2019-10737-1-3-3_2019-05-28 16_09_09-lv1-33179-13494-5260-6326p0015.png,0.850015,0.14998505
2019-08261-1-1-1_2019-05-29 01_05_21-lv1-42127-18322-5674-3309p0012.png,0.7181397,0.2818603
D20170518201_2019-05-14 12_05_30-lv1-39509-31959-5934-5127p0026.png,0.38377696,0.61622304
1903406001_2019-06-11 12_03_13-lv1-29267-17392-3773-3614p0004.png,0.22328328,0.7767167
2019-08976-1-3-3_2019-05-28 22_53_15-lv1-31393-5940-12318-3950p0039.png,0.6067696,0.3932304
2019-06-11 01_00_50-lv1-1956-12720-11095-7901p0042.png,0.6663991,0.33360088
D20170502603_2019-05-14 11_39_00-lv1-322-6285-19314-22701p0129.png,0.17199212,0.8280078
2019-10327-1-1-1_2019-05-28 17_55_39-lv1-34492-22003-4074-4533p0003.png,0.27194846,0.72805154
2019-10504-1-1-1_2019-05-28 17_44_07-lv1-28687-3202-15210-8684p0057.png,0.7070148,0.29298523
D20190296201_2019-06-10 14_50_28-lv1-29513-27821-9198-12108p0042.png,0.20459259,0.7954074
2019-10507-1-1-1_2019-05-28 17_41_21-lv1-32379-4783-6197-6790p0036.png,0.68346,0.31654
2019-10951-1-1-1_2019-05-28 15_32_06-lv1-46015-20331-12311-4414p0041.png,0.779282,0.22071806
D20180102901_2019-05-21 09_38_51-lv1-36547-27341-10626-9816p0033.png,0.33305535,0.6669447
D20170502603_2019-05-14 11_39_00-lv1-322-6285-19314-22701p0173.png,0.18377507,0.81622493
2019-05890-1-1-1_2019-05-29 04_16_22-lv1-25799-22836-8286-7829p0010.png,0.5115704,0.48842955
D20180102901_2019-05-21 09_38_51-lv1-32064-28648-3839-5894p0012.png,0.15164039,0.8483597
D20190284802_2019-06-10 15_06_21-lv1-16310-12946-4950-3583p0012.png,0.4976726,0.5023274
2019-07498-1-2-2_2019-05-29 08_30_31-lv1-46489-6224-11088-8360p0052.png,0.39508757,0.6049124
2019_04115_1-1_2019-02-20 20_13_37-lv1-40690-7875-4758-4116p0007.png,0.23879118,0.7612088
1903406001_2019-06-11 12_03_13-lv1-29267-17392-3773-3614p0006.png,0.4658254,0.5341746
2019-09191-1-1-1_2019-05-28 21_14_56-lv1-33108-20305-4335-2207p0010.png,0.54802793,0.45197207
2019-06-04 17_08_52-lv1-16428-11718-4556-4938p0023.png,0.40033013,0.5996699
2019-10737-1-3-3_2019-05-28 16_09_09-lv1-33179-13494-5260-6326p0009.png,0.6097605,0.39023948
D20190445103_2019-06-10 14_26_02-lv1-16400-15396-5392-7030p0029.png,0.68822134,0.31177866
2019-05890-1-5-5_2019-05-29 03_46_25-lv1-10646-28473-10848-8938p0018.png,0.6916646,0.30833545
2019-07502-1-1-1_2019-05-29 07_14_13-lv1-37002-16572-4175-7633p0035.png,0.22754198,0.772458
2019-10737-1-4-4_2019-05-28 16_02_11-lv1-21062-7815-8844-9859p0055.png,0.7821388,0.2178612
2019-07501-1-3-3_2019-05-29 07_53_41-lv1-35261-15594-3588-8743p0029.png,0.8247408,0.17525928
2019-07503-1-3-3_2019-05-29 06_41_43-lv1-36370-19523-6217-5844p0031.png,0.30356014,0.69643986
2019-10504-1-1-1_2019-05-28 17_44_07-lv1-28687-3202-15210-8684p0037.png,0.615458,0.384542
2019-10271-1-1-1_2019-05-28 18_14_37-lv1-34097-15088-2514-4255p0001.png,0.62223387,0.37776613
D20180715202_2019-05-21 13_14_56-lv1-26524-21829-4504-4625p0012.png,0.44482455,0.5551755
2019-10737-1-3-3_2019-05-28 16_09_09-lv1-33179-13494-5260-6326p0017.png,0.78251487,0.2174851
D20170951201_2019-05-14 14_41_50-lv1-27257-23870-4628-6000p0005.png,0.20901223,0.7909878
D20190284705_2019-06-10 15_10_34-lv1-16662-25829-5910-3664p0001.png,0.84461,0.15538998
D201801775B_2019-05-14 16_11_32-lv1-32232-31796-7646-5982p0034.png,0.37843537,0.6215646
2019-07460-1-1-1_2019-05-29 09_02_42-lv1-41874-3885-3865-2811p0001.png,0.54147434,0.45852563
2019-07506-1-3-3_2019-05-29 06_19_09-lv1-26994-7875-5933-4397p0017.png,0.41509295,0.58490705
D20170502603_2019-05-14 11_39_00-lv1-322-6285-19314-22701p0333.png,0.13491757,0.8650824
2019-08974-1-1-1_2019-05-28 23_56_10-lv1-53379-9747-9811-5861p0015.png,0.81444854,0.18555136
2019-08974-1-5-5_2019-05-28 23_17_50-lv1-33952-9759-6526-5268p0036.png,0.7779435,0.22205648
D201707788_2019-05-14 14_05_34-lv1-2777-15975-12688-9314p0047.png,0.14838775,0.8516122
D20170362101_2019-05-14 10_54_29-lv1-29935-31527-7716-4964p0013.png,0.15201986,0.84798014
2019-07501-1-3-3_2019-05-29 07_53_41-lv1-35261-15594-3588-8743p0017.png,0.8297021,0.1702979
D20170584502_2019-05-14 12_43_57-lv1-14744-78-19212-20032p0119.png,0.12042724,0.8795728
2019_06193_1-1_2019-02-20 20_52_35-lv1-62184-33080-4772-3401p0005.png,0.38323584,0.6167641
D20170502603_2019-05-14 11_39_00-lv1-322-6285-19314-22701p0100.png,0.2718588,0.7281412
2019_03867_1-1_2019-02-20 20_00_32-lv1-42426-15525-4353-3558p0003.png,0.36434776,0.63565224
2019-10195-1-1-1_2019-05-28 19_21_29-lv1-40740-12918-6524-8677p0020.png,0.5395203,0.46047968
1900838001_2019-04-30 10_15_23-lv1-20231-15672-6703-7495p0041.png,0.27306026,0.72693974
2019-08979-1-1-1_2019-05-28 22_36_37-lv1-43414-9050-8560-10324p0061.png,0.5040689,0.49593112
2019-08976-1-3-3_2019-05-28 22_53_15-lv1-33161-13840-6341-3222p0004.png,0.45924148,0.5407585
D20170584502_2019-05-14 12_43_57-lv1-14744-78-19212-20032p0137.png,0.12276048,0.8772395
2019-07501-1-3-3_2019-05-29 07_53_41-lv1-35261-15594-3588-8743p0019.png,0.5661834,0.4338166
D20190284705_2019-06-10 15_10_34-lv1-15598-12648-5733-5319p0025.png,0.5087643,0.49123567
2019-07805-1-1-1_2019-05-29 05_23_08-lv1-38935-29409-9948-4414p0039.png,0.62050754,0.37949243
2019-10296-1-1-1_2019-05-28 18_05_02-lv1-56485-13239-6689-7042p0046.png,0.13728797,0.862712
2019-09687-1-1-1_2019-05-28 19_57_12-lv1-60101-8892-4289-3546p0005.png,0.67852664,0.32147333
2019-07502-1-1-1_2019-05-29 07_14_13-lv1-45320-35367-4644-7384p0031.png,0.44979423,0.55020577
2019-06-11 00_58_36-lv1-820-6042-6546-12714p0081.png,0.47657013,0.5234299
2019-08241-1-1-1_2019-05-29 01_13_54-lv1-35328-31088-2673-4290p0003.png,0.59610087,0.40389913
D20170502603_2019-05-14 11_39_00-lv1-322-6285-19314-22701p0222.png,0.44066748,0.55933255
2019-05890-1-1-1_2019-05-29 04_16_22-lv1-32976-4306-7960-8482p0016.png,0.65959406,0.3404059
1902386002_2019-06-11 12_23_22-lv1-22824-31253-5676-4175p0031.png,0.21689402,0.783106
D20180723001_2019-06-10 13_01_20-lv1-17394-12710-6236-5782p0022.png,0.6792496,0.32075042
D20190296201_2019-06-10 14_50_28-lv1-38715-30688-5386-8775p0002.png,0.5449129,0.45508707
2019-08972-1-1-1_2019-05-29 00_06_22-lv1-43192-9800-4958-3383p0001.png,0.7710461,0.22895396
2019-08976-1-3-3_2019-05-28 22_53_15-lv1-31393-5940-12318-3950p0015.png,0.77630526,0.2236946
D20170502603_2019-05-14 11_39_00-lv1-322-6285-19314-22701p0053.png,0.141321,0.85867894
2019-07502-1-1-1_2019-05-29 07_14_13-lv1-45320-35367-4644-7384p0020.png,0.5280813,0.47191873
2019-08980-1-3-3_2019-05-28 21_23_16-lv1-46154-12136-4958-4110p0007.png,0.40489635,0.5951036
D201707788_2019-05-14 14_05_34-lv1-2777-15975-12688-9314p0006.png,0.09775497,0.90224504
D20170502603_2019-05-14 11_39_00-lv1-322-6285-19314-22701p0361.png,0.13422899,0.86577106
2019-08976-1-4-4_2019-05-28 22_46_07-lv1-41959-7311-4663-4432p0014.png,0.7962237,0.20377634
2019-08241-1-1-1_2019-05-29 01_13_54-lv1-36385-6963-3544-4165p0016.png,0.6480438,0.35195625
D20170951201_2019-05-14 14_41_50-lv1-28397-29427-7624-5334p0018.png,0.14840128,0.85159874
2019-10946-1-1-1_2019-05-28 15_40_39-lv1-22021-16267-4506-6971p0029.png,0.44552547,0.5544745
2019-05891-1-2-2_2019-05-29 03_30_03-lv1-22122-12185-5735-4874p0025.png,0.7590004,0.2409996
2019-11827-1-1-1_2019-05-28 14_14_04-lv1-37745-31126-5181-7796p0002.png,0.35243312,0.64756685
D20170502603_2019-05-14 11_39_00-lv1-322-6285-19314-22701p0186.png,0.11131302,0.888687
D201707227_2019-05-14 13_49_08-lv1-535-16796-26010-19568p0032.png,0.24408668,0.7559134
2019-10728-1-1-1_2019-05-29 10_20_36-lv1-41932-8116-7680-8493p0052.png,0.42396265,0.57603735
1902386002_2019-06-11 12_23_22-lv1-22889-36998-6328-5024p0028.png,0.23692343,0.76307666
2019_01120_1-1_2019-02-20 19_18_16-lv1-26931-18678-2999-4248p0004.png,0.23798198,0.762018
D20170951201_2019-05-14 14_41_50-lv1-27257-23870-4628-6000p0028.png,0.36490265,0.6350974
2019-08974-1-1-1_2019-05-28 23_56_10-lv1-53379-9747-9811-5861p0013.png,0.48338413,0.51661587
2019-07806-1-1-1_2019-05-29 02_30_26-lv1-51709-27019-5595-4076p0002.png,0.49001935,0.5099807
2019-08980-1-2-2_2019-05-28 21_32_39-lv1-68883-9330-4175-5937p0014.png,0.5472768,0.4527233
2019-10507-1-1-1_2019-05-28 17_41_21-lv1-32379-4783-6197-6790p0010.png,0.65423036,0.34576967
2019-08972-1-1-1_2019-05-29 00_06_22-lv1-43192-9800-4958-3383p0017.png,0.6262487,0.37375128
2019-08976-1-3-3_2019-05-28 22_53_15-lv1-31393-5940-12318-3950p0007.png,0.4923102,0.50768983
D20180792401_2019-05-21 13_38_34-lv1-29203-23944-15780-12986p0041.png,0.28830227,0.71169776
2019-10951-1-1-1_2019-05-28 15_32_06-lv1-46015-20331-12311-4414p0020.png,0.82864904,0.17135096
2019-10296-1-1-1_2019-05-28 18_05_02-lv1-56485-13239-6689-7042p0003.png,0.22035262,0.77964735
2019-08895-1-1-1_2019-05-29 00_16_03-lv1-32906-4373-5396-3862p0002.png,0.28018734,0.71981263
2019-05890-1-5-5_2019-05-29 03_46_25-lv1-10646-28473-10848-8938p0057.png,0.84091264,0.15908735
D20170502603_2019-05-14 11_39_00-lv1-322-6285-19314-22701p0037.png,0.13989583,0.86010414
2019-10503-1-1-1_2019-05-28 17_51_26-lv1-29114-7260-2985-14450p0032.png,0.62900627,0.37099373
2019-07501-1-1-1_2019-05-29 08_22_25-lv1-8582-14509-4265-3814p0002.png,0.37963936,0.6203607
2019-07460-1-2-2_2019-05-29 08_55_54-lv1-36101-18184-4447-2892p0008.png,0.71844983,0.2815502
D201803519_2019-05-14 15_14_44-lv1-28486-26603-10590-9935p0034.png,0.1889386,0.8110614
1901558001_2019-04-30 10_24_11-lv1-50393-31270-4213-7808p0018.png,0.12908201,0.870918
2019-10737-1-6-6_2019-05-28 15_47_35-lv1-19582-23423-8743-5611p0040.png,0.78127295,0.21872707
2019_01120_1-1_2019-02-20 19_18_16-lv1-27199-14351-3144-2966p0001.png,0.43257415,0.56742585
2018_83253_1-1_2019-02-20 18_38_45-lv1-4605-26032-2864-4185p0004.png,0.3438835,0.6561165
2019-10732-1-6-6_2019-05-28 16_33_17-lv1-43103-2848-6491-8333p0057.png,0.6888387,0.31116128
D20170584502_2019-05-14 12_43_57-lv1-8718-14653-7634-8076p0007.png,0.1808516,0.8191484
D20180056701_2019-05-21 09_50_58-lv1-27237-28645-8099-3942p0006.png,0.19625302,0.80374694
1900836001_2019-06-11 13_14_48-lv1-16806-16161-5025-3954p0009.png,0.15441976,0.8455802
2019-07805-1-1-1_2019-05-29 05_23_08-lv1-34745-28963-3989-6403p0026.png,0.3081246,0.69187534
2019-07502-1-1-1_2019-05-29 07_14_13-lv1-37002-16572-4175-7633p0010.png,0.6321543,0.36784577
2019-07498-1-2-2_2019-05-29 08_30_31-lv1-46489-6224-11088-8360p0037.png,0.28387424,0.7161258
2019-05890-1-1-1_2019-05-29 04_16_22-lv1-32976-4306-7960-8482p0054.png,0.28313315,0.71686685
2019-10737-1-4-4_2019-05-28 16_02_11-lv1-21062-7815-8844-9859p0051.png,0.7718469,0.22815306
2019-07503-1-3-3_2019-05-29 06_41_43-lv1-36370-19523-6217-5844p0021.png,0.6435446,0.3564554
2019-06-11 00_58_36-lv1-820-6042-6546-12714p0042.png,0.26807806,0.7319219
2019-08974-1-1-1_2019-05-28 23_56_10-lv1-33437-26695-7518-8983p0043.png,0.7101079,0.28989208
2019-05890-1-4-4_2019-05-29 03_52_40-lv1-32907-20569-8446-9156p0028.png,0.6648906,0.33510938
D20181047302_2019-06-10 11_38_18-lv1-2363-24324-4352-3675p0016.png,0.7323098,0.2676901
D20180792401_2019-05-21 13_38_34-lv1-29203-23944-15780-12986p0014.png,0.42504632,0.5749536
D201710920_2019-05-21 11_52_57-lv1-33661-31501-7087-7660p0006.png,0.18478315,0.8152169
2019-08895-1-1-1_2019-05-29 00_16_03-lv1-18024-33741-5509-2953p0013.png,0.40846676,0.59153324
2019-10213-1-1-1_2019-05-28 18_22_44-lv1-36516-19964-3912-3677p0007.png,0.72907394,0.27092612
2019-10504-1-1-1_2019-05-28 17_44_07-lv1-28687-3202-15210-8684p0012.png,0.573059,0.42694095
2019_06193_1-1_2019-02-20 20_52_35-lv1-64392-30113-4360-3423p0011.png,0.262439,0.737561
D20180723001_2019-06-10 13_01_20-lv1-17394-12710-6236-5782p0007.png,0.52421397,0.4757861
D20180792401_2019-05-21 13_38_34-lv1-29203-23944-15780-12986p0099.png,0.2952821,0.7047178
D20190296201_2019-06-10 14_50_28-lv1-29513-27821-9198-12108p0010.png,0.57718545,0.42281455
D20181047302_2019-06-10 11_38_18-lv1-2363-24324-4352-3675p0011.png,0.6683512,0.33164886
2019-05890-1-1-1_2019-05-29 04_16_22-lv1-32976-4306-7960-8482p0039.png,0.31733438,0.6826657
D20170568101_2019-05-14 12_34_44-lv1-32981-23308-6289-3057p0009.png,0.24304698,0.75695306
D201710920_2019-05-21 11_52_57-lv1-27184-25058-6217-9485p0002.png,0.3754458,0.6245542
D20180498101_2019-05-14 14_58_30-lv1-29229-6658-7712-6180p0017.png,0.11162485,0.8883752
D20180177401_2019-05-14 16_20_21-lv1-32896-24870-5099-5407p0011.png,0.29778215,0.7022178
2019-08979-1-1-1_2019-05-28 22_36_37-lv1-43414-9050-8560-10324p0042.png,0.47157905,0.528421
2019-10737-1-1-1_2019-05-28 16_25_50-lv1-28510-5095-6046-6046p0024.png,0.31576553,0.6842345
1900838001_2019-04-30 10_15_23-lv1-20231-15672-6703-7495p0004.png,0.5175622,0.48243776
2019-10737-1-6-6_2019-05-28 15_47_35-lv1-19582-23423-8743-5611p0037.png,0.7812865,0.2187135
D20180715202_2019-05-21 13_14_56-lv1-26524-21829-4504-4625p0005.png,0.14376318,0.8562368
2019-05891-1-2-2_2019-05-29 03_30_03-lv1-22122-12185-5735-4874p0014.png,0.8193752,0.18062472
2019-06-11 09_15_18-lv1-14414-13849-6581-6338p0001.png,0.42820823,0.57179177
1902386002_2019-06-11 12_23_22-lv1-38745-14876-5611-7177p0007.png,0.17817187,0.82182807
D20170502603_2019-05-14 11_39_00-lv1-322-6285-19314-22701p0041.png,0.16235484,0.8376451
D201707788_2019-05-14 14_05_34-lv1-2777-15975-12688-9314p0036.png,0.08737848,0.9126215
2019-08980-1-2-2_2019-05-28 21_32_39-lv1-68883-9330-4175-5937p0015.png,0.64566773,0.35433227
2019-06-11 01_00_50-lv1-1956-12720-11095-7901p0062.png,0.6175595,0.38244048
2019-08974-1-5-5_2019-05-28 23_17_50-lv1-33952-9759-6526-5268p0014.png,0.89455545,0.10544449
2019-09674-1-1-1_2019-05-28 20_06_49-lv1-53580-23000-5828-6432p0021.png,0.49237505,0.507625
D20170502603_2019-05-14 11_39_00-lv1-322-6285-19314-22701p0171.png,0.2314834,0.76851666
D20180723001_2019-06-10 13_01_20-lv1-17394-12710-6236-5782p0002.png,0.55701244,0.4429876
D20170502603_2019-05-14 11_39_00-lv1-322-6285-19314-22701p0263.png,0.13760605,0.862394
D201803511_2019-05-14 15_24_16-lv1-35489-31012-3664-4696p0006.png,0.20415007,0.79585
D20170502603_2019-05-14 11_39_00-lv1-322-6285-19314-22701p0349.png,0.15078846,0.8492115
D20180177401_2019-05-14 16_20_21-lv1-32193-32343-3516-6088p0017.png,0.18793458,0.8120654
D20170362101_2019-05-14 10_54_29-lv1-36452-24059-2947-5151p0002.png,0.53349715,0.4665028
D20190296201_2019-06-10 14_50_28-lv1-29513-27821-9198-12108p0078.png,0.16891444,0.8310856
2019-07805-1-1-1_2019-05-29 05_23_08-lv1-34745-28963-3989-6403p0004.png,0.53588176,0.46411833
D20170584502_2019-05-14 12_43_57-lv1-8718-14653-7634-8076p0036.png,0.19438326,0.8056166
D20190399001_2019-06-10 14_39_51-lv1-15260-15903-3982-1913p0002.png,0.7654278,0.23457225
2019-05890-1-1-1_2019-05-29 04_16_22-lv1-32976-4306-7960-8482p0063.png,0.7985172,0.2014829
1902369001_2019-06-11 12_30_17-lv1-24621-16433-4669-6003p0032.png,0.1461986,0.85380137
D20180498101_2019-05-14 14_58_30-lv1-29229-6658-7712-6180p0040.png,0.15987442,0.8401256
2019-08980-1-2-2_2019-05-28 21_32_39-lv1-68883-9330-4175-5937p0023.png,0.82601315,0.17398688
2019-08979-1-1-1_2019-05-28 22_36_37-lv1-43414-9050-8560-10324p0045.png,0.4732406,0.5267594
1903406001_2019-06-11 12_03_13-lv1-16299-14974-3560-3906p0001.png,0.77045715,0.22954293
D201801775B_2019-05-14 16_11_32-lv1-32232-31796-7646-5982p0005.png,0.15418378,0.84581614
2019-08974-1-1-1_2019-05-28 23_56_10-lv1-33437-26695-7518-8983p0042.png,0.87923646,0.12076353
1900769002_2019-06-11 13_19_00-lv1-16645-13460-4716-4003p0015.png,0.5090815,0.49091852
2019-05890-1-5-5_2019-05-29 03_46_25-lv1-10646-28473-10848-8938p0001.png,0.6369459,0.36305416
2019-05890-1-1-1_2019-05-29 04_16_22-lv1-25799-22836-8286-7829p0046.png,0.54450375,0.4554963
2019-06-11 00_58_36-lv1-820-6042-6546-12714p0032.png,0.27372387,0.7262761
2019-08974-1-3-3_2019-05-28 23_36_34-lv1-47912-7170-4032-4565p0008.png,0.41976544,0.5802346
D20190296201_2019-06-10 14_50_28-lv1-38715-30688-5386-8775p0008.png,0.20868427,0.7913157
2019-10732-1-4-4_2019-05-28 16_46_57-lv1-36798-25730-4427-4159p0015.png,0.64428765,0.35571232
D20170502603_2019-05-14 11_39_00-lv1-322-6285-19314-22701p0228.png,0.12916167,0.87083834
1903406001_2019-06-11 12_03_13-lv1-29267-17392-3773-3614p0014.png,0.7832066,0.21679342
2019-10732-1-6-6_2019-05-28 16_33_17-lv1-43103-2848-6491-8333p0019.png,0.8256933,0.17430677
D201802734_2019-05-14 15_33_06-lv1-27790-35298-7029-4792p0017.png,0.20140459,0.7985954
2019-06-11 00_58_36-lv1-820-6042-6546-12714p0033.png,0.35498363,0.6450164
2019-08974-1-1-1_2019-05-28 23_56_10-lv1-33437-26695-7518-8983p0003.png,0.54402155,0.45597845
2019_03867_1-1_2019-02-20 20_00_32-lv1-45818-32740-4663-5324p0018.png,0.41290304,0.5870969
2019-08979-1-1-1_2019-05-28 22_36_37-lv1-43414-9050-8560-10324p0083.png,0.6330202,0.3669798
2019-07498-1-2-2_2019-05-29 08_30_31-lv1-46489-6224-11088-8360p0064.png,0.5822816,0.4177184
2019_05944_1-1_2019-02-20 20_42_06-lv1-39021-20282-4099-4249p0009.png,0.24607162,0.7539284
2019-10195-1-1-1_2019-05-28 19_21_29-lv1-40740-12918-6524-8677p0035.png,0.60276294,0.3972371
2019-10507-1-1-1_2019-05-28 17_41_21-lv1-32379-4783-6197-6790p0030.png,0.72141486,0.2785851
2019-08863-1-1-1_2019-05-29 00_31_57-lv1-26775-8699-9357-4453p0016.png,0.5869498,0.41305023
D20170584502_2019-05-14 12_43_57-lv1-8718-14653-7634-8076p0006.png,0.14713041,0.8528696
D20180572305_2019-06-10 13_42_00-lv1-1471-3213-2510-2628p0004.png,0.63652724,0.36347273
2019-08974-1-4-4_2019-05-28 23_27_16-lv1-43017-11764-6185-6306p0033.png,0.45830336,0.54169667
2019-10951-1-1-1_2019-05-28 15_32_06-lv1-46015-20331-12311-4414p0035.png,0.82976294,0.17023708
2019-08974-1-3-3_2019-05-28 23_36_34-lv1-47912-7170-4032-4565p0011.png,0.7254264,0.2745736
D20180498101_2019-05-14 14_58_30-lv1-29229-6658-7712-6180p0005.png,0.15936506,0.84063494
2019-10195-1-1-1_2019-05-28 19_21_29-lv1-40740-12918-6524-8677p0017.png,0.744251,0.25574902
D20170951201_2019-05-14 14_41_50-lv1-27257-23870-4628-6000p0002.png,0.37752935,0.6224706
1800769002_2019-06-11 13_32_47-lv1-38941-15268-2353-4445p0008.png,0.31313443,0.6868656
2019-08980-1-1-1_2019-05-28 21_41_50-lv1-56141-20419-6353-6092p0037.png,0.40098697,0.59901303
D20180056701_2019-05-21 09_50_58-lv1-27543-34059-6966-5648p0035.png,0.5158127,0.48418728
D201802734_2019-05-14 15_33_06-lv1-34389-27289-3641-4065p0005.png,0.07581657,0.9241834
D20181010201_2019-05-21 14_08_09-lv1-57001-816-15224-14673p0012.png,0.41821265,0.58178735
D20180723501_2019-06-10 13_47_37-lv1-15778-1569-3997-4912p0012.png,0.5269249,0.4730751
2019-11827-1-1-1_2019-05-28 14_14_04-lv1-37745-31126-5181-7796p0011.png,0.8341481,0.1658519
2018_83253_1-1_2019-02-20 18_38_45-lv1-883-22059-4376-3680p0010.png,0.18126912,0.8187309
2019-08979-1-5-5_2019-05-28 22_01_00-lv1-42518-23241-6676-7789p0015.png,0.8232802,0.17671978
D20180056701_2019-05-21 09_50_58-lv1-27543-34059-6966-5648p0007.png,0.4457793,0.5542207
2019_04115_1-1_2019-02-20 20_13_37-lv1-40690-7875-4758-4116p0008.png,0.19149266,0.8085074
2018_83253_1-1_2019-02-20 18_38_45-lv1-883-22059-4376-3680p0001.png,0.4075104,0.5924896
D20170584502_2019-05-14 12_43_57-lv1-14744-78-19212-20032p0078.png,0.25942278,0.7405772
1900838001_2019-04-30 10_15_23-lv1-20231-15672-6703-7495p0030.png,0.5449725,0.45502752
2019_03867_1-1_2019-02-20 20_00_32-lv1-31886-30525-3881-4663p0001.png,0.3759365,0.62406343
D20170503802_2019-05-14 11_50_43-lv1-36345-35501-7085-3382p0007.png,0.43838277,0.56161726
1902386002_2019-06-11 12_23_22-lv1-38745-14876-5611-7177p0026.png,0.1993575,0.8006424
D20190296201_2019-06-10 14_50_28-lv1-29513-27821-9198-12108p0041.png,0.20571151,0.79428846
2019-10737-1-4-4_2019-05-28 16_02_11-lv1-21062-7815-8844-9859p0030.png,0.81804115,0.1819588
2019-08979-1-5-5_2019-05-28 22_01_00-lv1-49604-12407-8550-4392p0012.png,0.8228932,0.17710675
D20190445103_2019-06-10 14_26_02-lv1-16400-15396-5392-7030p0023.png,0.78196734,0.21803267
D20170568101_2019-05-14 12_34_44-lv1-31812-26175-6401-3317p0006.png,0.44630444,0.55369556
2019-10732-1-4-4_2019-05-28 16_46_57-lv1-36798-25730-4427-4159p0014.png,0.5703122,0.42968777
1901940-1_2019-04-30 10_30_47-lv1-40561-17303-4906-4343p0020.png,0.14057566,0.8594243
D20170502603_2019-05-14 11_39_00-lv1-322-6285-19314-22701p0137.png,0.12144088,0.8785591
2019-10737-1-2-2_2019-05-28 16_19_15-lv1-30685-21461-7932-5491p0006.png,0.6595419,0.34045812
2019-07498-1-1-1_2019-05-29 08_39_10-lv1-37980-7135-8091-5797p0001.png,0.79827535,0.20172457
2019_04115_1-1_2019-02-20 20_13_37-lv1-40690-7875-4758-4116p0012.png,0.445969,0.554031
2019-10327-1-1-1_2019-05-28 17_55_39-lv1-34492-22003-4074-4533p0007.png,0.36459556,0.6354044
2019-08976-1-3-3_2019-05-28 22_53_15-lv1-31393-5940-12318-3950p0051.png,0.84411186,0.1558881
2019-10507-1-1-1_2019-05-28 17_41_21-lv1-32379-4783-6197-6790p0007.png,0.23907138,0.76092863
2019-10737-1-4-4_2019-05-28 16_02_11-lv1-21062-7815-8844-9859p0025.png,0.71127766,0.2887224
D201707788_2019-05-14 14_05_34-lv1-2777-15975-12688-9314p0031.png,0.14202419,0.85797584
D20180723501_2019-06-10 13_47_37-lv1-15778-1569-3997-4912p0009.png,0.26591924,0.73408073
2019-06-11 00_58_36-lv1-820-6042-6546-12714p0070.png,0.19824088,0.8017592
2019-07506-1-4-4_2019-05-29 01_58_32-lv1-17822-9656-3294-5907p0008.png,0.3070571,0.69294286
2019-08976-1-3-3_2019-05-28 22_53_15-lv1-31393-5940-12318-3950p0044.png,0.7208422,0.27915782
D20190296201_2019-06-10 14_50_28-lv1-29513-27821-9198-12108p0012.png,0.41246292,0.5875371
2019-10503-1-1-1_2019-05-28 17_51_26-lv1-29114-7260-2985-14450p0004.png,0.5365492,0.46345076
1800127001_2019-04-30 10_40_02-lv1-1001-22444-3989-3967p0002.png,0.4862773,0.51372266
1900838001_2019-04-30 10_15_23-lv1-20231-15672-6703-7495p0009.png,0.49140543,0.50859463
2019-07506-1-6-6_2019-05-29 06_02_44-lv1-32194-35205-4849-3472p0005.png,0.59739536,0.40260455
2019-10732-1-5-5_2019-05-28 16_40_29-lv1-37280-16311-8989-5437p0020.png,0.61507374,0.38492623
2019-08979-1-5-5_2019-05-28 22_01_00-lv1-42518-23241-6676-7789p0019.png,0.83988136,0.16011865
2019-08979-1-3-3_2019-05-28 22_17_51-lv1-42656-17844-6415-7137p0004.png,0.48613933,0.5138607
2019-06-11 09_15_18-lv1-23037-23173-3077-4387p0007.png,0.2481975,0.7518025
2019-05891-1-2-2_2019-05-29 03_30_03-lv1-22122-12185-5735-4874p0017.png,0.5213627,0.47863728
D20170584502_2019-05-14 12_43_57-lv1-863-489-13565-15647p0001.png,0.13248211,0.86751795
1902386002_2019-06-11 12_23_22-lv1-38745-14876-5611-7177p0002.png,0.17257068,0.8274293
D20170584502_2019-05-14 12_43_57-lv1-14744-78-19212-20032p0106.png,0.14722683,0.8527732
1901558001_2019-04-30 10_24_11-lv1-50393-31270-4213-7808p0028.png,0.2458552,0.7541448
1900838001_2019-04-30 10_15_23-lv1-20231-15672-6703-7495p0044.png,0.36728477,0.6327152
D20170502603_2019-05-14 11_39_00-lv1-322-6285-19314-22701p0167.png,0.13981317,0.8601868
D20180177401_2019-05-14 16_20_21-lv1-32896-24870-5099-5407p0001.png,0.5636538,0.43634617
2019-05890-1-5-5_2019-05-29 03_46_25-lv1-10646-28473-10848-8938p0011.png,0.7508171,0.24918282
D20180177401_2019-05-14 16_20_21-lv1-32896-24870-5099-5407p0006.png,0.18380836,0.8161917
2019-08886-1-1-1_2019-05-29 00_21_36-lv1-49044-5996-4707-4384p0014.png,0.3424326,0.65756744
D20170584502_2019-05-14 12_43_57-lv1-14744-78-19212-20032p0027.png,0.16966853,0.83033144
D20170584502_2019-05-14 12_43_57-lv1-8718-14653-7634-8076p0032.png,0.16249737,0.83750254
2019-10728-1-1-1_2019-05-29 10_20_36-lv1-41932-8116-7680-8493p0029.png,0.7571896,0.24281034
2019-06-11 00_46_38-lv1-3641-3675-3908-5775p0012.png,0.672744,0.32725596
D20181168805_2019-06-10 11_18_54-lv1-14997-12159-3546-4610p0017.png,0.7789387,0.22106127
D20180056701_2019-05-21 09_50_58-lv1-27237-28645-8099-3942p0025.png,0.35311192,0.6468881
2019-08261-1-1-1_2019-05-29 01_05_21-lv1-45083-13771-4787-2600p0010.png,0.5192298,0.48077017
D20180056701_2019-05-21 09_50_58-lv1-27237-28645-8099-3942p0001.png,0.35734853,0.64265144
D201802733_2019-05-14 15_41_01-lv1-18828-14936-7756-5310p0004.png,0.16288999,0.8371101
2019-10327-1-1-1_2019-05-28 17_55_39-lv1-39509-20348-2393-2088p0004.png,0.36131817,0.6386818
2019_03867_1-1_2019-02-20 20_00_32-lv1-36172-15430-6105-5822p0002.png,0.67913544,0.32086462
D20180498101_2019-05-14 14_58_30-lv1-29229-6658-7712-6180p0035.png,0.13407406,0.8659259
2019-10213-1-1-1_2019-05-28 18_22_44-lv1-36516-19964-3912-3677p0003.png,0.69096315,0.30903688
2019-07501-1-3-3_2019-05-29 07_53_41-lv1-28802-27730-4306-8351p0019.png,0.5685258,0.4314742
D20180177401_2019-05-14 16_20_21-lv1-32896-24870-5099-5407p0015.png,0.14504063,0.85495937
D20181284101_2019-06-10 10_53_49-lv1-27192-17731-4406-2579p0012.png,0.5981332,0.40186676
2019_07896_1-1_2019-02-20 21_18_02-lv1-8384-9043-4423-2459p0008.png,0.490047,0.50995296
D20190296201_2019-06-10 14_50_28-lv1-29513-27821-9198-12108p0014.png,0.5352091,0.46479088
2019-07502-1-1-1_2019-05-29 07_14_13-lv1-45320-35367-4644-7384p0019.png,0.39208576,0.60791427
2019-06-11 01_00_50-lv1-1956-12720-11095-7901p0018.png,0.5349754,0.46502465
2019_03867_1-1_2019-02-20 20_00_32-lv1-45818-32740-4663-5324p0001.png,0.6145786,0.38542143
2019_01246_1-1_2019-02-20 19_23_52-lv1-43392-4103-4387-2023p0007.png,0.7018264,0.29817367
1902386002_2019-06-11 12_23_22-lv1-22889-36998-6328-5024p0018.png,0.20092218,0.79907787
2019-07498-1-2-2_2019-05-29 08_30_31-lv1-46489-6224-11088-8360p0042.png,0.17909347,0.8209066
2019-08979-1-3-3_2019-05-28 22_17_51-lv1-42656-17844-6415-7137p0036.png,0.5626449,0.43735504
2019-05891-1-2-2_2019-05-29 03_30_03-lv1-22122-12185-5735-4874p0003.png,0.77553576,0.22446428
2019-11842-1-1-1_2019-05-28 14_22_48-lv1-39336-11723-3567-4332p0001.png,0.73721504,0.26278493
2019-07806-1-1-1_2019-05-29 02_30_26-lv1-45859-24463-4952-4414p0003.png,0.45751175,0.5424882
2019-10951-1-1-1_2019-05-28 15_32_06-lv1-46015-20331-12311-4414p0002.png,0.76941496,0.230585
D20190296201_2019-06-10 14_50_28-lv1-29513-27821-9198-12108p0008.png,0.6169133,0.3830867
2019-08980-1-2-2_2019-05-28 21_32_39-lv1-57725-8547-5676-5415p0021.png,0.4148522,0.58514774
2019_07896_1-1_2019-02-20 21_18_02-lv1-8384-9043-4423-2459p0001.png,0.6973073,0.30269277
D20170502603_2019-05-14 11_39_00-lv1-322-6285-19314-22701p0166.png,0.14145172,0.85854834
D20170951201_2019-05-14 14_41_50-lv1-36112-30930-4033-4568p0009.png,0.2763595,0.7236405
D20181168805_2019-06-10 11_18_54-lv1-14997-12159-3546-4610p0018.png,0.84713733,0.15286262
2019-08976-1-4-4_2019-05-28 22_46_07-lv1-41959-7311-4663-4432p0006.png,0.7112238,0.28877628
2019-07805-1-1-1_2019-05-29 05_23_08-lv1-38935-29409-9948-4414p0035.png,0.3516724,0.6483276
D20190284705_2019-06-10 15_10_34-lv1-15598-12648-5733-5319p0011.png,0.6122409,0.38775903
2019-10737-1-5-5_2019-05-28 15_54_44-lv1-25060-15448-3841-2797p0006.png,0.53369975,0.46630025
D20170584502_2019-05-14 12_43_57-lv1-863-489-13565-15647p0031.png,0.20180827,0.7981918
2019-08976-1-2-2_2019-05-28 22_58_46-lv1-41616-6944-5288-5351p0026.png,0.33722523,0.6627748
2019-10737-1-4-4_2019-05-28 16_02_11-lv1-21062-7815-8844-9859p0017.png,0.69677705,0.30322298
2018_78758_1-1_2019-02-21 01_17_57-lv1-12181-25196-6860-3083p0018.png,0.16447,0.83553
D20170951201_2019-05-14 14_41_50-lv1-27257-23870-4628-6000p0019.png,0.14442046,0.8555795
2019-07502-1-1-1_2019-05-29 07_14_13-lv1-37002-16572-4175-7633p0003.png,0.45942387,0.54057616
D20181010201_2019-05-21 14_08_09-lv1-57001-816-15224-14673p0007.png,0.39444652,0.6055535
2019-05890-1-5-5_2019-05-29 03_46_25-lv1-10646-28473-10848-8938p0023.png,0.85411006,0.14588994
D20180056701_2019-05-21 09_50_58-lv1-23029-29289-3105-7538p0022.png,0.3996929,0.60030717
D20190381406_2019-06-10 14_42_20-lv1-733-24093-3432-3084p0011.png,0.3152061,0.68479395
D20190296201_2019-06-10 14_50_28-lv1-29513-27821-9198-12108p0040.png,0.2758459,0.72415406
D201802733_2019-05-14 15_48_17-lv1-27927-31736-4219-5542p0007.png,0.21716633,0.7828336
1902369001_2019-06-11 12_30_17-lv1-24621-16433-4669-6003p0011.png,0.26105288,0.7389471
2019-05890-1-1-1_2019-05-29 04_16_22-lv1-32976-4306-7960-8482p0043.png,0.5285593,0.47144067
D20170568101_2019-05-14 12_34_44-lv1-31812-26175-6401-3317p0014.png,0.40215313,0.59784687
D20180723001_2019-06-10 13_01_20-lv1-17394-12710-6236-5782p0027.png,0.8101878,0.18981212
1902386002_2019-06-11 12_23_22-lv1-38745-14876-5611-7177p0024.png,0.16554876,0.8344512
2019-08980-1-2-2_2019-05-28 21_32_39-lv1-57725-8547-5676-5415p0033.png,0.79729927,0.20270072
2019-06-11 09_15_18-lv1-20478-17628-3991-6155p0006.png,0.4277735,0.57222646
2019-08980-1-2-2_2019-05-28 21_32_39-lv1-68883-9330-4175-5937p0013.png,0.5907295,0.40927052
2019-10504-1-1-1_2019-05-28 17_44_07-lv1-28687-3202-15210-8684p0016.png,0.3865526,0.6134474
D20180723501_2019-06-10 13_47_37-lv1-5074-30454-4941-5296p0026.png,0.39026093,0.6097391
1900838001_2019-04-30 10_15_23-lv1-20231-15672-6703-7495p0038.png,0.190108,0.809892
2019-10732-1-4-4_2019-05-28 16_46_57-lv1-36798-25730-4427-4159p0002.png,0.8313099,0.16869009
1902427001_2019-06-11 12_12_29-lv1-18613-16414-3481-3606p0008.png,0.21874508,0.78125495
2019-07806-1-1-1_2019-05-29 02_30_26-lv1-51709-27019-5595-4076p0017.png,0.42323112,0.5767689
D201802734_2019-05-14 15_33_06-lv1-27790-35298-7029-4792p0034.png,0.12729503,0.872705
D20190284705_2019-06-10 15_10_34-lv1-15598-12648-5733-5319p0006.png,0.729554,0.27044603
D20181010201_2019-05-21 14_08_09-lv1-57001-816-15224-14673p0004.png,0.41019753,0.58980244
D20170502603_2019-05-14 11_39_00-lv1-322-6285-19314-22701p0008.png,0.11404176,0.88595825
D20180498101_2019-05-14 14_58_30-lv1-31412-229-5257-6451p0008.png,0.19551438,0.8044856
D20170568101_2019-05-14 12_34_44-lv1-32981-23308-6289-3057p0018.png,0.3526744,0.6473256
2019-05890-1-1-1_2019-05-29 04_16_22-lv1-32976-4306-7960-8482p0041.png,0.616889,0.38311097
D20180792401_2019-05-21 13_38_34-lv1-29203-23944-15780-12986p0093.png,0.15371554,0.8462845
D201803519_2019-05-14 15_14_44-lv1-28486-26603-10590-9935p0015.png,0.48319873,0.51680124
2019-10737-1-1-1_2019-05-28 16_25_50-lv1-28510-5095-6046-6046p0037.png,0.6724563,0.3275437
2019-07460-1-2-2_2019-05-29 08_55_54-lv1-40848-18265-2155-3546p0001.png,0.64218676,0.35781327
2019-10946-1-1-1_2019-05-28 15_40_39-lv1-22021-16267-4506-6971p0023.png,0.48331612,0.5166839
1901558001_2019-04-30 10_24_11-lv1-54922-32041-3594-3236p0007.png,0.08768696,0.91231304
1902369001_2019-06-11 12_30_17-lv1-24621-16433-4669-6003p0031.png,0.25222754,0.7477724
2018_83253_1-1_2019-02-20 18_38_45-lv1-4605-26032-2864-4185p0003.png,0.385745,0.614255
D20190445103_2019-06-10 14_26_02-lv1-16400-15396-5392-7030p0010.png,0.63886607,0.36113393
D20170502603_2019-05-14 11_39_00-lv1-322-6285-19314-22701p0046.png,0.12113664,0.87886333
2019-06-11 00_58_36-lv1-820-6042-6546-12714p0074.png,0.32469532,0.67530465
2019-08976-1-3-3_2019-05-28 22_53_15-lv1-27252-10804-5418-2621p0013.png,0.78683656,0.21316347
2019-09687-1-1-1_2019-05-28 19_57_12-lv1-60101-8892-4289-3546p0010.png,0.53329337,0.46670663
1901558001_2019-04-30 10_24_11-lv1-54922-32041-3594-3236p0003.png,0.21875528,0.7812447
2019_06193_1-1_2019-02-20 20_52_35-lv1-64392-30113-4360-3423p0003.png,0.27973232,0.72026765
2019-05890-1-6-6_2019-05-29 03_40_51-lv1-20530-15421-6231-3147p0003.png,0.64494836,0.35505164
2019-06-11 00_46_38-lv1-9591-8750-3967-5483p0003.png,0.499231,0.50076896
2019-10732-1-2-2_2019-05-28 17_07_02-lv1-20190-24783-6547-8251p0033.png,0.69409573,0.30590418
D20170518201_2019-05-14 12_05_30-lv1-33535-33090-5096-5832p0021.png,0.4059297,0.59407026
D20170584502_2019-05-14 12_43_57-lv1-14744-78-19212-20032p0055.png,0.09965143,0.90034866
1902369001_2019-06-11 12_30_17-lv1-24621-16433-4669-6003p0014.png,0.2573742,0.7426258
D20181010201_2019-05-21 14_08_09-lv1-57001-816-15224-14673p0008.png,0.3515558,0.64844424
2019-07460-1-2-2_2019-05-29 08_55_54-lv1-36101-18184-4447-2892p0012.png,0.4594402,0.54055977
D20170584502_2019-05-14 12_43_57-lv1-863-489-13565-15647p0023.png,0.10909518,0.8909048
2019-08980-1-2-2_2019-05-28 21_32_39-lv1-68883-9330-4175-5937p0019.png,0.5614545,0.43854553
D20180792401_2019-05-21 13_38_34-lv1-29203-23944-15780-12986p0067.png,0.2240188,0.7759812
D201709874_2019-05-21 12_42_42-lv1-26505-15151-4357-3590p0004.png,0.20366529,0.79633474
2019-10327-1-1-1_2019-05-28 17_55_39-lv1-34492-22003-4074-4533p0015.png,0.26485083,0.7351492
D20170502603_2019-05-14 11_39_00-lv1-322-6285-19314-22701p0090.png,0.15975317,0.8402468
2019-08974-1-4-4_2019-05-28 23_27_16-lv1-43017-11764-6185-6306p0007.png,0.5980352,0.40196472
2019-10737-1-4-4_2019-05-28 16_02_11-lv1-21062-7815-8844-9859p0006.png,0.6438385,0.35616145
2019-10732-1-6-6_2019-05-28 16_33_17-lv1-43103-2848-6491-8333p0048.png,0.78686047,0.2131395
D20180056701_2019-05-21 09_50_58-lv1-27543-34059-6966-5648p0032.png,0.20202896,0.797971
2019-07498-1-2-2_2019-05-29 08_30_31-lv1-46489-6224-11088-8360p0036.png,0.29239208,0.7076079
D20170502603_2019-05-14 11_39_00-lv1-322-6285-19314-22701p0262.png,0.11407344,0.88592654
2019-07501-1-4-4_2019-05-29 07_36_59-lv1-43309-12585-7519-4764p0012.png,0.81585264,0.18414742
2019-10737-1-6-6_2019-05-28 15_47_35-lv1-19582-23423-8743-5611p0035.png,0.81603134,0.1839687
2019-08976-1-2-2_2019-05-28 22_58_46-lv1-47095-5988-1911-3886p0003.png,0.4970204,0.50297964
D20180723501_2019-06-10 13_47_37-lv1-5074-30454-4941-5296p0006.png,0.57273906,0.42726097
2019-07805-1-1-1_2019-05-29 05_23_08-lv1-38935-29409-9948-4414p0014.png,0.5772256,0.42277437
2019-08974-1-1-1_2019-05-28 23_56_10-lv1-53379-9747-9811-5861p0014.png,0.6782167,0.3217832
2019-05890-1-1-1_2019-05-29 04_16_22-lv1-25799-22836-8286-7829p0007.png,0.7184489,0.28155112
2019-08976-1-4-4_2019-05-28 22_46_07-lv1-37015-6427-4484-5834p0003.png,0.6703584,0.32964155
2019-05890-1-3-3_2019-05-29 04_02_08-lv1-33554-13476-4846-5024p0023.png,0.60021025,0.3997898
2019-07502-1-1-1_2019-05-29 07_14_13-lv1-37002-16572-4175-7633p0009.png,0.7915939,0.20840602
2019-07460-1-1-1_2019-05-29 09_02_42-lv1-36814-6579-3841-3433p0014.png,0.49676716,0.50323284
D20181168805_2019-06-10 11_18_54-lv1-18579-12686-3858-4185p0015.png,0.791086,0.20891394
D201803519_2019-05-14 15_14_44-lv1-28486-26603-10590-9935p0062.png,0.21813107,0.78186893
2019-08976-1-3-3_2019-05-28 22_53_15-lv1-31393-5940-12318-3950p0048.png,0.8484563,0.15154365
2019-07805-1-1-1_2019-05-29 05_23_08-lv1-36211-36202-4081-3539p0004.png,0.5174791,0.48252088
2019-10195-1-1-1_2019-05-28 19_21_29-lv1-40740-12918-6524-8677p0019.png,0.7127666,0.28723344
2019-08979-1-4-4_2019-05-28 22_09_04-lv1-57922-3131-4306-5937p0029.png,0.68619615,0.31380385
2019-07498-1-2-2_2019-05-29 08_30_31-lv1-25906-27222-11411-7160p0025.png,0.25525784,0.74474216
2019-08140-1-1-1_2019-05-29 01_22_08-lv1-37576-9838-4308-5583p0009.png,0.58202785,0.41797215
D20170502603_2019-05-14 11_39_00-lv1-322-6285-19314-22701p0322.png,0.17562807,0.824372
D20170502603_2019-05-14 11_39_00-lv1-322-6285-19314-22701p0128.png,0.12633333,0.87366664
2019-10732-1-6-6_2019-05-28 16_33_17-lv1-43103-2848-6491-8333p0042.png,0.88841605,0.111584
2019-10732-1-2-2_2019-05-28 17_07_02-lv1-20190-24783-6547-8251p0021.png,0.5517928,0.44820717
2019-10946-1-1-1_2019-05-28 15_40_39-lv1-22021-16267-4506-6971p0026.png,0.7437719,0.25622812
D201709874_2019-05-21 12_42_42-lv1-31315-17194-2766-2641p0008.png,0.3836649,0.61633503
2019-08979-1-1-1_2019-05-28 22_36_37-lv1-43414-9050-8560-10324p0043.png,0.7530652,0.24693482
2019-09687-1-1-1_2019-05-28 19_57_12-lv1-49087-30726-6141-5333p0017.png,0.4131024,0.58689755
D20170584502_2019-05-14 12_43_57-lv1-8718-14653-7634-8076p0030.png,0.23991463,0.76008546
D201802733_2019-05-14 15_48_17-lv1-27927-31736-4219-5542p0001.png,0.61577356,0.3842264
D20180102901_2019-05-21 09_38_51-lv1-36547-27341-10626-9816p0041.png,0.13793984,0.8620602
2019-07498-1-2-2_2019-05-29 08_30_31-lv1-46489-6224-11088-8360p0049.png,0.4873282,0.51267177
1800769002_2019-06-11 13_32_47-lv1-36878-15878-2411-4096p0008.png,0.6482905,0.35170957
1900838001_2019-04-30 10_15_23-lv1-20231-15672-6703-7495p0001.png,0.5203338,0.47966617
2019-08979-1-1-1_2019-05-28 22_36_37-lv1-43414-9050-8560-10324p0085.png,0.6809547,0.31904528
D20170502603_2019-05-14 11_39_00-lv1-322-6285-19314-22701p0031.png,0.14073081,0.85926914
D20171243404_2019-05-21 11_08_16-lv1-34700-28211-3630-4561p0004.png,0.18211003,0.81789
1901558001_2019-04-30 10_24_11-lv1-53781-36766-3290-3779p0008.png,0.27639714,0.7236029
2019-07502-1-1-1_2019-05-29 07_14_13-lv1-37002-16572-4175-7633p0006.png,0.44768843,0.55231154
D20180056701_2019-05-21 09_50_58-lv1-27237-28645-8099-3942p0023.png,0.61584747,0.38415253
2019-07506-1-3-3_2019-05-29 06_19_09-lv1-26994-7875-5933-4397p0022.png,0.6141933,0.38580665
2019-08974-1-5-5_2019-05-28 23_17_50-lv1-33952-9759-6526-5268p0006.png,0.70984274,0.2901573
2019-07506-1-4-4_2019-05-29 01_58_32-lv1-17822-9656-3294-5907p0012.png,0.29643795,0.703562
2019-10737-1-6-6_2019-05-28 15_47_35-lv1-19582-23423-8743-5611p0044.png,0.8965304,0.10346965
D20170502603_2019-05-14 11_39_00-lv1-322-6285-19314-22701p0024.png,0.13575082,0.8642492
D201802734_2019-05-14 15_33_06-lv1-34389-27289-3641-4065p0011.png,0.09992889,0.90007114
2019-10737-1-6-6_2019-05-28 15_47_35-lv1-19582-23423-8743-5611p0029.png,0.62917495,0.37082505
2019-07506-1-6-6_2019-05-29 06_02_44-lv1-32194-35205-4849-3472p0015.png,0.6934492,0.30655077
1800769002_2019-06-11 13_32_47-lv1-36878-15878-2411-4096p0005.png,0.47374904,0.5262509
2019_07896_1-1_2019-02-20 21_18_02-lv1-8871-6172-4468-2821p0002.png,0.30016264,0.6998374
2019-10195-1-1-1_2019-05-28 19_21_29-lv1-40740-12918-6524-8677p0043.png,0.8002092,0.1997908
2019-07460-1-1-1_2019-05-29 09_02_42-lv1-41874-3885-3865-2811p0006.png,0.3359691,0.66403097
2019-07498-1-2-2_2019-05-29 08_30_31-lv1-46489-6224-11088-8360p0028.png,0.23372728,0.7662727
D20170518201_2019-05-14 12_05_30-lv1-39601-28026-5393-3901p0020.png,0.14044192,0.8595581
D201707227_2019-05-14 13_49_08-lv1-535-16796-26010-19568p0030.png,0.09876698,0.90123296
D201711541_2019-05-21 11_28_51-lv1-32674-26736-3766-4770p0009.png,0.12984285,0.8701571
D20190296201_2019-06-10 14_50_28-lv1-29513-27821-9198-12108p0011.png,0.4577645,0.54223543
D20190296201_2019-06-10 14_50_28-lv1-38715-30688-5386-8775p0019.png,0.4511086,0.5488914
D20170502603_2019-05-14 11_39_00-lv1-322-6285-19314-22701p0249.png,0.1314816,0.8685185
D20190284705_2019-06-10 15_10_34-lv1-16662-25829-5910-3664p0014.png,0.37025672,0.62974334
2019-10737-1-1-1_2019-05-28 16_25_50-lv1-28510-5095-6046-6046p0005.png,0.8270966,0.17290337
D201707788_2019-05-14 14_05_34-lv1-2777-15975-12688-9314p0026.png,0.06447436,0.93552566
2019-07498-1-2-2_2019-05-29 08_30_31-lv1-46489-6224-11088-8360p0008.png,0.35886127,0.6411387
2019-10737-1-1-1_2019-05-28 16_25_50-lv1-28510-5095-6046-6046p0011.png,0.652998,0.34700203
D20181284101_2019-06-10 10_53_49-lv1-27192-17731-4406-2579p0010.png,0.48744428,0.5125557
D20170951201_2019-05-14 14_41_50-lv1-28397-29427-7624-5334p0012.png,0.15263638,0.8473636
2019-10213-1-1-1_2019-05-28 18_22_44-lv1-36516-19964-3912-3677p0001.png,0.67733747,0.3226626
2019-08241-1-1-1_2019-05-29 01_13_54-lv1-35328-31088-2673-4290p0004.png,0.62636,0.37363997
2019-08857-1-1-1_2019-05-29 00_37_12-lv1-51983-12331-6459-4436p0009.png,0.85032487,0.14967518
2019-07502-1-1-1_2019-05-29 07_14_13-lv1-45320-35367-4644-7384p0025.png,0.4276445,0.57235557
2019-06-11 01_00_50-lv1-1956-12720-11095-7901p0017.png,0.636309,0.36369097
D20180177401_2019-05-14 16_20_21-lv1-35775-30321-8440-9363p0007.png,0.17300119,0.8269988
2019-06-11 01_00_50-lv1-1956-12720-11095-7901p0088.png,0.67625314,0.32374692
1902386001_2019-06-11 12_18_33-lv1-32081-9809-2306-2009p0001.png,0.4504387,0.54956126
2019-08974-1-1-1_2019-05-28 23_56_10-lv1-33437-26695-7518-8983p0008.png,0.71583,0.28417
D20170502603_2019-05-14 11_39_00-lv1-322-6285-19314-22701p0059.png,0.13208617,0.86791384
D20190286206_2019-06-10 14_58_35-lv1-4261-12473-5210-3023p0004.png,0.596248,0.403752
2019-10737-1-3-3_2019-05-28 16_09_09-lv1-33179-13494-5260-6326p0006.png,0.67178184,0.32821816
2019-08979-1-1-1_2019-05-28 22_36_37-lv1-43414-9050-8560-10324p0052.png,0.72141,0.27859002
2019_05944_1-1_2019-02-20 20_42_06-lv1-32250-15753-7640-5376p0004.png,0.6504045,0.34959543
2019-08857-1-1-1_2019-05-29 00_37_12-lv1-51983-12331-6459-4436p0007.png,0.52480376,0.47519624
2019-08974-1-4-4_2019-05-28 23_27_16-lv1-43017-11764-6185-6306p0024.png,0.59270126,0.40729877
2019-08974-1-1-1_2019-05-28 23_56_10-lv1-33437-26695-7518-8983p0014.png,0.6259972,0.3740028
2019-05890-1-4-4_2019-05-29 03_52_40-lv1-32907-20569-8446-9156p0048.png,0.5643125,0.43568757
2019-06-11 00_58_36-lv1-820-6042-6546-12714p0104.png,0.3308208,0.6691792
D20190286206_2019-06-10 14_58_35-lv1-4261-12473-5210-3023p0013.png,0.73496175,0.26503825
2019-05890-1-5-5_2019-05-29 03_46_25-lv1-10646-28473-10848-8938p0051.png,0.58277166,0.41722828
2019-10951-1-1-1_2019-05-28 15_32_06-lv1-46015-20331-12311-4414p0013.png,0.6984987,0.3015013
2019-08976-1-3-3_2019-05-28 22_53_15-lv1-27053-7624-4195-3178p0005.png,0.7497776,0.2502224
D20170518201_2019-05-14 12_05_30-lv1-30277-26951-8886-7721p0021.png,0.37146795,0.6285321
D20170502603_2019-05-14 11_39_00-lv1-322-6285-19314-22701p0038.png,0.11959474,0.8804053
D20170502603_2019-05-14 11_39_00-lv1-322-6285-19314-22701p0346.png,0.11655223,0.88344777
2019-07805-1-1-1_2019-05-29 05_23_08-lv1-34745-28963-3989-6403p0021.png,0.25021017,0.74978983
2019-06-11 00_58_36-lv1-820-6042-6546-12714p0017.png,0.39815557,0.60184443
2019-07498-1-2-2_2019-05-29 08_30_31-lv1-25906-27222-11411-7160p0010.png,0.5226472,0.4773528
D20170584502_2019-05-14 12_43_57-lv1-14744-78-19212-20032p0110.png,0.128999,0.87100106
2019-10507-1-1-1_2019-05-28 17_41_21-lv1-32379-4783-6197-6790p0004.png,0.50305307,0.49694693
1900838001_2019-04-30 10_15_23-lv1-20231-15672-6703-7495p0016.png,0.31316197,0.686838
D20190296201_2019-06-10 14_50_28-lv1-29513-27821-9198-12108p0013.png,0.7710552,0.22894476
2019-11827-1-1-1_2019-05-28 14_14_04-lv1-37745-31126-5181-7796p0023.png,0.5940484,0.40595165
2019-07506-1-5-5_2019-05-29 06_09_14-lv1-9703-21958-4456-10026p0027.png,0.5301256,0.46987435
2019-06-04 17_08_52-lv1-16428-11718-4556-4938p0016.png,0.22176588,0.7782342
2019-10504-1-1-1_2019-05-28 17_44_07-lv1-28687-3202-15210-8684p0031.png,0.431374,0.568626
D20170584502_2019-05-14 12_43_57-lv1-14744-78-19212-20032p0105.png,0.12420753,0.8757925
2019-08886-1-1-1_2019-05-29 00_21_36-lv1-49044-5996-4707-4384p0003.png,0.32392868,0.6760713
2019-07498-1-2-2_2019-05-29 08_30_31-lv1-25906-27222-11411-7160p0039.png,0.4163133,0.5836867
D20180792401_2019-05-21 13_38_34-lv1-29203-23944-15780-12986p0056.png,0.29617953,0.70382047
1901940-1_2019-04-30 10_30_47-lv1-40561-17303-4906-4343p0012.png,0.2018087,0.7981913
D20170584502_2019-05-14 12_43_57-lv1-8718-14653-7634-8076p0044.png,0.15099883,0.8490012
D20180792401_2019-05-21 13_38_34-lv1-29203-23944-15780-12986p0124.png,0.37830067,0.6216993
2019-08980-1-3-3_2019-05-28 21_23_16-lv1-46154-12136-4958-4110p0013.png,0.6277015,0.37229845
2019-10737-1-6-6_2019-05-28 15_47_35-lv1-19582-23423-8743-5611p0034.png,0.83738273,0.1626173
2019-10737-1-5-5_2019-05-28 15_54_44-lv1-25060-15448-3841-2797p0008.png,0.32454568,0.6754543
2019-07806-1-1-1_2019-05-29 02_30_26-lv1-51709-27019-5595-4076p0011.png,0.38728163,0.61271834
D20190296201_2019-06-10 14_50_28-lv1-29513-27821-9198-12108p0068.png,0.17985801,0.820142
1902160001_2019-06-11 12_36_32-lv1-42822-14737-4416-4096p0004.png,0.5299159,0.47008407
2019_05944_1-1_2019-02-20 20_42_06-lv1-32250-15753-7640-5376p0001.png,0.7869965,0.21300355
2019-05890-1-3-3_2019-05-29 04_02_08-lv1-33554-13476-4846-5024p0017.png,0.7041116,0.29588833
D20190284705_2019-06-10 15_10_34-lv1-15598-12648-5733-5319p0003.png,0.7301304,0.2698696
D20170584502_2019-05-14 12_43_57-lv1-14744-78-19212-20032p0061.png,0.30339235,0.6966077
D20180177401_2019-05-14 16_20_21-lv1-32193-32343-3516-6088p0001.png,0.3858626,0.61413735
2019-06-11 09_15_18-lv1-14414-13849-6581-6338p0027.png,0.40797383,0.5920262
D20170502603_2019-05-14 11_39_00-lv1-322-6285-19314-22701p0118.png,0.18976513,0.8102349
D20170584502_2019-05-14 12_43_57-lv1-14744-78-19212-20032p0111.png,0.09111029,0.90888965
2019-10504-1-1-1_2019-05-28 17_44_07-lv1-28687-3202-15210-8684p0008.png,0.4916061,0.50839394
D20170502603_2019-05-14 11_39_00-lv1-322-6285-19314-22701p0112.png,0.10357294,0.8964271
2019-11827-1-1-1_2019-05-28 14_14_04-lv1-37745-31126-5181-7796p0007.png,0.37068003,0.62931997
2019_07303_1-1_2019-02-20 20_59_23-lv1-55167-19441-3666-5307p0013.png,0.09612042,0.9038796
D20170502603_2019-05-14 11_39_00-lv1-322-6285-19314-22701p0306.png,0.19689205,0.80310786
2019-07806-1-1-1_2019-05-29 02_30_26-lv1-51709-27019-5595-4076p0015.png,0.5338425,0.46615747
D20180498101_2019-05-14 14_58_30-lv1-31412-229-5257-6451p0023.png,0.2852237,0.71477634
2019-08261-1-1-1_2019-05-29 01_05_21-lv1-45083-13771-4787-2600p0005.png,0.50538415,0.49461585
2019-06-11 00_58_36-lv1-820-6042-6546-12714p0101.png,0.3564056,0.6435944
2019-09191-1-1-1_2019-05-28 21_14_56-lv1-32593-18740-3330-1535p0002.png,0.45030636,0.5496936
1800127001_2019-04-30 10_40_02-lv1-7573-15422-4121-2549p0006.png,0.23173642,0.7682636
2019-05890-1-3-3_2019-05-29 04_02_08-lv1-39051-13417-5674-2541p0003.png,0.60899425,0.39100572
2019-08857-1-1-1_2019-05-29 00_37_12-lv1-51983-12331-6459-4436p0002.png,0.83204395,0.16795616
D20170502603_2019-05-14 11_39_00-lv1-322-6285-19314-22701p0284.png,0.21770132,0.78229874
2019-09674-1-1-1_2019-05-28 20_06_49-lv1-53513-29465-4870-3788p0012.png,0.65319705,0.34680295
D20180056701_2019-05-21 09_50_58-lv1-27237-28645-8099-3942p0003.png,0.33141756,0.6685825
1902386002_2019-06-11 12_23_22-lv1-22824-31253-5676-4175p0019.png,0.41862965,0.58137035
D201803519_2019-05-14 15_14_44-lv1-28486-26603-10590-9935p0048.png,0.44326857,0.55673146
1901558001_2019-04-30 10_24_11-lv1-50393-31270-4213-7808p0021.png,0.25079414,0.74920595
2019-10737-1-1-1_2019-05-28 16_25_50-lv1-28510-5095-6046-6046p0008.png,0.37388763,0.6261124
2019-10620-1-1-1_2019-05-28 17_28_41-lv1-41477-15784-5544-4164p0001.png,0.6413191,0.35868093
D20180498101_2019-05-14 14_58_30-lv1-31412-229-5257-6451p0040.png,0.14792614,0.85207385
D201707788_2019-05-14 14_05_34-lv1-2777-15975-12688-9314p0007.png,0.12479345,0.8752066
2019-08976-1-4-4_2019-05-28 22_46_07-lv1-37015-6427-4484-5834p0022.png,0.7813047,0.21869531
2019-07805-1-1-1_2019-05-29 05_23_08-lv1-38935-29409-9948-4414p0005.png,0.31904262,0.68095726
D20180177401_2019-05-14 16_20_21-lv1-32193-32343-3516-6088p0009.png,0.10674273,0.89325726
D20171243404_2019-05-21 11_08_16-lv1-34700-28211-3630-4561p0009.png,0.31165716,0.68834287
2019-08976-1-3-3_2019-05-28 22_53_15-lv1-31393-5940-12318-3950p0014.png,0.67504174,0.32495824
1903406001_2019-06-11 12_03_13-lv1-16299-14974-3560-3906p0010.png,0.6233542,0.37664583
D20180498101_2019-05-14 14_58_30-lv1-29229-6658-7712-6180p0019.png,0.20471232,0.7952878
2019-05890-1-4-4_2019-05-29 03_52_40-lv1-32907-20569-8446-9156p0002.png,0.60935336,0.3906466
2019-08980-1-1-1_2019-05-28 21_41_50-lv1-56141-20419-6353-6092p0018.png,0.54031974,0.45968023
D20170584502_2019-05-14 12_43_57-lv1-14744-78-19212-20032p0010.png,0.15655799,0.843442
D20170951201_2019-05-14 14_41_50-lv1-27257-23870-4628-6000p0016.png,0.25718635,0.7428137
2019-05890-1-1-1_2019-05-29 04_16_22-lv1-25799-22836-8286-7829p0016.png,0.76302046,0.23697951
2019-07498-1-2-2_2019-05-29 08_30_31-lv1-46489-6224-11088-8360p0054.png,0.4780526,0.52194744
2019-06-11 00_46_38-lv1-9591-8750-3967-5483p0013.png,0.3882597,0.61174035
2019_02170_1-1_2019-02-20 19_32_09-lv1-23415-18659-7032-6341p0003.png,0.46987155,0.5301285
D201710920_2019-05-21 11_52_57-lv1-27184-25058-6217-9485p0017.png,0.43953252,0.5604675
2019-08979-1-6-6_2019-05-28 21_52_03-lv1-42127-12400-6222-8663p0022.png,0.80986905,0.19013098
D20190445003_2019-06-10 14_30_16-lv1-17239-5355-2025-3631p0005.png,0.6432052,0.3567948
2019-08974-1-1-1_2019-05-28 23_56_10-lv1-53379-9747-9811-5861p0021.png,0.7993836,0.20061642
2019-08972-1-1-1_2019-05-29 00_06_22-lv1-43192-9800-4958-3383p0012.png,0.75013983,0.24986018
D20170502603_2019-05-14 11_39_00-lv1-322-6285-19314-22701p0221.png,0.3485223,0.6514777
2019-10732-1-4-4_2019-05-28 16_46_57-lv1-30727-24050-5932-6576p0004.png,0.78558624,0.2144137
D201803511_2019-05-14 15_24_16-lv1-39304-30239-4287-4448p0008.png,0.40190864,0.59809136
2019-07506-1-5-5_2019-05-29 06_09_14-lv1-9703-21958-4456-10026p0002.png,0.5692368,0.4307632
D20170362101_2019-05-14 10_54_29-lv1-36452-24059-2947-5151p0009.png,0.24023797,0.7597621
2019-07806-1-1-1_2019-05-29 02_30_26-lv1-45859-24463-4952-4414p0001.png,0.47652316,0.5234768
2019-08974-1-1-1_2019-05-28 23_56_10-lv1-33437-26695-7518-8983p0047.png,0.6378329,0.36216712
2019-07498-1-2-2_2019-05-29 08_30_31-lv1-46489-6224-11088-8360p0059.png,0.25296658,0.7470334
2019-05890-1-3-3_2019-05-29 04_02_08-lv1-33554-13476-4846-5024p0012.png,0.54151654,0.45848343
D201710920_2019-05-21 11_52_57-lv1-33661-31501-7087-7660p0017.png,0.6620865,0.33791357
2019-06-11 00_58_36-lv1-820-6042-6546-12714p0051.png,0.3091702,0.6908298
2019-08979-1-5-5_2019-05-28 22_01_00-lv1-49604-12407-8550-4392p0001.png,0.8787859,0.1212141
2019-08980-1-2-2_2019-05-28 21_32_39-lv1-57725-8547-5676-5415p0028.png,0.5354144,0.4645856
2019-06-11 00_58_36-lv1-820-6042-6546-12714p0043.png,0.25418094,0.7458191
D20180498101_2019-05-14 14_58_30-lv1-29229-6658-7712-6180p0016.png,0.10414858,0.8958515
2019-07501-1-4-4_2019-05-29 07_36_59-lv1-43309-12585-7519-4764p0028.png,0.5909774,0.4090226
1902369001_2019-06-11 12_30_17-lv1-20073-15402-4002-4366p0004.png,0.20575732,0.7942426
2019-07501-1-1-1_2019-05-29 08_22_25-lv1-8582-14509-4265-3814p0007.png,0.5563803,0.44361967
2019-06-11 01_00_50-lv1-1956-12720-11095-7901p0023.png,0.60372865,0.39627132
D20190284705_2019-06-10 15_10_34-lv1-15598-12648-5733-5319p0002.png,0.81977665,0.18022336
D20170518201_2019-05-14 12_05_30-lv1-39509-31959-5934-5127p0006.png,0.16833122,0.8316688
2019_05944_1-1_2019-02-20 20_42_06-lv1-32250-15753-7640-5376p0015.png,0.42705217,0.57294786
2019-10732-1-1-1_2019-05-28 17_14_07-lv1-33615-23595-7025-4639p0005.png,0.67163855,0.32836145
2019-08979-1-5-5_2019-05-28 22_01_00-lv1-42518-23241-6676-7789p0021.png,0.78790504,0.212095
2019_04115_1-1_2019-02-20 20_13_37-lv1-40690-7875-4758-4116p0013.png,0.55573195,0.4442681
2019-10946-1-1-1_2019-05-28 15_40_39-lv1-22021-16267-4506-6971p0027.png,0.66937184,0.3306282
D20170951201_2019-05-14 14_41_50-lv1-27257-23870-4628-6000p0014.png,0.13810249,0.8618975
2019-07506-1-4-4_2019-05-29 01_58_32-lv1-56732-2612-3294-6248p0008.png,0.5024807,0.4975193
D20180177401_2019-05-14 16_20_21-lv1-32193-32343-3516-6088p0002.png,0.15798016,0.84201974
2019-05890-1-1-1_2019-05-29 04_16_22-lv1-25799-22836-8286-7829p0028.png,0.36467263,0.63532734
2019-07506-1-5-5_2019-05-29 06_09_14-lv1-9703-21958-4456-10026p0035.png,0.38439512,0.6156049
1800127001_2019-04-30 10_40_02-lv1-1001-22444-3989-3967p0003.png,0.28999314,0.7100068
2019-10737-1-6-6_2019-05-28 15_47_35-lv1-19582-23423-8743-5611p0049.png,0.83317715,0.16682288
2019_05944_1-1_2019-02-20 20_42_06-lv1-32250-15753-7640-5376p0013.png,0.34652776,0.6534723
D20170502603_2019-05-14 11_39_00-lv1-322-6285-19314-22701p0125.png,0.2804252,0.7195748
D20170502603_2019-05-14 11_39_00-lv1-322-6285-19314-22701p0083.png,0.25054547,0.74945456
2019-08972-1-1-1_2019-05-29 00_06_22-lv1-43192-9800-4958-3383p0016.png,0.82314014,0.1768599
1900769002_2019-06-11 13_19_00-lv1-16645-13460-4716-4003p0007.png,0.44010505,0.5598949
2019-08979-1-5-5_2019-05-28 22_01_00-lv1-42518-23241-6676-7789p0006.png,0.8470334,0.15296663
D20180056701_2019-05-21 09_50_58-lv1-27543-34059-6966-5648p0009.png,0.23111746,0.7688826
2019-11842-1-1-1_2019-05-28 14_22_48-lv1-29162-19047-3919-3782p0010.png,0.366446,0.633554
D201707227_2019-05-14 13_49_08-lv1-535-16796-26010-19568p0035.png,0.15683353,0.8431664
D20170546301_2019-05-14 12_21_38-lv1-27588-24020-5800-7897p0007.png,0.18943934,0.81056064
D201803519_2019-05-14 15_14_44-lv1-28486-26603-10590-9935p0053.png,0.28789914,0.71210086
2019-11827-1-1-1_2019-05-28 14_14_04-lv1-38890-14353-5119-7083p0008.png,0.32672974,0.6732702
1902386002_2019-06-11 12_23_22-lv1-22889-36998-6328-5024p0014.png,0.2549905,0.74500954
D201801775B_2019-05-14 16_11_32-lv1-32232-31796-7646-5982p0008.png,0.23667558,0.7633244
D20181010201_2019-05-21 14_08_09-lv1-57001-816-15224-14673p0010.png,0.3040473,0.6959528
2019-08886-1-1-1_2019-05-29 00_21_36-lv1-49044-5996-4707-4384p0002.png,0.4013881,0.5986119
D201710920_2019-05-21 11_52_57-lv1-27184-25058-6217-9485p0013.png,0.16191907,0.8380809
2019-08979-1-5-5_2019-05-28 22_01_00-lv1-49604-12407-8550-4392p0018.png,0.78870034,0.2112997
D20180591902_2019-06-10 13_28_09-lv1-1674-15873-4963-2856p0001.png,0.6078001,0.39219987
2019-08886-1-1-1_2019-05-29 00_21_36-lv1-49044-5996-4707-4384p0005.png,0.35638013,0.6436199
2019-08974-1-1-1_2019-05-28 23_56_10-lv1-33437-26695-7518-8983p0012.png,0.52374923,0.47625077
2019-08974-1-4-4_2019-05-28 23_27_16-lv1-43017-11764-6185-6306p0036.png,0.58717924,0.4128208
D20190296201_2019-06-10 14_50_28-lv1-29513-27821-9198-12108p0076.png,0.50964123,0.4903588
D20170951201_2019-05-14 14_41_50-lv1-27257-23870-4628-6000p0017.png,0.14597838,0.85402167
D20180498101_2019-05-14 14_58_30-lv1-29229-6658-7712-6180p0002.png,0.13447493,0.86552507
2019-10732-1-2-2_2019-05-28 17_07_02-lv1-20190-24783-6547-8251p0043.png,0.2316199,0.7683801
2019-08241-1-1-1_2019-05-29 01_13_54-lv1-36385-6963-3544-4165p0005.png,0.67354554,0.3264545
2019-07498-1-2-2_2019-05-29 08_30_31-lv1-25906-27222-11411-7160p0069.png,0.37788948,0.62211055
2019-06-11 00_46_38-lv1-3641-3675-3908-5775p0019.png,0.5101347,0.48986527
D20170502603_2019-05-14 11_39_00-lv1-322-6285-19314-22701p0122.png,0.1080938,0.89190626
2019-07460-1-2-2_2019-05-29 08_55_54-lv1-37722-23968-3349-2585p0002.png,0.3654498,0.6345502
D20180498101_2019-05-14 14_58_30-lv1-31412-229-5257-6451p0014.png,0.16690896,0.83309114
D20190284705_2019-06-10 15_10_34-lv1-16662-25829-5910-3664p0005.png,0.6458181,0.35418183
2019-10195-1-1-1_2019-05-28 19_21_29-lv1-40740-12918-6524-8677p0005.png,0.3293368,0.67066324
2019-06-11 00_58_36-lv1-820-6042-6546-12714p0040.png,0.30864286,0.69135714
D20180177401_2019-05-14 16_20_21-lv1-32193-32343-3516-6088p0023.png,0.10374811,0.89625186
2019-08979-1-5-5_2019-05-28 22_01_00-lv1-42518-23241-6676-7789p0023.png,0.87662387,0.12337623
D201710920_2019-05-21 11_52_57-lv1-33661-31501-7087-7660p0003.png,0.32104146,0.67895854
D201801775B_2019-05-14 16_11_32-lv1-26580-33647-6698-6192p0005.png,0.4609216,0.5390784
2019-10504-1-1-1_2019-05-28 17_44_07-lv1-28687-3202-15210-8684p0049.png,0.5259436,0.47405636
D20180792401_2019-05-21 13_38_34-lv1-29203-23944-15780-12986p0129.png,0.49005592,0.509944
2019-10946-1-1-1_2019-05-28 15_40_39-lv1-37765-7438-4110-7111p0008.png,0.7686822,0.23131792
2019-08979-1-1-1_2019-05-28 22_36_37-lv1-43414-9050-8560-10324p0060.png,0.44598716,0.5540129
D20180591902_2019-06-10 13_28_09-lv1-1674-15873-4963-2856p0018.png,0.7109328,0.2890672
2019-07460-1-2-2_2019-05-29 08_55_54-lv1-36101-18184-4447-2892p0013.png,0.7660928,0.2339072
2019-11827-1-1-1_2019-05-28 14_14_04-lv1-37745-31126-5181-7796p0014.png,0.74406725,0.25593278
1901940-1_2019-04-30 10_30_47-lv1-40561-17303-4906-4343p0013.png,0.14965473,0.8503452
2019-10732-1-6-6_2019-05-28 16_33_17-lv1-43103-2848-6491-8333p0030.png,0.671747,0.32825297
D20180177401_2019-05-14 16_20_21-lv1-35775-30321-8440-9363p0023.png,0.25960281,0.7403971
D20180102901_2019-05-21 09_38_51-lv1-36547-27341-10626-9816p0022.png,0.225541,0.77445906
2019-08980-1-1-1_2019-05-28 21_41_50-lv1-56141-20419-6353-6092p0032.png,0.2473056,0.7526944
D20180723001_2019-06-10 13_01_20-lv1-17394-12710-6236-5782p0028.png,0.7205432,0.27945682
D20190284802_2019-06-10 15_06_21-lv1-34384-14661-5589-4144p0006.png,0.45617965,0.5438204
2019-10951-1-1-1_2019-05-28 15_32_06-lv1-46015-20331-12311-4414p0007.png,0.769068,0.23093195
D20180187901_2019-05-14 15_56_55-lv1-34347-8198-3824-5879p0001.png,0.6691357,0.33086434
D20170584502_2019-05-14 12_43_57-lv1-14744-78-19212-20032p0087.png,0.21176983,0.7882302
2019-07498-1-2-2_2019-05-29 08_30_31-lv1-46489-6224-11088-8360p0089.png,0.18255188,0.81744814
D201710920_2019-05-21 11_52_57-lv1-33661-31501-7087-7660p0011.png,0.18978827,0.81021166
2019_07303_1-1_2019-02-20 20_59_23-lv1-55167-19441-3666-5307p0005.png,0.12664102,0.873359
D20180102901_2019-05-21 09_38_51-lv1-36547-27341-10626-9816p0026.png,0.14567976,0.8543202
D20180792401_2019-05-21 13_38_34-lv1-29203-23944-15780-12986p0078.png,0.28831968,0.7116803
D20170518201_2019-05-14 12_05_30-lv1-30277-26951-8886-7721p0028.png,0.202463,0.79753697
D201707227_2019-05-14 13_49_08-lv1-535-16796-26010-19568p0028.png,0.14945738,0.85054266
D201802734_2019-05-14 15_33_06-lv1-27790-35298-7029-4792p0003.png,0.2489435,0.7510565
2019-08974-1-1-1_2019-05-28 23_56_10-lv1-53379-9747-9811-5861p0054.png,0.6654483,0.33455175
2019-09674-1-1-1_2019-05-28 20_06_49-lv1-53580-23000-5828-6432p0027.png,0.54976535,0.45023468
D20170362101_2019-05-14 10_54_29-lv1-29935-31527-7716-4964p0021.png,0.41099057,0.5890094
2019-08140-1-1-1_2019-05-29 01_22_08-lv1-37576-9838-4308-5583p0014.png,0.59242266,0.40757737
D20180723001_2019-06-10 13_01_20-lv1-17394-12710-6236-5782p0003.png,0.795671,0.20432912
D20170546301_2019-05-14 12_21_38-lv1-27588-24020-5800-7897p0002.png,0.21996795,0.780032
D20180498101_2019-05-14 14_58_30-lv1-31412-229-5257-6451p0030.png,0.1633958,0.83660406
2019-08980-1-1-1_2019-05-28 21_41_50-lv1-56141-20419-6353-6092p0034.png,0.86491567,0.13508433
D20180792401_2019-05-21 13_38_34-lv1-29203-23944-15780-12986p0116.png,0.18309385,0.8169061
2019-08979-1-1-1_2019-05-28 22_36_37-lv1-43414-9050-8560-10324p0087.png,0.742318,0.25768197
D20180177401_2019-05-14 16_20_21-lv1-32896-24870-5099-5407p0019.png,0.33040875,0.66959125
D20180792401_2019-05-21 13_38_34-lv1-29203-23944-15780-12986p0009.png,0.27349743,0.72650254
1902369001_2019-06-11 12_30_17-lv1-20073-15402-4002-4366p0015.png,0.13403164,0.8659684
2019-05890-1-1-1_2019-05-29 04_16_22-lv1-25799-22836-8286-7829p0014.png,0.7173324,0.2826676
2019-08863-1-1-1_2019-05-29 00_31_57-lv1-26775-8699-9357-4453p0002.png,0.7979351,0.20206492
2019-07498-1-1-1_2019-05-29 08_39_10-lv1-37980-7135-8091-5797p0034.png,0.6321535,0.3678465
2019-05891-1-2-2_2019-05-29 03_30_03-lv1-22122-12185-5735-4874p0022.png,0.5018863,0.4981137
D20190284705_2019-06-10 15_10_34-lv1-15598-12648-5733-5319p0018.png,0.6057706,0.3942294
2019-11842-1-1-1_2019-05-28 14_22_48-lv1-29162-19047-3919-3782p0007.png,0.3184621,0.68153787
D201803511_2019-05-14 15_24_16-lv1-37520-25059-5405-4857p0010.png,0.23438153,0.7656185
1902160001_2019-06-11 12_36_32-lv1-42822-14737-4416-4096p0017.png,0.5939791,0.40602085
D201801775B_2019-05-14 16_11_32-lv1-26744-26137-5178-7271p0012.png,0.32645875,0.6735413
2019-10946-1-1-1_2019-05-28 15_40_39-lv1-37765-7438-4110-7111p0027.png,0.22588947,0.7741105
D20181010201_2019-05-21 14_08_09-lv1-57001-816-15224-14673p0006.png,0.52961904,0.47038105
2019-07503-1-3-3_2019-05-29 06_41_43-lv1-36370-19523-6217-5844p0010.png,0.4077347,0.5922653
2019-10737-1-2-2_2019-05-28 16_19_15-lv1-30685-21461-7932-5491p0013.png,0.6821384,0.31786156
D20170584502_2019-05-14 12_43_57-lv1-14744-78-19212-20032p0084.png,0.13015263,0.86984736
D20170502603_2019-05-14 11_39_00-lv1-322-6285-19314-22701p0257.png,0.10831833,0.89168173
2019-08979-1-1-1_2019-05-28 22_36_37-lv1-43414-9050-8560-10324p0009.png,0.3366394,0.6633606
2019-08857-1-1-1_2019-05-29 00_37_12-lv1-51983-12331-6459-4436p0015.png,0.8710148,0.12898514
2019-08974-1-4-4_2019-05-28 23_27_16-lv1-43017-11764-6185-6306p0026.png,0.45235777,0.5476423
D20180792401_2019-05-21 13_38_34-lv1-29203-23944-15780-12986p0035.png,0.17103598,0.82896405
D20180102901_2019-05-21 09_38_51-lv1-36547-27341-10626-9816p0064.png,0.1970722,0.80292773
D20180498101_2019-05-14 14_58_30-lv1-31412-229-5257-6451p0024.png,0.20626657,0.7937334
1900769002_2019-06-11 13_19_00-lv1-16645-13460-4716-4003p0004.png,0.54806757,0.4519325
2019-08980-1-2-2_2019-05-28 21_32_39-lv1-72667-1174-4502-6002p0008.png,0.2315787,0.7684213
D20170584502_2019-05-14 12_43_57-lv1-8718-14653-7634-8076p0011.png,0.15594983,0.84405017
2019-05890-1-3-3_2019-05-29 04_02_08-lv1-33554-13476-4846-5024p0020.png,0.8191422,0.1808577
D20190296201_2019-06-10 14_50_28-lv1-29513-27821-9198-12108p0009.png,0.6259787,0.3740213
2019-08895-1-1-1_2019-05-29 00_16_03-lv1-18024-33741-5509-2953p0008.png,0.6437306,0.3562694
2019-05891-1-5-5_2019-05-29 03_17_43-lv1-25593-21588-2499-4555p0001.png,0.85603034,0.1439697
2019-05890-1-1-1_2019-05-29 04_16_22-lv1-32976-4306-7960-8482p0027.png,0.59230256,0.4076974
D20171243404_2019-05-21 11_08_16-lv1-34700-28211-3630-4561p0013.png,0.10565695,0.894343
2019-06-11 01_00_50-lv1-1956-12720-11095-7901p0032.png,0.6149495,0.38505045
2019-10946-1-1-1_2019-05-28 15_40_39-lv1-22021-16267-4506-6971p0003.png,0.6686367,0.33136332
2019-07498-1-2-2_2019-05-29 08_30_31-lv1-46489-6224-11088-8360p0062.png,0.27786282,0.7221372
D20170584502_2019-05-14 12_43_57-lv1-8718-14653-7634-8076p0034.png,0.22664618,0.7733538
2019-10503-1-1-1_2019-05-28 17_51_26-lv1-29114-7260-2985-14450p0023.png,0.73592025,0.26407978
D20170518201_2019-05-14 12_05_30-lv1-39601-28026-5393-3901p0011.png,0.22096744,0.7790326
2019-10732-1-1-1_2019-05-28 17_14_07-lv1-33615-23595-7025-4639p0017.png,0.7431356,0.25686443
1903406001_2019-06-11 12_03_13-lv1-16299-14974-3560-3906p0012.png,0.2278332,0.7721669
1902386002_2019-06-11 12_23_22-lv1-22889-36998-6328-5024p0002.png,0.61006534,0.38993463
D20180056701_2019-05-21 09_50_58-lv1-27237-28645-8099-3942p0012.png,0.2636488,0.7363512
D20170584502_2019-05-14 12_43_57-lv1-14744-78-19212-20032p0047.png,0.19126916,0.8087309
2019-08979-1-5-5_2019-05-28 22_01_00-lv1-49604-12407-8550-4392p0015.png,0.8817273,0.11827273
2019-08976-1-3-3_2019-05-28 22_53_15-lv1-31393-5940-12318-3950p0042.png,0.57412356,0.42587635
2019-10732-1-1-1_2019-05-28 17_14_07-lv1-33615-23595-7025-4639p0016.png,0.821781,0.17821907
D20180056701_2019-05-21 09_50_58-lv1-27237-28645-8099-3942p0010.png,0.2343122,0.76568776
2019-07498-1-1-1_2019-05-29 08_39_10-lv1-37980-7135-8091-5797p0010.png,0.82198054,0.17801943
2019-07506-1-5-5_2019-05-29 06_09_14-lv1-9703-21958-4456-10026p0041.png,0.50909466,0.49090537
2019-08979-1-3-3_2019-05-28 22_17_51-lv1-42656-17844-6415-7137p0033.png,0.7654325,0.2345675
2019-08241-1-1-1_2019-05-29 01_13_54-lv1-35328-31088-2673-4290p0009.png,0.479147,0.52085304
2018_83253_1-1_2019-02-20 18_38_45-lv1-5704-19306-2964-3529p0002.png,0.47424847,0.52575153
2019-10503-1-1-1_2019-05-28 17_51_26-lv1-29114-7260-2985-14450p0027.png,0.49794933,0.5020507
2019-06-11 00_48_57-lv1-27349-9694-3362-2073p0008.png,0.47775292,0.5222471
2018_83220_1-1_2019-02-20 18_33_11-lv1-59641-33027-4844-3976p0003.png,0.58242595,0.41757405
D20180056701_2019-05-21 09_50_58-lv1-23029-29289-3105-7538p0016.png,0.18977769,0.8102223
D20170951201_2019-05-14 14_41_50-lv1-28397-29427-7624-5334p0011.png,0.37203872,0.6279613
2019_03867_1-1_2019-02-20 20_00_32-lv1-36172-15430-6105-5822p0014.png,0.5134149,0.48658508
2019-10732-1-6-6_2019-05-28 16_33_17-lv1-43103-2848-6491-8333p0041.png,0.71069735,0.28930268
2019-10503-1-1-1_2019-05-28 17_51_26-lv1-29114-7260-2985-14450p0001.png,0.78031325,0.2196867
D20170584502_2019-05-14 12_43_57-lv1-14744-78-19212-20032p0094.png,0.12724917,0.8727509
2019-07501-1-3-3_2019-05-29 07_53_41-lv1-35261-15594-3588-8743p0027.png,0.6869364,0.31306356
2019-10737-1-4-4_2019-05-28 16_02_11-lv1-21062-7815-8844-9859p0031.png,0.7475869,0.2524131
2019-07506-1-1-1_2019-05-29 06_34_07-lv1-31721-10829-5554-3640p0023.png,0.36332107,0.63667893
2019_03867_1-1_2019-02-20 20_00_32-lv1-31886-30525-3881-4663p0003.png,0.5587672,0.4412328
D20180792401_2019-05-21 13_38_34-lv1-29203-23944-15780-12986p0069.png,0.4589762,0.5410238
2019-08886-1-1-1_2019-05-29 00_21_36-lv1-49044-5996-4707-4384p0013.png,0.2583647,0.74163526
2019-09674-1-1-1_2019-05-28 20_06_49-lv1-53580-23000-5828-6432p0012.png,0.5931888,0.40681124
D20180187901_2019-05-14 15_56_55-lv1-34347-8198-3824-5879p0003.png,0.4341955,0.5658045
D20190284802_2019-06-10 15_06_21-lv1-22139-12655-2839-4083p0005.png,0.54588133,0.45411864
D20170502603_2019-05-14 11_39_00-lv1-322-6285-19314-22701p0095.png,0.13217475,0.86782527
D20180177401_2019-05-14 16_20_21-lv1-32896-24870-5099-5407p0016.png,0.19069865,0.80930126
2019-07506-1-4-4_2019-05-29 01_58_32-lv1-17822-9656-3294-5907p0015.png,0.21488915,0.7851108
2019-10737-1-6-6_2019-05-28 15_47_35-lv1-19582-23423-8743-5611p0051.png,0.7337397,0.26626036
1800769002_2019-06-11 13_32_47-lv1-37227-12624-3370-2527p0004.png,0.6488443,0.35115573
2019-06-11 00_58_36-lv1-820-6042-6546-12714p0045.png,0.29323477,0.7067652
D201803519_2019-05-14 15_14_44-lv1-28486-26603-10590-9935p0020.png,0.51770526,0.4822947
1903406001_2019-06-11 12_03_13-lv1-29267-17392-3773-3614p0009.png,0.51150787,0.48849213
2019-10732-1-5-5_2019-05-28 16_40_29-lv1-37280-16311-8989-5437p0033.png,0.7946618,0.20533824
D201707788_2019-05-14 14_05_34-lv1-2777-15975-12688-9314p0049.png,0.12773061,0.87226933
D20180056701_2019-05-21 09_50_58-lv1-27237-28645-8099-3942p0022.png,0.6521064,0.3478936
2019-05890-1-1-1_2019-05-29 04_16_22-lv1-32976-4306-7960-8482p0044.png,0.4423735,0.5576265
2019_03867_1-1_2019-02-20 20_00_32-lv1-45818-32740-4663-5324p0020.png,0.21079361,0.7892064
2019-07498-1-1-1_2019-05-29 08_39_10-lv1-37980-7135-8091-5797p0022.png,0.75313294,0.24686699
2019-08980-1-2-2_2019-05-28 21_32_39-lv1-72667-1174-4502-6002p0024.png,0.44099563,0.5590044
2019-06-11 01_00_50-lv1-1956-12720-11095-7901p0070.png,0.52123237,0.4787677
1902386002_2019-06-11 12_23_22-lv1-22889-36998-6328-5024p0008.png,0.61699533,0.38300467
D20180586802_2019-06-10 13_31_46-lv1-25458-17933-4214-2341p0007.png,0.6648201,0.33517992
D20190445103_2019-06-10 14_26_02-lv1-16400-15396-5392-7030p0007.png,0.69490886,0.30509117
2019-07501-1-3-3_2019-05-29 07_53_41-lv1-35261-15594-3588-8743p0004.png,0.6304774,0.36952257
D201707227_2019-05-14 13_49_08-lv1-535-16796-26010-19568p0020.png,0.14542884,0.8545712
2019-08261-1-1-1_2019-05-29 01_05_21-lv1-45083-13771-4787-2600p0001.png,0.57174504,0.42825493
2019-10737-1-6-6_2019-05-28 15_47_35-lv1-19582-23423-8743-5611p0038.png,0.6540153,0.34598476
D20170503802_2019-05-14 11_50_43-lv1-36345-35501-7085-3382p0020.png,0.33458376,0.6654162
2019-10732-1-2-2_2019-05-28 17_07_02-lv1-20190-24783-6547-8251p0034.png,0.2014199,0.79858005
2019-08974-1-1-1_2019-05-28 23_56_10-lv1-53379-9747-9811-5861p0025.png,0.7393111,0.26068893
D20170584502_2019-05-14 12_43_57-lv1-8718-14653-7634-8076p0047.png,0.25125942,0.7487406
2019_05944_1-1_2019-02-20 20_42_06-lv1-39021-20282-4099-4249p0012.png,0.51775503,0.48224497
D201803511_2019-05-14 15_24_16-lv1-39304-30239-4287-4448p0001.png,0.59407336,0.40592664
2019-10946-1-1-1_2019-05-28 15_40_39-lv1-22021-16267-4506-6971p0001.png,0.5954926,0.40450743
2019-10504-1-1-1_2019-05-28 17_44_07-lv1-28687-3202-15210-8684p0030.png,0.5923424,0.4076576
D20170857801_2019-05-14 14_17_15-lv1-34900-22796-4354-7054p0002.png,0.27019146,0.7298085
2019-07506-1-4-4_2019-05-29 01_58_32-lv1-17822-9656-3294-5907p0009.png,0.28822833,0.71177167
2019-10503-1-1-1_2019-05-28 17_51_26-lv1-29114-7260-2985-14450p0026.png,0.5163994,0.4836006
D20170518201_2019-05-14 12_05_30-lv1-30277-26951-8886-7721p0007.png,0.37030476,0.62969524
1900838001_2019-04-30 10_15_23-lv1-20231-15672-6703-7495p0020.png,0.48221725,0.51778275
2019_05944_1-1_2019-02-20 20_42_06-lv1-32250-15753-7640-5376p0006.png,0.6594016,0.34059837
2019-07805-1-1-1_2019-05-29 05_23_08-lv1-38935-29409-9948-4414p0006.png,0.30058664,0.69941336
2019-10737-1-4-4_2019-05-28 16_02_11-lv1-21062-7815-8844-9859p0059.png,0.80535626,0.19464377
D201802733_2019-05-14 15_48_17-lv1-27927-31736-4219-5542p0009.png,0.2459412,0.7540588
2019-08863-1-1-1_2019-05-29 00_31_57-lv1-26775-8699-9357-4453p0023.png,0.58691394,0.41308603
2019-08976-1-4-4_2019-05-28 22_46_07-lv1-41959-7311-4663-4432p0001.png,0.8865556,0.11344438
2018_83220_1-1_2019-02-20 18_33_11-lv1-59641-33027-4844-3976p0001.png,0.4894688,0.51053125
1902160001_2019-06-11 12_36_32-lv1-44190-20016-5916-4469p0016.png,0.757395,0.24260499
2019-08979-1-4-4_2019-05-28 22_09_04-lv1-57922-3131-4306-5937p0014.png,0.70869,0.29131004
2019_07303_1-1_2019-02-20 20_59_23-lv1-57476-14485-5363-6246p0015.png,0.42125735,0.5787426
1902386002_2019-06-11 12_23_22-lv1-22889-36998-6328-5024p0010.png,0.335271,0.66472906
1800769002_2019-06-11 13_32_47-lv1-36878-15878-2411-4096p0006.png,0.52515376,0.47484624
2019-10951-1-1-1_2019-05-28 15_32_06-lv1-46015-20331-12311-4414p0009.png,0.73485386,0.2651461
2019-05890-1-4-4_2019-05-29 03_52_40-lv1-32907-20569-8446-9156p0058.png,0.7618607,0.23813923
2019-11842-1-1-1_2019-05-28 14_22_48-lv1-39336-11723-3567-4332p0018.png,0.6039008,0.3960992
D20170584502_2019-05-14 12_43_57-lv1-14744-78-19212-20032p0124.png,0.34793553,0.65206444
2019-08241-1-1-1_2019-05-29 01_13_54-lv1-36385-6963-3544-4165p0010.png,0.7980512,0.2019488
2019-07502-1-1-1_2019-05-29 07_14_13-lv1-37002-16572-4175-7633p0032.png,0.6449719,0.3550281
2019-07805-1-1-1_2019-05-29 05_23_08-lv1-36211-36202-4081-3539p0005.png,0.5054267,0.49457327
D20180792401_2019-05-21 13_38_34-lv1-29203-23944-15780-12986p0107.png,0.43153253,0.5684675
1901940-1_2019-04-30 10_30_47-lv1-40561-17303-4906-4343p0006.png,0.3263774,0.67362267
2019-10732-1-4-4_2019-05-28 16_46_57-lv1-30727-24050-5932-6576p0031.png,0.86852294,0.13147709
D20180792401_2019-05-21 13_38_34-lv1-29203-23944-15780-12986p0113.png,0.36398193,0.6360181
2019-08979-1-4-4_2019-05-28 22_09_04-lv1-57922-3131-4306-5937p0024.png,0.64466083,0.3553392
D201803519_2019-05-14 15_14_44-lv1-28486-26603-10590-9935p0007.png,0.14462052,0.85537946
D201803511_2019-05-14 15_24_16-lv1-33769-25231-3062-2933p0002.png,0.43756703,0.562433
2019-06-11 00_55_09-lv1-28455-933-3881-4470p0019.png,0.34310243,0.65689754
2019-10728-1-1-1_2019-05-29 10_20_36-lv1-41932-8116-7680-8493p0013.png,0.81038827,0.18961176
2019-06-11 09_15_18-lv1-20478-17628-3991-6155p0001.png,0.38990143,0.61009854
2019-06-11 00_58_36-lv1-820-6042-6546-12714p0105.png,0.40671015,0.59328985
D20190284802_2019-06-10 15_06_21-lv1-16310-12946-4950-3583p0007.png,0.43482137,0.5651787
D201803511_2019-05-14 15_24_16-lv1-37520-25059-5405-4857p0009.png,0.40764672,0.5923532
D201710920_2019-05-21 11_52_57-lv1-33661-31501-7087-7660p0012.png,0.48517737,0.51482266
D20170584502_2019-05-14 12_43_57-lv1-14744-78-19212-20032p0016.png,0.11721018,0.88278985
2019-10728-1-1-1_2019-05-29 10_20_36-lv1-41932-8116-7680-8493p0039.png,0.7029148,0.29708523
2019-07460-1-1-1_2019-05-29 09_02_42-lv1-36814-6579-3841-3433p0001.png,0.37519565,0.6248044
D20180187901_2019-05-14 15_56_55-lv1-30094-3670-4857-4637p0006.png,0.61232626,0.38767377
2019-07506-1-5-5_2019-05-29 06_09_14-lv1-9703-21958-4456-10026p0021.png,0.35208595,0.64791405
2019-07498-1-2-2_2019-05-29 08_30_31-lv1-25906-27222-11411-7160p0053.png,0.18182926,0.8181707
D20170518201_2019-05-14 12_05_30-lv1-39509-31959-5934-5127p0002.png,0.19173647,0.80826354
2019-07502-1-2-2_2019-05-29 07_05_35-lv1-40805-21573-6383-5024p0017.png,0.7634504,0.23654965
2019-08980-1-2-2_2019-05-28 21_32_39-lv1-68883-9330-4175-5937p0016.png,0.69438666,0.3056134
2019-08979-1-5-5_2019-05-28 22_01_00-lv1-49604-12407-8550-4392p0014.png,0.9191704,0.08082962
2019-10737-1-3-3_2019-05-28 16_09_09-lv1-42153-16864-3472-2613p0009.png,0.65693766,0.3430623
2019-07498-1-1-1_2019-05-29 08_39_10-lv1-37980-7135-8091-5797p0033.png,0.7440546,0.25594535
2019-08980-1-2-2_2019-05-28 21_32_39-lv1-57725-8547-5676-5415p0014.png,0.20137241,0.7986275
D20180792401_2019-05-21 13_38_34-lv1-29203-23944-15780-12986p0105.png,0.33194777,0.66805226
D201801775B_2019-05-14 16_11_32-lv1-32232-31796-7646-5982p0038.png,0.30946508,0.69053495
2019-08979-1-1-1_2019-05-28 22_36_37-lv1-43414-9050-8560-10324p0058.png,0.55061364,0.44938636
2019-06-11 09_15_18-lv1-14414-13849-6581-6338p0012.png,0.62167484,0.3783252
D20180056701_2019-05-21 09_50_58-lv1-27543-34059-6966-5648p0002.png,0.17279954,0.8272004
1903326001_2019-06-11 12_07_06-lv1-18648-16700-3610-3417p0009.png,0.5523584,0.4476416
D20170502603_2019-05-14 11_39_00-lv1-322-6285-19314-22701p0248.png,0.19052465,0.8094753
D20190284802_2019-06-10 15_06_21-lv1-34384-14661-5589-4144p0007.png,0.38442993,0.61557
2019-11827-1-1-1_2019-05-28 14_14_04-lv1-37745-31126-5181-7796p0035.png,0.547804,0.45219597
D20170584502_2019-05-14 12_43_57-lv1-863-489-13565-15647p0005.png,0.13741897,0.862581
2019-10946-1-1-1_2019-05-28 15_40_39-lv1-37765-7438-4110-7111p0019.png,0.5036263,0.49637377
2019-10737-1-3-3_2019-05-28 16_09_09-lv1-42153-16864-3472-2613p0003.png,0.5220707,0.47792932
2019-08979-1-3-3_2019-05-28 22_17_51-lv1-42656-17844-6415-7137p0045.png,0.6836387,0.31636122
D201803519_2019-05-14 15_14_44-lv1-28486-26603-10590-9935p0008.png,0.44722405,0.552776
D20180177401_2019-05-14 16_20_21-lv1-35775-30321-8440-9363p0033.png,0.12073417,0.8792658
D201802734_2019-05-14 15_33_06-lv1-27790-35298-7029-4792p0030.png,0.09712986,0.90287006
2019-10728-1-1-1_2019-05-29 10_20_36-lv1-41932-8116-7680-8493p0045.png,0.6399446,0.36005533
2019-06-11 01_00_50-lv1-1956-12720-11095-7901p0048.png,0.5759506,0.4240494
2019-10737-1-4-4_2019-05-28 16_02_11-lv1-21062-7815-8844-9859p0002.png,0.8897418,0.1102582
2019-05890-1-5-5_2019-05-29 03_46_25-lv1-10646-28473-10848-8938p0020.png,0.8333104,0.16668959
D20170502603_2019-05-14 11_39_00-lv1-322-6285-19314-22701p0309.png,0.17274322,0.8272568
2019-08976-1-4-4_2019-05-28 22_46_07-lv1-37015-6427-4484-5834p0012.png,0.4521124,0.54788756
2019_01120_1-1_2019-02-20 19_18_16-lv1-27199-14351-3144-2966p0007.png,0.42441365,0.5755863
D20190445103_2019-06-10 14_26_02-lv1-16400-15396-5392-7030p0021.png,0.75111824,0.24888176
1900836001_2019-06-11 13_14_48-lv1-16806-16161-5025-3954p0013.png,0.4123175,0.5876825
D20190284705_2019-06-10 15_10_34-lv1-16662-25829-5910-3664p0007.png,0.57877004,0.42122996
2019-07498-1-2-2_2019-05-29 08_30_31-lv1-46489-6224-11088-8360p0045.png,0.4006029,0.5993971
2019-07805-1-1-1_2019-05-29 05_23_08-lv1-34745-28963-3989-6403p0017.png,0.20168614,0.79831374
2019-11842-1-1-1_2019-05-28 14_22_48-lv1-39336-11723-3567-4332p0010.png,0.43221283,0.5677872
D20170503802_2019-05-14 11_50_43-lv1-32642-35657-3496-3692p0004.png,0.18261231,0.8173877
1903406001_2019-06-11 12_03_13-lv1-16299-14974-3560-3906p0014.png,0.34289473,0.6571052
2019-07506-1-2-2_2019-05-29 06_26_57-lv1-31603-13183-2993-3051p0003.png,0.7289001,0.2710999
2019-08979-1-1-1_2019-05-28 22_36_37-lv1-43414-9050-8560-10324p0011.png,0.41347867,0.5865214
1902160001_2019-06-11 12_36_32-lv1-44190-20016-5916-4469p0015.png,0.6286978,0.3713022
D20180177401_2019-05-14 16_20_21-lv1-35775-30321-8440-9363p0026.png,0.11987605,0.8801239
2019-08976-1-2-2_2019-05-28 22_58_46-lv1-41616-6944-5288-5351p0005.png,0.45335189,0.54664814
2019-10737-1-4-4_2019-05-28 16_02_11-lv1-21062-7815-8844-9859p0034.png,0.8430839,0.15691613
D20170951201_2019-05-14 14_41_50-lv1-27257-23870-4628-6000p0025.png,0.25410774,0.74589235
D201707788_2019-05-14 14_05_34-lv1-2777-15975-12688-9314p0008.png,0.09952758,0.9004724
2019-06-11 09_15_18-lv1-20478-17628-3991-6155p0018.png,0.23341423,0.76658577
2019-10946-1-1-1_2019-05-28 15_40_39-lv1-22021-16267-4506-6971p0025.png,0.769307,0.23069294
D20170502603_2019-05-14 11_39_00-lv1-322-6285-19314-22701p0281.png,0.12801263,0.87198746
2018_83253_1-1_2019-02-20 18_38_45-lv1-5704-19306-2964-3529p0005.png,0.17572019,0.82427984
D201707227_2019-05-14 13_49_08-lv1-7570-2847-5797-5435p0001.png,0.63671106,0.363289
2019_05944_1-1_2019-02-20 20_42_06-lv1-32250-15753-7640-5376p0016.png,0.6078668,0.39213315
2019-08979-1-4-4_2019-05-28 22_09_04-lv1-57922-3131-4306-5937p0008.png,0.72291595,0.27708414
D20170502603_2019-05-14 11_39_00-lv1-322-6285-19314-22701p0012.png,0.09115652,0.90884346
2019-10327-1-1-1_2019-05-28 17_55_39-lv1-34492-22003-4074-4533p0018.png,0.25073344,0.74926656
2019-07506-1-6-6_2019-05-29 06_02_44-lv1-23392-11735-5508-4131p0006.png,0.31968102,0.680319
2019-10732-1-5-5_2019-05-28 16_40_29-lv1-37280-16311-8989-5437p0018.png,0.38881868,0.6111813
D20180715202_2019-05-21 13_14_56-lv1-26524-21829-4504-4625p0008.png,0.3959957,0.6040043
2018_83220_1-1_2019-02-20 18_33_11-lv1-58151-37497-5712-3460p0006.png,0.20954739,0.79045254
1903326001_2019-06-11 12_07_06-lv1-18648-16700-3610-3417p0003.png,0.44734755,0.5526525
2019-08974-1-1-1_2019-05-28 23_56_10-lv1-33437-26695-7518-8983p0045.png,0.37721196,0.622788
2019-06-11 00_52_45-lv1-3219-3773-2179-2615p0006.png,0.24308681,0.7569131
2019-10737-1-1-1_2019-05-28 16_25_50-lv1-28510-5095-6046-6046p0029.png,0.472762,0.527238
1902160001_2019-06-11 12_36_32-lv1-44190-20016-5916-4469p0014.png,0.58040786,0.41959217
2018_83253_1-1_2019-02-20 18_38_45-lv1-5875-22018-4790-4840p0005.png,0.24724862,0.75275147
2019-08979-1-5-5_2019-05-28 22_01_00-lv1-42518-23241-6676-7789p0014.png,0.7850502,0.21494979
2019-10728-1-1-1_2019-05-29 10_20_36-lv1-41932-8116-7680-8493p0046.png,0.80423605,0.19576395
D20190296201_2019-06-10 14_50_28-lv1-38715-30688-5386-8775p0015.png,0.53824276,0.4617572
D20190296201_2019-06-10 14_50_28-lv1-38715-30688-5386-8775p0031.png,0.19450033,0.80549973
D20190296201_2019-06-10 14_50_28-lv1-38715-30688-5386-8775p0022.png,0.5440639,0.45593613
D20170502603_2019-05-14 11_39_00-lv1-322-6285-19314-22701p0099.png,0.20336768,0.79663235
D20170518201_2019-05-14 12_05_30-lv1-30277-26951-8886-7721p0018.png,0.24587274,0.7541272
D20170584502_2019-05-14 12_43_57-lv1-14744-78-19212-20032p0073.png,0.35770932,0.6422907
2019-10737-1-4-4_2019-05-28 16_02_11-lv1-21062-7815-8844-9859p0015.png,0.71801966,0.28198028
D20170584502_2019-05-14 12_43_57-lv1-8718-14653-7634-8076p0005.png,0.2144366,0.78556347
1902386002_2019-06-11 12_23_22-lv1-22824-31253-5676-4175p0014.png,0.75067246,0.24932747
D20180498101_2019-05-14 14_58_30-lv1-31412-229-5257-6451p0025.png,0.13755587,0.86244416
D20180498101_2019-05-14 14_58_30-lv1-31412-229-5257-6451p0016.png,0.13989584,0.86010414
2019-05890-1-5-5_2019-05-29 03_46_25-lv1-10646-28473-10848-8938p0028.png,0.6487691,0.35123095
D20181010201_2019-05-21 14_08_09-lv1-57001-816-15224-14673p0005.png,0.54824483,0.45175517
D20190284802_2019-06-10 15_06_21-lv1-34384-14661-5589-4144p0020.png,0.42049497,0.579505
2019-05890-1-1-1_2019-05-29 04_16_22-lv1-25799-22836-8286-7829p0038.png,0.74482745,0.25517252
D20180056701_2019-05-21 09_50_58-lv1-23029-29289-3105-7538p0005.png,0.1911749,0.808825
D20190284802_2019-06-10 15_06_21-lv1-30021-14980-3810-4071p0008.png,0.5937439,0.40625605
D20170518201_2019-05-14 12_05_30-lv1-33535-33090-5096-5832p0022.png,0.46062413,0.53937584
D20170518201_2019-05-14 12_05_30-lv1-39601-28026-5393-3901p0003.png,0.2027933,0.7972067
D20170584502_2019-05-14 12_43_57-lv1-14744-78-19212-20032p0062.png,0.15325333,0.8467466
2019-08974-1-4-4_2019-05-28 23_27_16-lv1-43017-11764-6185-6306p0012.png,0.7794069,0.22059315
2019-10728-1-1-1_2019-05-29 10_20_36-lv1-41932-8116-7680-8493p0028.png,0.69560754,0.30439252
2019-08980-1-2-2_2019-05-28 21_32_39-lv1-68883-9330-4175-5937p0005.png,0.2574514,0.74254864
2019-07805-1-1-1_2019-05-29 05_23_08-lv1-38935-29409-9948-4414p0011.png,0.47974363,0.5202564
1902386002_2019-06-11 12_23_22-lv1-38745-14876-5611-7177p0015.png,0.4302862,0.56971383
2019-08895-1-1-1_2019-05-29 00_16_03-lv1-32906-4373-5396-3862p0001.png,0.50599694,0.49400303
1903326001_2019-06-11 12_07_06-lv1-22710-30692-2579-4062p0009.png,0.47282645,0.52717364
D20180498101_2019-05-14 14_58_30-lv1-31412-229-5257-6451p0018.png,0.40198115,0.5980189
2019-07501-1-1-1_2019-05-29 08_22_25-lv1-8582-14509-4265-3814p0010.png,0.49327695,0.50672305
2019-05890-1-1-1_2019-05-29 04_16_22-lv1-32976-4306-7960-8482p0060.png,0.36673793,0.6332621
2019-11827-1-1-1_2019-05-28 14_14_04-lv1-38890-14353-5119-7083p0019.png,0.5349428,0.46505725
D20170362101_2019-05-14 10_54_29-lv1-36452-24059-2947-5151p0003.png,0.39034107,0.6096589
D201710920_2019-05-21 11_52_57-lv1-27184-25058-6217-9485p0011.png,0.25416753,0.7458325
2019-10737-1-2-2_2019-05-28 16_19_15-lv1-30685-21461-7932-5491p0032.png,0.63543063,0.36456943
2019-11827-1-1-1_2019-05-28 14_14_04-lv1-38890-14353-5119-7083p0037.png,0.7722687,0.22773132
1902160001_2019-06-11 12_36_32-lv1-39045-16016-3312-4096p0004.png,0.79859334,0.20140664
D20190284902_2019-06-10 15_02_38-lv1-16068-3027-6315-4228p0004.png,0.5566964,0.44330353
2019-09674-1-1-1_2019-05-28 20_06_49-lv1-53580-23000-5828-6432p0031.png,0.41607508,0.5839249
D201803519_2019-05-14 15_14_44-lv1-28486-26603-10590-9935p0061.png,0.24291734,0.75708264
D201707227_2019-05-14 13_49_08-lv1-7570-2847-5797-5435p0008.png,0.2501187,0.7498814
2019-07498-1-2-2_2019-05-29 08_30_31-lv1-46489-6224-11088-8360p0069.png,0.16867895,0.83132106
D20180792401_2019-05-21 13_38_34-lv1-29203-23944-15780-12986p0090.png,0.11933589,0.88066405
2019-10728-1-1-1_2019-05-29 10_20_36-lv1-41932-8116-7680-8493p0042.png,0.33807403,0.661926
2019_06193_1-1_2019-02-20 20_52_35-lv1-62184-33080-4772-3401p0012.png,0.16274285,0.83725715
D20170502603_2019-05-14 11_39_00-lv1-322-6285-19314-22701p0225.png,0.1612869,0.8387131
2019-07506-1-4-4_2019-05-29 01_58_32-lv1-17822-9656-3294-5907p0011.png,0.53857565,0.46142435
D20170502603_2019-05-14 11_39_00-lv1-322-6285-19314-22701p0278.png,0.12899135,0.8710087
2019-08974-1-3-3_2019-05-28 23_36_34-lv1-47912-7170-4032-4565p0005.png,0.6638361,0.3361638
1902427001_2019-06-11 12_12_29-lv1-18613-16414-3481-3606p0007.png,0.13360837,0.8663916
D201801775B_2019-05-14 16_11_32-lv1-26744-26137-5178-7271p0005.png,0.61764896,0.38235104
1800769002_2019-06-11 13_32_47-lv1-41963-16720-2440-1801p0001.png,0.83427066,0.16572934
2019-08895-1-1-1_2019-05-29 00_16_03-lv1-18024-33741-5509-2953p0004.png,0.3379798,0.6620202
2019_01246_1-1_2019-02-20 19_23_52-lv1-43392-4103-4387-2023p0003.png,0.8046376,0.1953624
2019-06-11 01_00_50-lv1-1956-12720-11095-7901p0094.png,0.67834646,0.32165354
D20170584502_2019-05-14 12_43_57-lv1-14744-78-19212-20032p0112.png,0.1130465,0.88695353
2019-10951-1-1-1_2019-05-28 15_32_06-lv1-46015-20331-12311-4414p0010.png,0.7630085,0.23699152
2019-11827-1-1-1_2019-05-28 14_14_04-lv1-37745-31126-5181-7796p0004.png,0.6433844,0.35661557
2018_78758_1-1_2019-02-21 01_17_57-lv1-12181-25196-6860-3083p0012.png,0.31915826,0.68084174
D201707227_2019-05-14 13_49_08-lv1-7570-2847-5797-5435p0005.png,0.22271322,0.7772868
2019-11842-1-1-1_2019-05-28 14_22_48-lv1-29162-19047-3919-3782p0009.png,0.38694885,0.6130511
2019-08979-1-1-1_2019-05-28 22_36_37-lv1-43414-9050-8560-10324p0008.png,0.56720394,0.43279603
1902386001_2019-06-11 12_18_33-lv1-31989-4782-3653-3170p0006.png,0.43835765,0.56164235
2019-07506-1-5-5_2019-05-29 06_09_14-lv1-9703-21958-4456-10026p0014.png,0.31258622,0.6874138
2019-10951-1-1-1_2019-05-28 15_32_06-lv1-46015-20331-12311-4414p0043.png,0.66743314,0.33256683
D20170584502_2019-05-14 12_43_57-lv1-8718-14653-7634-8076p0012.png,0.1662346,0.8337654
2019-09674-1-1-1_2019-05-28 20_06_49-lv1-53513-29465-4870-3788p0021.png,0.1547375,0.84526247
D20180586802_2019-06-10 13_31_46-lv1-25458-17933-4214-2341p0006.png,0.8248653,0.1751347
2019-08979-1-1-1_2019-05-28 22_36_37-lv1-43414-9050-8560-10324p0015.png,0.67351365,0.32648632
1902386002_2019-06-11 12_23_22-lv1-38745-14876-5611-7177p0034.png,0.16451026,0.83548975
2019-07498-1-2-2_2019-05-29 08_30_31-lv1-46489-6224-11088-8360p0056.png,0.6233086,0.3766914
D20180792401_2019-05-21 13_38_34-lv1-29203-23944-15780-12986p0109.png,0.50430954,0.49569044
2019-06-11 00_58_36-lv1-820-6042-6546-12714p0094.png,0.46734133,0.53265876
1901067001_2019-04-30 10_36_04-lv1-20509-14477-2904-3369p0006.png,0.16004875,0.8399512
2019-05890-1-5-5_2019-05-29 03_46_25-lv1-10646-28473-10848-8938p0060.png,0.7135822,0.2864177
2019-05890-1-1-1_2019-05-29 04_16_22-lv1-32976-4306-7960-8482p0038.png,0.60655934,0.3934407
D201707788_2019-05-14 14_05_34-lv1-2777-15975-12688-9314p0045.png,0.09424523,0.9057548
2019-10732-1-5-5_2019-05-28 16_40_29-lv1-37280-16311-8989-5437p0021.png,0.73509926,0.2649007
D20170584502_2019-05-14 12_43_57-lv1-14744-78-19212-20032p0138.png,0.14581479,0.8541852
D20170502603_2019-05-14 11_39_00-lv1-322-6285-19314-22701p0103.png,0.10377891,0.8962211
D20170518201_2019-05-14 12_05_30-lv1-39601-28026-5393-3901p0010.png,0.12620078,0.8737992
2019-07506-1-4-4_2019-05-29 01_58_32-lv1-17822-9656-3294-5907p0001.png,0.58869326,0.4113067
2019-05890-1-5-5_2019-05-29 03_46_25-lv1-10646-28473-10848-8938p0012.png,0.8648884,0.13511162
D20170584502_2019-05-14 12_43_57-lv1-14744-78-19212-20032p0128.png,0.16541988,0.8345802
2019-05891-1-2-2_2019-05-29 03_30_03-lv1-22122-12185-5735-4874p0001.png,0.6355934,0.36440656
D20170518201_2019-05-14 12_05_30-lv1-39509-31959-5934-5127p0012.png,0.23881973,0.7611802
D201707227_2019-05-14 13_49_08-lv1-535-16796-26010-19568p0011.png,0.28389022,0.7161098
D20181047302_2019-06-10 11_38_18-lv1-2363-24324-4352-3675p0013.png,0.50856674,0.4914333
D20170584502_2019-05-14 12_43_57-lv1-14744-78-19212-20032p0051.png,0.13175344,0.8682465
2019-10195-1-1-1_2019-05-28 19_21_29-lv1-40740-12918-6524-8677p0048.png,0.4361776,0.5638224
2019-10327-1-1-1_2019-05-28 17_55_39-lv1-34492-22003-4074-4533p0006.png,0.63248783,0.3675121
2019_07303_1-1_2019-02-20 20_59_23-lv1-55167-19441-3666-5307p0007.png,0.15938064,0.8406194
D20180792401_2019-05-21 13_38_34-lv1-29203-23944-15780-12986p0091.png,0.15303682,0.8469632
D20190296201_2019-06-10 14_50_28-lv1-38715-30688-5386-8775p0014.png,0.28055874,0.7194412
D20180056701_2019-05-21 09_50_58-lv1-23029-29289-3105-7538p0013.png,0.5453753,0.45462477
2019-06-11 00_58_36-lv1-820-6042-6546-12714p0022.png,0.17128602,0.8287139
2019-05890-1-3-3_2019-05-29 04_02_08-lv1-33554-13476-4846-5024p0009.png,0.46205613,0.53794384
2019-07805-1-1-1_2019-05-29 05_23_08-lv1-38935-29409-9948-4414p0019.png,0.5072951,0.49270496
2019-11827-1-1-1_2019-05-28 14_14_04-lv1-37745-31126-5181-7796p0027.png,0.5472782,0.4527218
D201707788_2019-05-14 14_05_34-lv1-2777-15975-12688-9314p0012.png,0.09660987,0.9033901
D20170502603_2019-05-14 11_39_00-lv1-322-6285-19314-22701p0351.png,0.17119975,0.82880026
2019-05891-1-5-5_2019-05-29 03_17_43-lv1-21385-20833-4026-4299p0001.png,0.7860258,0.21397418
D20170502603_2019-05-14 11_39_00-lv1-322-6285-19314-22701p0272.png,0.1242189,0.8757811
2019-07806-1-1-1_2019-05-29 02_30_26-lv1-51709-27019-5595-4076p0020.png,0.26728505,0.73271495
D20181168805_2019-06-10 11_18_54-lv1-14997-12159-3546-4610p0015.png,0.5863126,0.4136874
D20190296201_2019-06-10 14_50_28-lv1-29513-27821-9198-12108p0036.png,0.20296513,0.79703486
D20170503802_2019-05-14 11_50_43-lv1-42069-29530-3775-4323p0003.png,0.29246074,0.70753926
D20170502603_2019-05-14 11_39_00-lv1-322-6285-19314-22701p0169.png,0.10825427,0.8917457
2019-06-11 00_46_38-lv1-9591-8750-3967-5483p0006.png,0.66296935,0.3370307
2019-08974-1-4-4_2019-05-28 23_27_16-lv1-43017-11764-6185-6306p0018.png,0.752202,0.24779806
2019-07502-1-1-1_2019-05-29 07_14_13-lv1-45320-35367-4644-7384p0034.png,0.37380093,0.62619907
2019_07303_1-1_2019-02-20 20_59_23-lv1-55167-19441-3666-5307p0010.png,0.11495548,0.8850446
2019-07506-1-1-1_2019-05-29 06_34_07-lv1-31721-10829-5554-3640p0010.png,0.45414624,0.5458538
2019-08980-1-3-3_2019-05-28 21_23_16-lv1-46154-12136-4958-4110p0015.png,0.8639306,0.13606943
D201803519_2019-05-14 15_14_44-lv1-28486-26603-10590-9935p0032.png,0.2113388,0.7886613
2019-07498-1-2-2_2019-05-29 08_30_31-lv1-46489-6224-11088-8360p0002.png,0.5992642,0.40073577
D20170502603_2019-05-14 11_39_00-lv1-322-6285-19314-22701p0115.png,0.18312682,0.8168732
2019-08976-1-2-2_2019-05-28 22_58_46-lv1-41616-6944-5288-5351p0006.png,0.73717034,0.26282966
2019-10507-1-1-1_2019-05-28 17_41_21-lv1-32379-4783-6197-6790p0026.png,0.38449645,0.6155036
2019-10946-1-1-1_2019-05-28 15_40_39-lv1-22021-16267-4506-6971p0016.png,0.3585296,0.64147043
2019-06-11 09_15_18-lv1-23037-23173-3077-4387p0005.png,0.22247458,0.7775254
2019-10507-1-1-1_2019-05-28 17_41_21-lv1-32379-4783-6197-6790p0003.png,0.5546057,0.44539425
D201802733_2019-05-14 15_48_17-lv1-36444-25037-3635-5520p0004.png,0.2828198,0.71718013
D201709874_2019-05-21 12_42_42-lv1-26505-15151-4357-3590p0009.png,0.1557277,0.8442723
2019-06-11 01_00_50-lv1-1956-12720-11095-7901p0028.png,0.4394398,0.56056017
2019-06-11 09_15_18-lv1-14414-13849-6581-6338p0033.png,0.6708393,0.32916075
D20170584502_2019-05-14 12_43_57-lv1-8718-14653-7634-8076p0027.png,0.14945583,0.85054415
2019-05890-1-2-2_2019-05-29 04_09_56-lv1-19180-17662-3831-3352p0003.png,0.309641,0.69035894
2019-08979-1-1-1_2019-05-28 22_36_37-lv1-43414-9050-8560-10324p0068.png,0.8378224,0.16217755
D20170502603_2019-05-14 11_39_00-lv1-322-6285-19314-22701p0232.png,0.13254082,0.8674592
2019-10620-1-1-1_2019-05-28 17_28_41-lv1-41477-15784-5544-4164p0023.png,0.700584,0.299416
D201710920_2019-05-21 11_52_57-lv1-33534-26482-6376-4721p0002.png,0.6612488,0.33875123
D20170518201_2019-05-14 12_05_30-lv1-33535-33090-5096-5832p0012.png,0.2873165,0.7126835
2019-08979-1-1-1_2019-05-28 22_36_37-lv1-43414-9050-8560-10324p0056.png,0.7712881,0.2287119
2019-06-11 01_00_50-lv1-1956-12720-11095-7901p0064.png,0.8105838,0.18941621
2019-07498-1-2-2_2019-05-29 08_30_31-lv1-46489-6224-11088-8360p0013.png,0.26070198,0.739298
D20180792401_2019-05-21 13_38_34-lv1-29203-23944-15780-12986p0115.png,0.58698595,0.41301408
2019-10213-1-1-1_2019-05-28 18_22_44-lv1-36516-19964-3912-3677p0013.png,0.7822648,0.2177352
D20190284902_2019-06-10 15_02_38-lv1-16068-3027-6315-4228p0014.png,0.73780656,0.2621934
2019_07896_1-1_2019-02-20 21_18_02-lv1-8871-6172-4468-2821p0001.png,0.16093573,0.8390643
1902160001_2019-06-11 12_36_32-lv1-47122-16946-4823-2643p0010.png,0.66115105,0.33884895
D20170502603_2019-05-14 11_39_00-lv1-322-6285-19314-22701p0072.png,0.1611152,0.8388848
2019-08979-1-5-5_2019-05-28 22_01_00-lv1-49604-12407-8550-4392p0020.png,0.7847076,0.2152924
D20190296201_2019-06-10 14_50_28-lv1-29513-27821-9198-12108p0016.png,0.26690042,0.7330996
2019-08976-1-3-3_2019-05-28 22_53_15-lv1-27252-10804-5418-2621p0009.png,0.56821114,0.43178883
D20190284802_2019-06-10 15_06_21-lv1-16310-12946-4950-3583p0006.png,0.44998667,0.5500133
2019-08979-1-5-5_2019-05-28 22_01_00-lv1-49604-12407-8550-4392p0027.png,0.7841003,0.2158997
D20180177401_2019-05-14 16_20_21-lv1-32193-32343-3516-6088p0012.png,0.186639,0.81336105
2019-06-11 09_15_18-lv1-23037-23173-3077-4387p0011.png,0.39756495,0.60243505
D20170502603_2019-05-14 11_39_00-lv1-322-6285-19314-22701p0157.png,0.12258379,0.87741625
2018_83220_1-1_2019-02-20 18_33_11-lv1-58151-37497-5712-3460p0001.png,0.425648,0.57435197
2019-10296-1-1-1_2019-05-28 18_05_02-lv1-56485-13239-6689-7042p0018.png,0.39567196,0.60432804
D20190284902_2019-06-10 15_02_38-lv1-16068-3027-6315-4228p0012.png,0.64716256,0.35283747
D20170502603_2019-05-14 11_39_00-lv1-322-6285-19314-22701p0394.png,0.11573622,0.88426375
D20180102901_2019-05-21 09_38_51-lv1-36547-27341-10626-9816p0049.png,0.11569494,0.88430506
2019-10732-1-4-4_2019-05-28 16_46_57-lv1-30727-24050-5932-6576p0003.png,0.6951232,0.30487674
2019-06-11 00_58_36-lv1-820-6042-6546-12714p0109.png,0.4424824,0.5575176
D20170568101_2019-05-14 12_34_44-lv1-32981-23308-6289-3057p0013.png,0.48228437,0.5177157
D20170584502_2019-05-14 12_43_57-lv1-8718-14653-7634-8076p0001.png,0.16552493,0.83447504
1902386001_2019-06-11 12_18_33-lv1-35858-8812-2794-1558p0001.png,0.7304979,0.26950207
D20190284802_2019-06-10 15_06_21-lv1-16310-12946-4950-3583p0016.png,0.6980105,0.30198956
2019-10732-1-6-6_2019-05-28 16_33_17-lv1-43103-2848-6491-8333p0021.png,0.66507846,0.3349215
D20180586802_2019-06-10 13_31_46-lv1-11083-13485-3980-2200p0001.png,0.61857396,0.381426
D20170502603_2019-05-14 11_39_00-lv1-322-6285-19314-22701p0196.png,0.15592872,0.84407127
D20190284902_2019-06-10 15_02_38-lv1-16068-3027-6315-4228p0015.png,0.64068806,0.359312
2019-10737-1-6-6_2019-05-28 15_47_35-lv1-19582-23423-8743-5611p0011.png,0.8886481,0.11135188
D20170502603_2019-05-14 11_39_00-lv1-322-6285-19314-22701p0076.png,0.1278199,0.8721801
2019-08857-1-1-1_2019-05-29 00_37_12-lv1-51983-12331-6459-4436p0012.png,0.8330099,0.16699006
D20170518201_2019-05-14 12_05_30-lv1-30277-26951-8886-7721p0017.png,0.36194867,0.6380513
D20170518201_2019-05-14 12_05_30-lv1-39509-31959-5934-5127p0027.png,0.27740273,0.7225973
1902369001_2019-06-11 12_30_17-lv1-22741-11885-2971-3517p0005.png,0.15268774,0.8473122
D20170362101_2019-05-14 10_54_29-lv1-29935-31527-7716-4964p0008.png,0.20759346,0.7924066
2019-06-11 01_00_50-lv1-1956-12720-11095-7901p0006.png,0.6070435,0.39295647
D20190284705_2019-06-10 15_10_34-lv1-15598-12648-5733-5319p0034.png,0.74095494,0.25904503
2019-10503-1-1-1_2019-05-28 17_51_26-lv1-29114-7260-2985-14450p0013.png,0.67492086,0.32507917
2019-08979-1-3-3_2019-05-28 22_17_51-lv1-42656-17844-6415-7137p0030.png,0.70946646,0.29053348
2019-10195-1-1-1_2019-05-28 19_21_29-lv1-40740-12918-6524-8677p0011.png,0.5141566,0.4858434
2019-06-11 00_58_36-lv1-820-6042-6546-12714p0057.png,0.38468504,0.615315
2019_07896_1-1_2019-02-20 21_18_02-lv1-8871-6172-4468-2821p0003.png,0.1376418,0.86235815
2019-10732-1-6-6_2019-05-28 16_33_17-lv1-43103-2848-6491-8333p0052.png,0.8167523,0.18324769
D20170502603_2019-05-14 11_39_00-lv1-322-6285-19314-22701p0086.png,0.12166272,0.8783374
2019-08979-1-5-5_2019-05-28 22_01_00-lv1-42518-23241-6676-7789p0018.png,0.7017337,0.29826632
2019-11827-1-1-1_2019-05-28 14_14_04-lv1-37745-31126-5181-7796p0025.png,0.6988429,0.30115718
D20180792401_2019-05-21 13_38_34-lv1-29203-23944-15780-12986p0085.png,0.2287308,0.77126926
2019-07460-1-1-1_2019-05-29 09_02_42-lv1-36814-6579-3841-3433p0012.png,0.50768036,0.4923196
2019-06-11 00_58_36-lv1-820-6042-6546-12714p0097.png,0.2683034,0.73169667
D201801775B_2019-05-14 16_11_32-lv1-32232-31796-7646-5982p0027.png,0.21631862,0.78368133
D20180792401_2019-05-21 13_38_34-lv1-29203-23944-15780-12986p0114.png,0.7232342,0.2767658
2019_01246_1-1_2019-02-20 19_23_52-lv1-43392-4103-4387-2023p0008.png,0.69688433,0.30311564
D20180102901_2019-05-21 09_38_51-lv1-36547-27341-10626-9816p0063.png,0.18415502,0.815845
2019-07498-1-2-2_2019-05-29 08_30_31-lv1-46489-6224-11088-8360p0033.png,0.32967472,0.67032534
2019-08980-1-2-2_2019-05-28 21_32_39-lv1-57725-8547-5676-5415p0027.png,0.4533,0.54669994
2019-07501-1-3-3_2019-05-29 07_53_41-lv1-35261-15594-3588-8743p0012.png,0.5255298,0.4744702
2019-08886-1-1-1_2019-05-29 00_21_36-lv1-49044-5996-4707-4384p0008.png,0.21506605,0.7849339
2019-07498-1-2-2_2019-05-29 08_30_31-lv1-25906-27222-11411-7160p0006.png,0.13134582,0.86865413
D201711541_2019-05-21 11_28_51-lv1-35648-23452-2298-3457p0001.png,0.32927698,0.670723
D20170502603_2019-05-14 11_39_00-lv1-322-6285-19314-22701p0209.png,0.26655334,0.7334467
2019-07498-1-2-2_2019-05-29 08_30_31-lv1-25906-27222-11411-7160p0046.png,0.46089116,0.5391089
2019-06-11 01_00_50-lv1-1956-12720-11095-7901p0015.png,0.5467945,0.45320556
D20170518201_2019-05-14 12_05_30-lv1-39601-28026-5393-3901p0007.png,0.14224681,0.8577531
D201802733_2019-05-14 15_48_17-lv1-27927-31736-4219-5542p0006.png,0.40617517,0.5938248
2019-07498-1-2-2_2019-05-29 08_30_31-lv1-25906-27222-11411-7160p0012.png,0.5602365,0.4397635
D20190296201_2019-06-10 14_50_28-lv1-38715-30688-5386-8775p0021.png,0.31397015,0.68602973
1902386002_2019-06-11 12_23_22-lv1-38745-14876-5611-7177p0040.png,0.1182161,0.8817839
D201803519_2019-05-14 15_14_44-lv1-28486-26603-10590-9935p0031.png,0.27134314,0.7286568
D20180102901_2019-05-21 09_38_51-lv1-32064-28648-3839-5894p0006.png,0.28151432,0.71848565
2019-10951-1-1-1_2019-05-28 15_32_06-lv1-46015-20331-12311-4414p0006.png,0.7671855,0.2328145
D20170518201_2019-05-14 12_05_30-lv1-33535-33090-5096-5832p0003.png,0.3672104,0.6327896
D20170584502_2019-05-14 12_43_57-lv1-8718-14653-7634-8076p0010.png,0.17320898,0.82679105
2019-10620-1-1-1_2019-05-28 17_28_41-lv1-41477-15784-5544-4164p0002.png,0.52264345,0.4773566
D20170951201_2019-05-14 14_41_50-lv1-27257-23870-4628-6000p0023.png,0.10757394,0.8924261
D201709874_2019-05-21 12_42_42-lv1-31315-17194-2766-2641p0003.png,0.30255386,0.69744617
2019-06-11 01_00_50-lv1-1956-12720-11095-7901p0016.png,0.54486203,0.4551379
1800769002_2019-06-11 13_32_47-lv1-38941-15268-2353-4445p0002.png,0.5230314,0.4769686
1902386001_2019-06-11 12_18_33-lv1-31989-4782-3653-3170p0003.png,0.29294604,0.7070539
1901940-1_2019-04-30 10_30_47-lv1-44085-11603-3541-4701p0002.png,0.2450658,0.75493413
2019-10965-1-1-1_2019-05-28 15_12_46-lv1-41393-10795-4607-7564p0009.png,0.46521628,0.5347837
2019-10737-1-4-4_2019-05-28 16_02_11-lv1-21062-7815-8844-9859p0023.png,0.69402885,0.30597112
2019-06-11 00_46_38-lv1-9591-8750-3967-5483p0001.png,0.7588118,0.24118818
1900838001_2019-04-30 10_15_23-lv1-20231-15672-6703-7495p0015.png,0.410461,0.589539
2019-08979-1-5-5_2019-05-28 22_01_00-lv1-42518-23241-6676-7789p0011.png,0.89250207,0.10749792
2019-05890-1-6-6_2019-05-29 03_40_51-lv1-20530-15421-6231-3147p0010.png,0.6690506,0.3309495
D20190296201_2019-06-10 14_50_28-lv1-29513-27821-9198-12108p0050.png,0.22610384,0.77389616
2019-10732-1-2-2_2019-05-28 17_07_02-lv1-20190-24783-6547-8251p0036.png,0.21855266,0.7814473
2019-07498-1-2-2_2019-05-29 08_30_31-lv1-25906-27222-11411-7160p0030.png,0.1378836,0.8621164
D20170502603_2019-05-14 11_39_00-lv1-322-6285-19314-22701p0195.png,0.23905487,0.76094514
2019-06-11 01_00_50-lv1-1956-12720-11095-7901p0089.png,0.63199276,0.36800724
D20170502603_2019-05-14 11_39_00-lv1-322-6285-19314-22701p0093.png,0.1181112,0.88188875
D20170502603_2019-05-14 11_39_00-lv1-322-6285-19314-22701p0357.png,0.1248286,0.8751714
2019-09674-1-1-1_2019-05-28 20_06_49-lv1-53513-29465-4870-3788p0006.png,0.6090034,0.39099655
D20170518201_2019-05-14 12_05_30-lv1-39601-28026-5393-3901p0018.png,0.30986366,0.6901364
D20170518201_2019-05-14 12_05_30-lv1-39509-31959-5934-5127p0013.png,0.08967114,0.910329
1902160001_2019-06-11 12_36_32-lv1-42822-14737-4416-4096p0010.png,0.81536454,0.18463545
D20190296201_2019-06-10 14_50_28-lv1-29513-27821-9198-12108p0034.png,0.19476207,0.80523795
1902160001_2019-06-11 12_36_32-lv1-42822-14737-4416-4096p0013.png,0.7104006,0.28959942
D20180792401_2019-05-21 13_38_34-lv1-29203-23944-15780-12986p0004.png,0.65722036,0.3427796
2019-08974-1-1-1_2019-05-28 23_56_10-lv1-53379-9747-9811-5861p0053.png,0.43684557,0.5631544
2019-08140-1-1-1_2019-05-29 01_22_08-lv1-37576-9838-4308-5583p0001.png,0.76137304,0.23862699
2019-07506-1-4-4_2019-05-29 01_58_32-lv1-17822-9656-3294-5907p0007.png,0.6074553,0.3925447
D20190284705_2019-06-10 15_10_34-lv1-15598-12648-5733-5319p0010.png,0.7087143,0.29128575
D20170502603_2019-05-14 11_39_00-lv1-322-6285-19314-22701p0344.png,0.12828948,0.87171054
2019-06-11 00_58_36-lv1-820-6042-6546-12714p0007.png,0.14416146,0.8558385
1902160001_2019-06-11 12_36_32-lv1-42822-14737-4416-4096p0002.png,0.5120662,0.4879338
D20170518201_2019-05-14 12_05_30-lv1-30277-26951-8886-7721p0031.png,0.2427912,0.7572088
2019-07806-1-1-1_2019-05-29 02_30_26-lv1-45859-24463-4952-4414p0023.png,0.35013673,0.6498633
2019-10620-1-1-1_2019-05-28 17_28_41-lv1-41477-15784-5544-4164p0005.png,0.5995232,0.4004768
2019-08863-1-1-1_2019-05-29 00_31_57-lv1-26775-8699-9357-4453p0026.png,0.68532926,0.31467074
D201802734_2019-05-14 15_33_06-lv1-27790-35298-7029-4792p0005.png,0.4416554,0.5583446
D20170518201_2019-05-14 12_05_30-lv1-33535-33090-5096-5832p0007.png,0.16476229,0.8352377
D201803511_2019-05-14 15_24_16-lv1-35489-31012-3664-4696p0002.png,0.456885,0.54311496
2019-07498-1-2-2_2019-05-29 08_30_31-lv1-25906-27222-11411-7160p0017.png,0.47956884,0.52043116
2019-10620-1-1-1_2019-05-28 17_28_41-lv1-41477-15784-5544-4164p0015.png,0.231031,0.76896894
2019-08857-1-1-1_2019-05-29 00_37_12-lv1-51983-12331-6459-4436p0021.png,0.80183005,0.19816984
2019-07506-1-6-6_2019-05-29 06_02_44-lv1-23392-11735-5508-4131p0019.png,0.70805395,0.29194614
2019-08980-1-1-1_2019-05-28 21_41_50-lv1-56141-20419-6353-6092p0038.png,0.51675826,0.4832417
2019-08886-1-1-1_2019-05-29 00_21_36-lv1-49044-5996-4707-4384p0007.png,0.23819976,0.76180035
2019-08976-1-3-3_2019-05-28 22_53_15-lv1-33161-13840-6341-3222p0005.png,0.7663373,0.23366275
2019-10737-1-4-4_2019-05-28 16_02_11-lv1-21062-7815-8844-9859p0016.png,0.5272059,0.4727941
2019-06-11 09_15_18-lv1-14414-13849-6581-6338p0025.png,0.5698263,0.43017372
D20170951201_2019-05-14 14_41_50-lv1-27257-23870-4628-6000p0012.png,0.23109803,0.76890194
2019-10195-1-1-1_2019-05-28 19_21_29-lv1-40740-12918-6524-8677p0047.png,0.69824487,0.30175507
2019-10296-1-1-1_2019-05-28 18_05_02-lv1-56485-13239-6689-7042p0005.png,0.50394434,0.4960557
D20170502603_2019-05-14 11_39_00-lv1-322-6285-19314-22701p0138.png,0.12150393,0.87849605
1902386002_2019-06-11 12_23_22-lv1-22824-31253-5676-4175p0002.png,0.88046896,0.11953101
2019-07501-1-3-3_2019-05-29 07_53_41-lv1-28802-27730-4306-8351p0021.png,0.7761289,0.22387113
2019-10620-1-1-1_2019-05-28 17_28_41-lv1-41477-15784-5544-4164p0018.png,0.49146625,0.5085338
D20170503802_2019-05-14 11_50_43-lv1-36345-35501-7085-3382p0010.png,0.11839087,0.88160914
D20190445003_2019-06-10 14_30_16-lv1-19280-4446-1982-3545p0002.png,0.67142177,0.32857823
2019-07460-1-2-2_2019-05-29 08_55_54-lv1-36101-18184-4447-2892p0004.png,0.44999075,0.5500092
2019-08980-1-3-3_2019-05-28 21_23_16-lv1-46154-12136-4958-4110p0002.png,0.57083875,0.42916125
1900838001_2019-04-30 10_15_23-lv1-20231-15672-6703-7495p0027.png,0.4397101,0.56028986
D20170502603_2019-05-14 11_39_00-lv1-322-6285-19314-22701p0264.png,0.2061542,0.7938458
2019-05890-1-1-1_2019-05-29 04_16_22-lv1-25799-22836-8286-7829p0050.png,0.41805673,0.58194333
2019-10962-1-1-1_2019-05-28 15_22_19-lv1-32816-22647-2905-2748p0006.png,0.41297123,0.58702874
2019-10946-1-1-1_2019-05-28 15_40_39-lv1-37765-7438-4110-7111p0015.png,0.6766292,0.32337078
2019-10737-1-4-4_2019-05-28 16_02_11-lv1-21062-7815-8844-9859p0042.png,0.73096794,0.26903203
2019-11827-1-1-1_2019-05-28 14_14_04-lv1-38890-14353-5119-7083p0011.png,0.40571448,0.5942855
2019-10737-1-4-4_2019-05-28 16_02_11-lv1-21062-7815-8844-9859p0032.png,0.8021583,0.19784173
D20190296201_2019-06-10 14_50_28-lv1-29513-27821-9198-12108p0022.png,0.4431061,0.5568939
1901558001_2019-04-30 10_24_11-lv1-50393-31270-4213-7808p0005.png,0.3772427,0.6227573
2019-06-11 09_15_18-lv1-20478-17628-3991-6155p0008.png,0.25584847,0.74415153
2019-09674-1-1-1_2019-05-28 20_06_49-lv1-53580-23000-5828-6432p0011.png,0.4363706,0.5636294
D20170518201_2019-05-14 12_05_30-lv1-30277-26951-8886-7721p0011.png,0.2461584,0.7538416
2019-08980-1-1-1_2019-05-28 21_41_50-lv1-56141-20419-6353-6092p0042.png,0.39194497,0.60805506
D201803519_2019-05-14 15_14_44-lv1-28486-26603-10590-9935p0010.png,0.43131277,0.56868726
D20170518201_2019-05-14 12_05_30-lv1-30277-26951-8886-7721p0033.png,0.3500274,0.64997256
2019-05890-1-1-1_2019-05-29 04_16_22-lv1-25799-22836-8286-7829p0043.png,0.230534,0.7694661
D20171243404_2019-05-21 11_08_16-lv1-34700-28211-3630-4561p0005.png,0.20150054,0.79849946
2019-11827-1-1-1_2019-05-28 14_14_04-lv1-37745-31126-5181-7796p0036.png,0.2508944,0.7491056
D20170584502_2019-05-14 12_43_57-lv1-14744-78-19212-20032p0103.png,0.12696151,0.87303853
2019-08979-1-1-1_2019-05-28 22_36_37-lv1-43414-9050-8560-10324p0091.png,0.71359783,0.2864022
2019-08979-1-5-5_2019-05-28 22_01_00-lv1-42518-23241-6676-7789p0010.png,0.8720128,0.12798718
2019-05890-1-1-1_2019-05-29 04_16_22-lv1-32976-4306-7960-8482p0052.png,0.55786043,0.44213957
D20170568101_2019-05-14 12_34_44-lv1-31812-26175-6401-3317p0005.png,0.5324635,0.46753648
D20180102901_2019-05-21 09_38_51-lv1-36547-27341-10626-9816p0052.png,0.37190053,0.6280995
2019-08979-1-1-1_2019-05-28 22_36_37-lv1-43414-9050-8560-10324p0006.png,0.55655164,0.4434483
D20190286206_2019-06-10 14_58_35-lv1-1713-13042-2567-3133p0008.png,0.83200145,0.16799857
2019-07506-1-3-3_2019-05-29 06_19_09-lv1-26994-7875-5933-4397p0012.png,0.3051023,0.69489765
2019-08980-1-2-2_2019-05-28 21_32_39-lv1-72667-1174-4502-6002p0007.png,0.71459806,0.2854019
2019-08863-1-1-1_2019-05-29 00_31_57-lv1-26775-8699-9357-4453p0024.png,0.29565004,0.70434994
2019-07805-1-1-1_2019-05-29 05_23_08-lv1-38935-29409-9948-4414p0022.png,0.35754457,0.64245546
2018_83253_1-1_2019-02-20 18_38_45-lv1-883-22059-4376-3680p0007.png,0.536286,0.46371397
D20170502603_2019-05-14 11_39_00-lv1-322-6285-19314-22701p0107.png,0.25751114,0.74248886
2019-09191-1-1-1_2019-05-28 21_14_56-lv1-32593-18740-3330-1535p0003.png,0.4534363,0.54656374
2019-10732-1-4-4_2019-05-28 16_46_57-lv1-30727-24050-5932-6576p0037.png,0.78345114,0.21654898
2019-11842-1-1-1_2019-05-28 14_22_48-lv1-29162-19047-3919-3782p0014.png,0.59691834,0.4030817
2019-08974-1-4-4_2019-05-28 23_27_16-lv1-43017-11764-6185-6306p0003.png,0.7112629,0.28873712
1903406001_2019-06-11 12_03_13-lv1-16299-14974-3560-3906p0006.png,0.64942926,0.35057077
1902386002_2019-06-11 12_23_22-lv1-22824-31253-5676-4175p0001.png,0.8852475,0.11475247
2019-10327-1-1-1_2019-05-28 17_55_39-lv1-34492-22003-4074-4533p0010.png,0.51932037,0.4806797
2019-10965-1-1-1_2019-05-28 15_12_46-lv1-41393-10795-4607-7564p0017.png,0.38584387,0.6141561
2019-10504-1-1-1_2019-05-28 17_44_07-lv1-28687-3202-15210-8684p0026.png,0.42888537,0.5711146
D20180591902_2019-06-10 13_28_09-lv1-1674-15873-4963-2856p0009.png,0.47517127,0.52482873
D20170584502_2019-05-14 12_43_57-lv1-14744-78-19212-20032p0035.png,0.14144826,0.85855186
2019-07498-1-2-2_2019-05-29 08_30_31-lv1-25906-27222-11411-7160p0079.png,0.3122673,0.68773264
D20180498101_2019-05-14 14_58_30-lv1-31412-229-5257-6451p0017.png,0.16977689,0.83022314
2019-08979-1-3-3_2019-05-28 22_17_51-lv1-42656-17844-6415-7137p0043.png,0.7327284,0.26727158
2019-11827-1-1-1_2019-05-28 14_14_04-lv1-37745-31126-5181-7796p0041.png,0.6228652,0.37713483
D20180591902_2019-06-10 13_28_09-lv1-1674-15873-4963-2856p0007.png,0.62000966,0.37999037
2019-06-11 01_00_50-lv1-1956-12720-11095-7901p0047.png,0.79076374,0.20923622
1902386002_2019-06-11 12_23_22-lv1-22824-31253-5676-4175p0023.png,0.37187788,0.62812215
2019-08895-1-1-1_2019-05-29 00_16_03-lv1-18024-33741-5509-2953p0012.png,0.45726296,0.54273707
2019-06-11 09_15_18-lv1-20478-17628-3991-6155p0010.png,0.21319415,0.78680587
1900838001_2019-04-30 10_15_23-lv1-20231-15672-6703-7495p0007.png,0.20469642,0.7953036
D20190445103_2019-06-10 14_26_02-lv1-16400-15396-5392-7030p0014.png,0.637806,0.3621941
2019-07501-1-4-4_2019-05-29 07_36_59-lv1-43309-12585-7519-4764p0009.png,0.8419227,0.1580773
D201707227_2019-05-14 13_49_08-lv1-535-16796-26010-19568p0033.png,0.20397723,0.7960228
D20170584502_2019-05-14 12_43_57-lv1-863-489-13565-15647p0018.png,0.15597086,0.8440291
2019-08895-1-1-1_2019-05-29 00_16_03-lv1-18024-33741-5509-2953p0001.png,0.18798193,0.8120181
1902369001_2019-06-11 12_30_17-lv1-20073-15402-4002-4366p0007.png,0.21307003,0.78693
2019-07498-1-2-2_2019-05-29 08_30_31-lv1-46489-6224-11088-8360p0063.png,0.41127935,0.5887206
D201803519_2019-05-14 15_14_44-lv1-28486-26603-10590-9935p0054.png,0.5634612,0.4365388
D20180723001_2019-06-10 13_01_20-lv1-17394-12710-6236-5782p0021.png,0.7274669,0.2725331
D201803519_2019-05-14 15_14_44-lv1-37789-37126-5701-3477p0014.png,0.19314064,0.80685925
D20180187901_2019-05-14 15_56_55-lv1-34347-8198-3824-5879p0008.png,0.36001873,0.6399813
D20170502603_2019-05-14 11_39_00-lv1-322-6285-19314-22701p0261.png,0.15099859,0.84900147
2019-08976-1-2-2_2019-05-28 22_58_46-lv1-41616-6944-5288-5351p0024.png,0.767529,0.23247094
2019-08980-1-1-1_2019-05-28 21_41_50-lv1-56141-20419-6353-6092p0043.png,0.5540477,0.44595227
2019-08979-1-6-6_2019-05-28 21_52_03-lv1-42127-12400-6222-8663p0030.png,0.7340967,0.2659033
2019-07498-1-2-2_2019-05-29 08_30_31-lv1-25906-27222-11411-7160p0029.png,0.3931951,0.6068049
2019-08976-1-3-3_2019-05-28 22_53_15-lv1-33161-13840-6341-3222p0016.png,0.6603528,0.33964717
2019-07498-1-2-2_2019-05-29 08_30_31-lv1-25906-27222-11411-7160p0057.png,0.203605,0.79639506
2019-08979-1-1-1_2019-05-28 22_36_37-lv1-43414-9050-8560-10324p0024.png,0.43461856,0.56538147
2019-09687-1-1-1_2019-05-28 19_57_12-lv1-49087-30726-6141-5333p0002.png,0.3701296,0.62987036
D20170518201_2019-05-14 12_05_30-lv1-30277-26951-8886-7721p0029.png,0.37551767,0.6244824
D20190284802_2019-06-10 15_06_21-lv1-34384-14661-5589-4144p0003.png,0.64983606,0.35016397
2018_83220_1-1_2019-02-20 18_33_11-lv1-59641-33027-4844-3976p0006.png,0.34656847,0.6534315
D20180187901_2019-05-14 15_56_55-lv1-36171-3307-4967-5736p0011.png,0.59042186,0.40957817
1901940-1_2019-04-30 10_30_47-lv1-40561-17303-4906-4343p0017.png,0.37492576,0.6250742
2019-10728-1-1-1_2019-05-29 10_20_36-lv1-41932-8116-7680-8493p0022.png,0.6868519,0.31314802
2019-10946-1-1-1_2019-05-28 15_40_39-lv1-22021-16267-4506-6971p0012.png,0.4065484,0.5934516
D20180723001_2019-06-10 13_01_20-lv1-17394-12710-6236-5782p0017.png,0.6428833,0.35711667
D20171243404_2019-05-21 11_08_16-lv1-34700-28211-3630-4561p0002.png,0.17875645,0.8212436
2019-05890-1-4-4_2019-05-29 03_52_40-lv1-32907-20569-8446-9156p0034.png,0.8281976,0.17180242
2019-09191-1-1-1_2019-05-28 21_14_56-lv1-33108-20305-4335-2207p0003.png,0.47547275,0.52452725
2019-08979-1-5-5_2019-05-28 22_01_00-lv1-42518-23241-6676-7789p0027.png,0.6348803,0.36511967
D20170584502_2019-05-14 12_43_57-lv1-863-489-13565-15647p0014.png,0.14060156,0.8593984
D201803519_2019-05-14 15_14_44-lv1-37789-37126-5701-3477p0010.png,0.13626894,0.86373115
2019-08974-1-1-1_2019-05-28 23_56_10-lv1-33437-26695-7518-8983p0062.png,0.5183599,0.48164013
2019-10732-1-4-4_2019-05-28 16_46_57-lv1-30727-24050-5932-6576p0009.png,0.6088189,0.3911811
D20170502603_2019-05-14 11_39_00-lv1-322-6285-19314-22701p0237.png,0.28239396,0.71760607
1902386002_2019-06-11 12_23_22-lv1-38745-14876-5611-7177p0033.png,0.25940317,0.7405968
2019-10732-1-6-6_2019-05-28 16_33_17-lv1-43103-2848-6491-8333p0050.png,0.5526561,0.44734392
D201803519_2019-05-14 15_14_44-lv1-38817-33027-4911-4640p0008.png,0.18644318,0.8135569
D20180102901_2019-05-21 09_38_51-lv1-32064-28648-3839-5894p0002.png,0.40072125,0.59927875
2019-11827-1-1-1_2019-05-28 14_14_04-lv1-37745-31126-5181-7796p0029.png,0.44358024,0.5564198
2019-08974-1-1-1_2019-05-28 23_56_10-lv1-53379-9747-9811-5861p0065.png,0.483951,0.51604897
D20170584502_2019-05-14 12_43_57-lv1-14744-78-19212-20032p0059.png,0.21755666,0.78244334
2019-08980-1-1-1_2019-05-28 21_41_50-lv1-56141-20419-6353-6092p0007.png,0.48159713,0.5184028
D201710920_2019-05-21 11_52_57-lv1-33661-31501-7087-7660p0019.png,0.24211755,0.7578824
2019-05890-1-1-1_2019-05-29 04_16_22-lv1-32976-4306-7960-8482p0028.png,0.54141706,0.4585829
2019-10737-1-6-6_2019-05-28 15_47_35-lv1-19582-23423-8743-5611p0023.png,0.8246733,0.17532672
D201707227_2019-05-14 13_49_08-lv1-535-16796-26010-19568p0013.png,0.384157,0.615843
D20170502603_2019-05-14 11_39_00-lv1-322-6285-19314-22701p0370.png,0.27377522,0.7262248
2019-07501-1-4-4_2019-05-29 07_36_59-lv1-43309-12585-7519-4764p0003.png,0.83568245,0.16431747
2019_03867_1-1_2019-02-20 20_00_32-lv1-35269-34259-4448-4137p0006.png,0.6632766,0.3367234
2019-09687-1-1-1_2019-05-28 19_57_12-lv1-49087-30726-6141-5333p0019.png,0.18569542,0.81430453
D20180177401_2019-05-14 16_20_21-lv1-35775-30321-8440-9363p0034.png,0.1769471,0.82305294
D20180723501_2019-06-10 13_47_37-lv1-15778-1569-3997-4912p0014.png,0.33884436,0.66115564
D201801775B_2019-05-14 16_11_32-lv1-26580-33647-6698-6192p0021.png,0.40008417,0.5999158
2019-07506-1-1-1_2019-05-29 06_34_07-lv1-31721-10829-5554-3640p0018.png,0.4108302,0.5891698
D20170502603_2019-05-14 11_39_00-lv1-322-6285-19314-22701p0044.png,0.17003497,0.82996505
1902369001_2019-06-11 12_30_17-lv1-24621-16433-4669-6003p0024.png,0.2637288,0.7362712
2019-05890-1-6-6_2019-05-29 03_40_51-lv1-20530-15421-6231-3147p0019.png,0.8287847,0.17121533
2019-10737-1-6-6_2019-05-28 15_47_35-lv1-19582-23423-8743-5611p0042.png,0.83989376,0.16010623
D20190284705_2019-06-10 15_10_34-lv1-16662-25829-5910-3664p0019.png,0.6852742,0.3147258
D20180056701_2019-05-21 09_50_58-lv1-23029-29289-3105-7538p0021.png,0.42271027,0.57728976
2019-05890-1-2-2_2019-05-29 04_09_56-lv1-19180-17662-3831-3352p0009.png,0.42297783,0.57702214
D20190284705_2019-06-10 15_10_34-lv1-15598-12648-5733-5319p0027.png,0.27446395,0.7255361
2019-10737-1-2-2_2019-05-28 16_19_15-lv1-30685-21461-7932-5491p0004.png,0.43407425,0.5659257
2019-11827-1-1-1_2019-05-28 14_14_04-lv1-37745-31126-5181-7796p0039.png,0.65385044,0.34614953
2019-07502-1-2-2_2019-05-29 07_05_35-lv1-40805-21573-6383-5024p0006.png,0.83863664,0.16136336
2019-07506-1-2-2_2019-05-29 06_26_57-lv1-31603-13183-2993-3051p0005.png,0.54883796,0.45116207
2019-08886-1-1-1_2019-05-29 00_21_36-lv1-49044-5996-4707-4384p0012.png,0.34021413,0.65978587
2019-10728-1-1-1_2019-05-29 10_20_36-lv1-41932-8116-7680-8493p0041.png,0.35207605,0.64792395
1902386002_2019-06-11 12_23_22-lv1-38745-14876-5611-7177p0030.png,0.25717142,0.74282867
D201707227_2019-05-14 13_49_08-lv1-7570-2847-5797-5435p0009.png,0.3193727,0.6806273
2019_05944_1-1_2019-02-20 20_42_06-lv1-39021-20282-4099-4249p0013.png,0.36022204,0.6397779
2019-06-11 00_58_36-lv1-820-6042-6546-12714p0065.png,0.566251,0.43374905
2019-10737-1-4-4_2019-05-28 16_02_11-lv1-21062-7815-8844-9859p0013.png,0.6078638,0.39213625
D201801775B_2019-05-14 16_11_32-lv1-32232-31796-7646-5982p0002.png,0.31885022,0.6811498
1902160001_2019-06-11 12_36_32-lv1-44190-20016-5916-4469p0011.png,0.57815164,0.42184836
D20170584502_2019-05-14 12_43_57-lv1-14744-78-19212-20032p0038.png,0.12868756,0.8713124
2019-07502-1-2-2_2019-05-29 07_05_35-lv1-40805-21573-6383-5024p0027.png,0.80592686,0.19407307
2018_83220_1-1_2019-02-20 18_33_11-lv1-62292-40863-3519-3237p0003.png,0.35045475,0.64954525
D20170502603_2019-05-14 11_39_00-lv1-322-6285-19314-22701p0168.png,0.11330026,0.88669974
D20170502603_2019-05-14 11_39_00-lv1-322-6285-19314-22701p0290.png,0.15565942,0.84434056
D20190296201_2019-06-10 14_50_28-lv1-38715-30688-5386-8775p0027.png,0.19478154,0.80521846
D20180056701_2019-05-21 09_50_58-lv1-27237-28645-8099-3942p0009.png,0.18517067,0.81482935
D20170502603_2019-05-14 11_39_00-lv1-322-6285-19314-22701p0105.png,0.12917997,0.8708201
D20180102901_2019-05-21 09_38_51-lv1-36547-27341-10626-9816p0076.png,0.16942012,0.8305798
2019-06-11 01_00_50-lv1-1956-12720-11095-7901p0008.png,0.7406914,0.25930858
2019_05944_1-1_2019-02-20 20_42_06-lv1-32250-15753-7640-5376p0011.png,0.20999055,0.79000944
2019-08974-1-5-5_2019-05-28 23_17_50-lv1-33952-9759-6526-5268p0017.png,0.81922185,0.18077815
2019-08980-1-2-2_2019-05-28 21_32_39-lv1-68883-9330-4175-5937p0003.png,0.73730177,0.2626983
D20170362101_2019-05-14 10_54_29-lv1-36452-24059-2947-5151p0001.png,0.6797922,0.32020777
1900838001_2019-04-30 10_15_23-lv1-17110-19166-3362-4373p0014.png,0.441408,0.55859196
1901067001_2019-04-30 10_36_04-lv1-17809-14080-2848-6199p0007.png,0.17085531,0.8291447
2019-07506-1-2-2_2019-05-29 06_26_57-lv1-31603-13183-2993-3051p0008.png,0.62929934,0.3707007
D201803519_2019-05-14 15_14_44-lv1-28486-26603-10590-9935p0050.png,0.18223238,0.8177676
D20180187901_2019-05-14 15_56_55-lv1-30094-3670-4857-4637p0008.png,0.4819391,0.5180609
2019-07506-1-3-3_2019-05-29 06_19_09-lv1-26994-7875-5933-4397p0016.png,0.6213648,0.3786352
D20170503802_2019-05-14 11_50_43-lv1-32642-35657-3496-3692p0009.png,0.59847766,0.4015223
2019-11827-1-1-1_2019-05-28 14_14_04-lv1-38890-14353-5119-7083p0026.png,0.57365924,0.42634067
2019-05890-1-4-4_2019-05-29 03_52_40-lv1-32907-20569-8446-9156p0063.png,0.7638733,0.2361267
D201802733_2019-05-14 15_48_17-lv1-27927-31736-4219-5542p0020.png,0.2645108,0.7354892
D201710920_2019-05-21 11_52_57-lv1-33534-26482-6376-4721p0009.png,0.21658166,0.7834183
2019-08974-1-1-1_2019-05-28 23_56_10-lv1-33437-26695-7518-8983p0060.png,0.49835965,0.5016404
2019-08974-1-1-1_2019-05-28 23_56_10-lv1-53379-9747-9811-5861p0041.png,0.64632374,0.35367623
2019-09687-1-1-1_2019-05-28 19_57_12-lv1-49087-30726-6141-5333p0028.png,0.17273282,0.8272672
D20170584502_2019-05-14 12_43_57-lv1-863-489-13565-15647p0035.png,0.1800392,0.8199608
2019-10507-1-1-1_2019-05-28 17_41_21-lv1-32379-4783-6197-6790p0042.png,0.6230408,0.3769592
D20180102901_2019-05-21 09_38_51-lv1-36547-27341-10626-9816p0042.png,0.40226835,0.59773165
1902386002_2019-06-11 12_23_22-lv1-38745-14876-5611-7177p0010.png,0.24414882,0.7558512
D20170502603_2019-05-14 11_39_00-lv1-322-6285-19314-22701p0156.png,0.18608168,0.8139183
D20190284705_2019-06-10 15_10_34-lv1-15598-12648-5733-5319p0029.png,0.84830546,0.15169457
D20170584502_2019-05-14 12_43_57-lv1-14744-78-19212-20032p0053.png,0.10667066,0.8933294
2019_07303_1-1_2019-02-20 20_59_23-lv1-55167-19441-3666-5307p0004.png,0.30456182,0.69543815
2019-08974-1-1-1_2019-05-28 23_56_10-lv1-53379-9747-9811-5861p0024.png,0.77652466,0.22347538
D20180177401_2019-05-14 16_20_21-lv1-32193-32343-3516-6088p0011.png,0.1509707,0.8490293
D20170568101_2019-05-14 12_34_44-lv1-31812-26175-6401-3317p0013.png,0.40031853,0.59968156
2018_75775_1-1_2019-02-21 00_58_00-lv1-28469-40954-2319-2045p0003.png,0.25650305,0.74349695
2019-09674-1-1-1_2019-05-28 20_06_49-lv1-53513-29465-4870-3788p0018.png,0.5969141,0.4030859
2019_05944_1-1_2019-02-20 20_42_06-lv1-32250-15753-7640-5376p0009.png,0.76289505,0.2371049
D201801775B_2019-05-14 16_11_32-lv1-32232-31796-7646-5982p0007.png,0.45005924,0.54994076
D20190296201_2019-06-10 14_50_28-lv1-29513-27821-9198-12108p0023.png,0.2264371,0.7735629
D201707227_2019-05-14 13_49_08-lv1-535-16796-26010-19568p0045.png,0.13437775,0.8656222
2019-10728-1-1-1_2019-05-29 10_20_36-lv1-41932-8116-7680-8493p0047.png,0.89818096,0.10181898
D20170503802_2019-05-14 11_50_43-lv1-39235-25403-4168-5223p0005.png,0.43727875,0.56272125
2019-05890-1-4-4_2019-05-29 03_52_40-lv1-32907-20569-8446-9156p0031.png,0.7480578,0.25194225
D20170584502_2019-05-14 12_43_57-lv1-14744-78-19212-20032p0083.png,0.45333967,0.54666036
D20180177401_2019-05-14 16_20_21-lv1-32193-32343-3516-6088p0003.png,0.09942333,0.9005767
2019_03867_1-1_2019-02-20 20_00_32-lv1-45818-32740-4663-5324p0008.png,0.3049586,0.6950414
2019-05890-1-1-1_2019-05-29 04_16_22-lv1-32976-4306-7960-8482p0018.png,0.5533181,0.4466819
D201803519_2019-05-14 15_14_44-lv1-37789-37126-5701-3477p0008.png,0.24218678,0.7578132
2018_83253_1-1_2019-02-20 18_38_45-lv1-883-22059-4376-3680p0009.png,0.2064445,0.7935555
2019-08857-1-1-1_2019-05-29 00_37_12-lv1-51983-12331-6459-4436p0016.png,0.8303416,0.16965832
1901558001_2019-04-30 10_24_11-lv1-53781-36766-3290-3779p0012.png,0.2303619,0.76963806
2019-08974-1-1-1_2019-05-28 23_56_10-lv1-33437-26695-7518-8983p0048.png,0.645526,0.35447404
D20170502603_2019-05-14 11_39_00-lv1-322-6285-19314-22701p0363.png,0.12730366,0.8726964
2019-05890-1-5-5_2019-05-29 03_46_25-lv1-10646-28473-10848-8938p0016.png,0.47545683,0.5245431
2019-07501-1-4-4_2019-05-29 07_36_59-lv1-43309-12585-7519-4764p0020.png,0.7277081,0.272292
1902369001_2019-06-11 12_30_17-lv1-20073-15402-4002-4366p0008.png,0.2140653,0.78593475
2019-08979-1-1-1_2019-05-28 22_36_37-lv1-43414-9050-8560-10324p0040.png,0.36979944,0.6302005
D20180498101_2019-05-14 14_58_30-lv1-31412-229-5257-6451p0013.png,0.18610018,0.8138998
D20180572305_2019-06-10 13_42_00-lv1-4933-15217-2672-2128p0003.png,0.6175417,0.3824584
D20180187901_2019-05-14 15_56_55-lv1-34347-8198-3824-5879p0004.png,0.3547555,0.6452446
1902427001_2019-06-11 12_12_29-lv1-18613-16414-3481-3606p0016.png,0.46262693,0.53737307
2019-10737-1-3-3_2019-05-28 16_09_09-lv1-33179-13494-5260-6326p0025.png,0.45388347,0.54611653
2019-06-11 01_00_50-lv1-1956-12720-11095-7901p0057.png,0.6914627,0.3085372
2019-10737-1-6-6_2019-05-28 15_47_35-lv1-19582-23423-8743-5611p0036.png,0.8346676,0.16533239
2019-06-11 00_55_09-lv1-28455-933-3881-4470p0007.png,0.3123351,0.68766487
D201711541_2019-05-21 11_28_51-lv1-32674-26736-3766-4770p0005.png,0.11626773,0.8837323
2019-08979-1-1-1_2019-05-28 22_36_37-lv1-43414-9050-8560-10324p0005.png,0.4996638,0.50033617
2019-07506-1-1-1_2019-05-29 06_34_07-lv1-31721-10829-5554-3640p0021.png,0.53738576,0.46261427
D20180177401_2019-05-14 16_20_21-lv1-32193-32343-3516-6088p0018.png,0.11956298,0.88043696
2019-07506-1-2-2_2019-05-29 06_26_57-lv1-26134-9614-4893-5181p0020.png,0.50935286,0.49064708
2019-08980-1-3-3_2019-05-28 21_23_16-lv1-46154-12136-4958-4110p0014.png,0.58267957,0.4173204
2019-07498-1-2-2_2019-05-29 08_30_31-lv1-25906-27222-11411-7160p0028.png,0.58722043,0.4127795
2018_78758_1-1_2019-02-21 01_17_57-lv1-12181-25196-6860-3083p0015.png,0.31915936,0.6808406
2019-10737-1-4-4_2019-05-28 16_02_11-lv1-21062-7815-8844-9859p0004.png,0.71273947,0.28726053
D20170584502_2019-05-14 12_43_57-lv1-14744-78-19212-20032p0003.png,0.1428589,0.85714114
D20170951201_2019-05-14 14_41_50-lv1-28397-29427-7624-5334p0008.png,0.5970403,0.40295973
2019-10951-1-1-1_2019-05-28 15_32_06-lv1-46015-20331-12311-4414p0005.png,0.6516925,0.3483075
D201711541_2019-05-21 11_28_51-lv1-35648-23452-2298-3457p0004.png,0.269564,0.730436
D20170503802_2019-05-14 11_50_43-lv1-36345-35501-7085-3382p0021.png,0.5436756,0.4563244
2019-08974-1-5-5_2019-05-28 23_17_50-lv1-33952-9759-6526-5268p0029.png,0.6821107,0.31788927
D20170584502_2019-05-14 12_43_57-lv1-863-489-13565-15647p0022.png,0.10721048,0.8927896
2019-07506-1-5-5_2019-05-29 06_09_14-lv1-9703-21958-4456-10026p0011.png,0.4323551,0.5676449
D20170502603_2019-05-14 11_39_00-lv1-322-6285-19314-22701p0312.png,0.17062038,0.8293795
2019-07501-1-3-3_2019-05-29 07_53_41-lv1-28802-27730-4306-8351p0007.png,0.7070401,0.29296
2019-06-11 09_15_18-lv1-14414-13849-6581-6338p0008.png,0.31225502,0.68774486
2019_06193_1-1_2019-02-20 20_52_35-lv1-64392-30113-4360-3423p0016.png,0.27244762,0.7275524
D20190296201_2019-06-10 14_50_28-lv1-38715-30688-5386-8775p0030.png,0.15971611,0.84028393
1902386002_2019-06-11 12_23_22-lv1-22889-36998-6328-5024p0029.png,0.20979986,0.79020005
D201707227_2019-05-14 13_49_08-lv1-7570-2847-5797-5435p0010.png,0.26701185,0.73298806
1902427001_2019-06-11 12_12_29-lv1-18613-16414-3481-3606p0014.png,0.11883228,0.88116777
2019-05890-1-3-3_2019-05-29 04_02_08-lv1-33554-13476-4846-5024p0005.png,0.590581,0.40941897
2019-11842-1-1-1_2019-05-28 14_22_48-lv1-29162-19047-3919-3782p0012.png,0.52721256,0.47278744
2019-08976-1-3-3_2019-05-28 22_53_15-lv1-31393-5940-12318-3950p0034.png,0.12684692,0.8731531
2019-05890-1-1-1_2019-05-29 04_16_22-lv1-25799-22836-8286-7829p0027.png,0.29793888,0.7020611
2019-06-11 09_15_18-lv1-20478-17628-3991-6155p0017.png,0.58642775,0.41357225
2019-08976-1-3-3_2019-05-28 22_53_15-lv1-33161-13840-6341-3222p0009.png,0.5076433,0.49235672
2019_06193_1-1_2019-02-20 20_52_35-lv1-64392-30113-4360-3423p0010.png,0.2713142,0.72868586
2019-08974-1-1-1_2019-05-28 23_56_10-lv1-53379-9747-9811-5861p0045.png,0.76226014,0.23773985
2019-10737-1-1-1_2019-05-28 16_25_50-lv1-28510-5095-6046-6046p0026.png,0.64406943,0.35593057
D20170502603_2019-05-14 11_39_00-lv1-322-6285-19314-22701p0203.png,0.13013782,0.86986214
D20180056701_2019-05-21 09_50_58-lv1-27543-34059-6966-5648p0004.png,0.28212133,0.7178787
2019-06-11 00_46_38-lv1-3641-3675-3908-5775p0008.png,0.7167409,0.28325918
D201803519_2019-05-14 15_14_44-lv1-28486-26603-10590-9935p0035.png,0.1836984,0.8163016
2019-07506-1-5-5_2019-05-29 06_09_14-lv1-9703-21958-4456-10026p0043.png,0.48466608,0.5153339
2019-08976-1-3-3_2019-05-28 22_53_15-lv1-27053-7624-4195-3178p0002.png,0.7049124,0.2950876
D201802734_2019-05-14 15_33_06-lv1-27790-35298-7029-4792p0028.png,0.1904641,0.80953586
D20190284902_2019-06-10 15_02_38-lv1-16068-3027-6315-4228p0008.png,0.7110652,0.28893477
D20180187901_2019-05-14 15_56_55-lv1-30094-3670-4857-4637p0005.png,0.33016512,0.66983485
1902386002_2019-06-11 12_23_22-lv1-22824-31253-5676-4175p0022.png,0.5328344,0.46716556
2019-07498-1-2-2_2019-05-29 08_30_31-lv1-46489-6224-11088-8360p0006.png,0.52134395,0.47865605
D20180591902_2019-06-10 13_28_09-lv1-1674-15873-4963-2856p0006.png,0.5195852,0.48041487
D20180056701_2019-05-21 09_50_58-lv1-27543-34059-6966-5648p0026.png,0.10783917,0.8921608
2019-10507-1-1-1_2019-05-28 17_41_21-lv1-32379-4783-6197-6790p0032.png,0.4896613,0.51033866
D201802734_2019-05-14 15_33_06-lv1-34389-27289-3641-4065p0004.png,0.09724639,0.90275365
2019-10732-1-5-5_2019-05-28 16_40_29-lv1-37280-16311-8989-5437p0004.png,0.8054098,0.19459017
2019_06193_1-1_2019-02-20 20_52_35-lv1-62184-33080-4772-3401p0011.png,0.16794775,0.8320522
D201710920_2019-05-21 11_52_57-lv1-33661-31501-7087-7660p0021.png,0.5699367,0.4300633
2019-08976-1-3-3_2019-05-28 22_53_15-lv1-31393-5940-12318-3950p0053.png,0.8201729,0.17982708
D201707788_2019-05-14 14_05_34-lv1-2777-15975-12688-9314p0021.png,0.10994213,0.89005786
1902386001_2019-06-11 12_18_33-lv1-31989-4782-3653-3170p0010.png,0.39965415,0.6003459
2019-09674-1-1-1_2019-05-28 20_06_49-lv1-53513-29465-4870-3788p0010.png,0.5304784,0.4695216
2019-08979-1-1-1_2019-05-28 22_36_37-lv1-43414-9050-8560-10324p0037.png,0.48356152,0.5164385
2019-06-11 09_15_18-lv1-20478-17628-3991-6155p0013.png,0.6089518,0.39104816
D20181168805_2019-06-10 11_18_54-lv1-14997-12159-3546-4610p0007.png,0.36156645,0.6384335
D20170951201_2019-05-14 14_41_50-lv1-28397-29427-7624-5334p0023.png,0.12989886,0.8701011
D20180498101_2019-05-14 14_58_30-lv1-29229-6658-7712-6180p0022.png,0.1125659,0.8874342
D20170951201_2019-05-14 14_41_50-lv1-28397-29427-7624-5334p0014.png,0.17915335,0.8208466
D201802734_2019-05-14 15_33_06-lv1-34389-27289-3641-4065p0009.png,0.17044228,0.82955766
D20170568101_2019-05-14 12_34_44-lv1-31812-26175-6401-3317p0009.png,0.38945207,0.6105479
2019-07501-1-3-3_2019-05-29 07_53_41-lv1-35261-15594-3588-8743p0025.png,0.68677235,0.31322768
D20180723001_2019-06-10 13_01_20-lv1-17394-12710-6236-5782p0006.png,0.441714,0.558286
2018_83253_1-1_2019-02-20 18_38_45-lv1-5875-22018-4790-4840p0003.png,0.21466646,0.7853336
D20170584502_2019-05-14 12_43_57-lv1-14744-78-19212-20032p0096.png,0.19975586,0.80024415
2019-08979-1-6-6_2019-05-28 21_52_03-lv1-42127-12400-6222-8663p0018.png,0.71739626,0.28260368
D20170502603_2019-05-14 11_39_00-lv1-322-6285-19314-22701p0183.png,0.13982414,0.86017585
1902386002_2019-06-11 12_23_22-lv1-22889-36998-6328-5024p0026.png,0.16309354,0.8369064
2019-05891-1-5-5_2019-05-29 03_17_43-lv1-21385-20833-4026-4299p0005.png,0.6339789,0.36602107
2019-08261-1-1-1_2019-05-29 01_05_21-lv1-42127-18322-5674-3309p0005.png,0.42367387,0.5763261
D20181284101_2019-06-10 10_53_49-lv1-15102-6018-3761-1504p0001.png,0.5996017,0.4003983
2019-08886-1-1-1_2019-05-29 00_21_36-lv1-49044-5996-4707-4384p0022.png,0.4969381,0.5030619
2019-08980-1-1-1_2019-05-28 21_41_50-lv1-52872-25008-3867-3778p0005.png,0.41179624,0.5882038
D20180723501_2019-06-10 13_47_37-lv1-15778-1569-3997-4912p0017.png,0.3341392,0.66586083
2019-07806-1-1-1_2019-05-29 02_30_26-lv1-45859-24463-4952-4414p0013.png,0.34469423,0.6553058
2019-08980-1-1-1_2019-05-28 21_41_50-lv1-52872-25008-3867-3778p0004.png,0.5719495,0.4280505
D20170502603_2019-05-14 11_39_00-lv1-322-6285-19314-22701p0097.png,0.23109365,0.7689064
D201802734_2019-05-14 15_33_06-lv1-27790-35298-7029-4792p0032.png,0.19893126,0.8010688
1903326001_2019-06-11 12_07_06-lv1-22710-30692-2579-4062p0007.png,0.2302294,0.7697706
D201801775B_2019-05-14 16_11_32-lv1-26580-33647-6698-6192p0001.png,0.20693497,0.793065
2019-07805-1-1-1_2019-05-29 05_23_08-lv1-38935-29409-9948-4414p0008.png,0.26464662,0.73535335
2019-07506-1-4-4_2019-05-29 01_58_32-lv1-56732-2612-3294-6248p0013.png,0.4520048,0.5479952
2019-08980-1-2-2_2019-05-28 21_32_39-lv1-72667-1174-4502-6002p0017.png,0.3923006,0.6076994
2019-11842-1-1-1_2019-05-28 14_22_48-lv1-39336-11723-3567-4332p0011.png,0.3908241,0.60917586
D20170584502_2019-05-14 12_43_57-lv1-14744-78-19212-20032p0030.png,0.15292676,0.84707326
D201707788_2019-05-14 14_05_34-lv1-2777-15975-12688-9314p0042.png,0.10742559,0.8925744
D201801775B_2019-05-14 16_11_32-lv1-26744-26137-5178-7271p0016.png,0.2797896,0.7202104
2019-07498-1-2-2_2019-05-29 08_30_31-lv1-46489-6224-11088-8360p0071.png,0.20141506,0.79858494
2019-09674-1-1-1_2019-05-28 20_06_49-lv1-53513-29465-4870-3788p0024.png,0.5392091,0.46079087
D20181284101_2019-06-10 10_53_49-lv1-15102-6018-3761-1504p0003.png,0.41976932,0.5802307
2019-08979-1-1-1_2019-05-28 22_36_37-lv1-43414-9050-8560-10324p0039.png,0.4252129,0.57478714
D20170502603_2019-05-14 11_39_00-lv1-322-6285-19314-22701p0114.png,0.17633691,0.82366306
D20190296201_2019-06-10 14_50_28-lv1-29513-27821-9198-12108p0019.png,0.21179663,0.7882034
2019-07501-1-1-1_2019-05-29 08_22_25-lv1-8582-14509-4265-3814p0004.png,0.6334092,0.36659077
2019-08979-1-1-1_2019-05-28 22_36_37-lv1-43414-9050-8560-10324p0081.png,0.7610986,0.23890138
2019-10737-1-1-1_2019-05-28 16_25_50-lv1-28510-5095-6046-6046p0041.png,0.6550116,0.34498844
D201803519_2019-05-14 15_14_44-lv1-28486-26603-10590-9935p0027.png,0.15808108,0.8419189
2019-08980-1-2-2_2019-05-28 21_32_39-lv1-57725-8547-5676-5415p0006.png,0.26728743,0.73271257
2019-07501-1-1-1_2019-05-29 08_22_25-lv1-8582-14509-4265-3814p0014.png,0.5049878,0.49501225
2019-07460-1-1-1_2019-05-29 09_02_42-lv1-36814-6579-3841-3433p0011.png,0.24916466,0.75083536
2019-05890-1-6-6_2019-05-29 03_40_51-lv1-20530-15421-6231-3147p0020.png,0.6761408,0.32385924
2019-08979-1-6-6_2019-05-28 21_52_03-lv1-42127-12400-6222-8663p0017.png,0.701408,0.29859197
2019_01120_1-1_2019-02-20 19_18_16-lv1-23931-17039-2932-2955p0007.png,0.09193596,0.908064
2019-07502-1-2-2_2019-05-29 07_05_35-lv1-40805-21573-6383-5024p0035.png,0.8066224,0.19337758
2019-06-11 09_15_18-lv1-14414-13849-6581-6338p0010.png,0.2977068,0.7022932
2019-10503-1-1-1_2019-05-28 17_51_26-lv1-29114-7260-2985-14450p0040.png,0.48648143,0.51351863
2019-07502-1-1-1_2019-05-29 07_14_13-lv1-45320-35367-4644-7384p0006.png,0.49881777,0.5011822
D20180723501_2019-06-10 13_47_37-lv1-5074-30454-4941-5296p0016.png,0.60800207,0.39199793
D20190284802_2019-06-10 15_06_21-lv1-22139-12655-2839-4083p0010.png,0.64643174,0.3535682
2019-10503-1-1-1_2019-05-28 17_51_26-lv1-29114-7260-2985-14450p0017.png,0.6601794,0.33982065
2019-10732-1-2-2_2019-05-28 17_07_02-lv1-20190-24783-6547-8251p0014.png,0.8802528,0.1197473
D20180498101_2019-05-14 14_58_30-lv1-31412-229-5257-6451p0009.png,0.26781785,0.73218215
D201803519_2019-05-14 15_14_44-lv1-38817-33027-4911-4640p0006.png,0.61088747,0.38911256
D201707227_2019-05-14 13_49_08-lv1-535-16796-26010-19568p0036.png,0.14745633,0.8525436
D20170584502_2019-05-14 12_43_57-lv1-8718-14653-7634-8076p0019.png,0.18105093,0.8189491
2019-10737-1-1-1_2019-05-28 16_25_50-lv1-28510-5095-6046-6046p0033.png,0.48342025,0.51657975
2019-11842-1-1-1_2019-05-28 14_22_48-lv1-39336-11723-3567-4332p0006.png,0.64732647,0.35267347
D20170502603_2019-05-14 11_39_00-lv1-322-6285-19314-22701p0300.png,0.11386734,0.8861327
2019-09674-1-1-1_2019-05-28 20_06_49-lv1-53513-29465-4870-3788p0023.png,0.7777988,0.22220118
2019-07460-1-1-1_2019-05-29 09_02_42-lv1-41874-3885-3865-2811p0009.png,0.5695566,0.43044347
D20170518201_2019-05-14 12_05_30-lv1-39601-28026-5393-3901p0002.png,0.19284168,0.8071583
D20180792401_2019-05-21 13_38_34-lv1-29203-23944-15780-12986p0118.png,0.30775657,0.69224346
2019-10195-1-1-1_2019-05-28 19_21_29-lv1-40740-12918-6524-8677p0004.png,0.5953088,0.40469125
D20180723501_2019-06-10 13_47_37-lv1-5074-30454-4941-5296p0013.png,0.43239325,0.56760675
D20181047302_2019-06-10 11_38_18-lv1-2363-24324-4352-3675p0001.png,0.60030115,0.39969888
2019_03867_1-1_2019-02-20 20_00_32-lv1-42426-15525-4353-3558p0009.png,0.1388811,0.86111885
D201801775B_2019-05-14 16_11_32-lv1-32232-31796-7646-5982p0011.png,0.32010314,0.6798969
2019-08980-1-2-2_2019-05-28 21_32_39-lv1-68883-9330-4175-5937p0024.png,0.6478225,0.35217747
D20170362101_2019-05-14 10_54_29-lv1-29935-31527-7716-4964p0001.png,0.14502767,0.8549723
2019-06-11 01_00_50-lv1-1956-12720-11095-7901p0072.png,0.64763063,0.3523693
2019-09687-1-1-1_2019-05-28 19_57_12-lv1-49087-30726-6141-5333p0021.png,0.3050977,0.6949024
D20180187901_2019-05-14 15_56_55-lv1-34347-8198-3824-5879p0009.png,0.5600651,0.43993488
D201711541_2019-05-21 11_28_51-lv1-35648-23452-2298-3457p0003.png,0.3195386,0.68046135
2019-08241-1-1-1_2019-05-29 01_13_54-lv1-36385-6963-3544-4165p0013.png,0.39043975,0.6095602
1902160001_2019-06-11 12_36_32-lv1-47122-16946-4823-2643p0002.png,0.8207436,0.17925633
2019-11827-1-1-1_2019-05-28 14_14_04-lv1-37745-31126-5181-7796p0010.png,0.73741174,0.26258814
D20190284705_2019-06-10 15_10_34-lv1-16662-25829-5910-3664p0003.png,0.8194136,0.18058646
2019-06-04 17_08_52-lv1-16428-11718-4556-4938p0014.png,0.44954196,0.5504581
2019-10732-1-6-6_2019-05-28 16_33_17-lv1-43103-2848-6491-8333p0039.png,0.63116384,0.36883616
2019-11827-1-1-1_2019-05-28 14_14_04-lv1-38890-14353-5119-7083p0010.png,0.47700596,0.52299404
2019-07506-1-5-5_2019-05-29 06_09_14-lv1-9703-21958-4456-10026p0039.png,0.3484685,0.6515315
1900769002_2019-06-11 13_19_00-lv1-16645-13460-4716-4003p0010.png,0.46965137,0.53034866
2019-08979-1-5-5_2019-05-28 22_01_00-lv1-42518-23241-6676-7789p0003.png,0.8782295,0.12177046
2019-08974-1-1-1_2019-05-28 23_56_10-lv1-53379-9747-9811-5861p0030.png,0.722339,0.27766106
2019_06193_1-1_2019-02-20 20_52_35-lv1-62184-33080-4772-3401p0018.png,0.30724147,0.69275856
1901940-1_2019-04-30 10_30_47-lv1-40561-17303-4906-4343p0022.png,0.46225744,0.53774256
1900838001_2019-04-30 10_15_23-lv1-20231-15672-6703-7495p0026.png,0.44110236,0.5588977
1901067001_2019-04-30 10_36_04-lv1-17809-14080-2848-6199p0008.png,0.42433327,0.57566667
2019-10732-1-4-4_2019-05-28 16_46_57-lv1-30727-24050-5932-6576p0016.png,0.75438315,0.24561688
D20180177401_2019-05-14 16_20_21-lv1-35775-30321-8440-9363p0015.png,0.36798415,0.6320158
2019-07502-1-1-1_2019-05-29 07_14_13-lv1-37002-16572-4175-7633p0028.png,0.27021164,0.7297884
2019-08857-1-1-1_2019-05-29 00_37_12-lv1-51983-12331-6459-4436p0008.png,0.6678607,0.33213934
D20180723501_2019-06-10 13_47_37-lv1-5074-30454-4941-5296p0020.png,0.37138325,0.62861675
2019-10504-1-1-1_2019-05-28 17_44_07-lv1-28687-3202-15210-8684p0018.png,0.52592003,0.4740799
2019-07502-1-2-2_2019-05-29 07_05_35-lv1-40805-21573-6383-5024p0020.png,0.812564,0.18743595
2019-05890-1-5-5_2019-05-29 03_46_25-lv1-10646-28473-10848-8938p0043.png,0.8693544,0.13064563
2019-07506-1-5-5_2019-05-29 06_09_14-lv1-9703-21958-4456-10026p0003.png,0.34929532,0.65070474
1901558001_2019-04-30 10_24_11-lv1-50393-31270-4213-7808p0014.png,0.12058363,0.8794164
2019-08979-1-5-5_2019-05-28 22_01_00-lv1-42518-23241-6676-7789p0028.png,0.8400988,0.15990126
D20170502603_2019-05-14 11_39_00-lv1-322-6285-19314-22701p0069.png,0.15536608,0.84463394
2019-08979-1-1-1_2019-05-28 22_36_37-lv1-43414-9050-8560-10324p0086.png,0.7321464,0.26785368
1900838001_2019-04-30 10_15_23-lv1-17110-19166-3362-4373p0016.png,0.27003053,0.7299695
2019-07506-1-4-4_2019-05-29 01_58_32-lv1-17822-9656-3294-5907p0006.png,0.3230404,0.6769596
D20190381406_2019-06-10 14_42_20-lv1-3118-21546-2329-1803p0003.png,0.5647243,0.43527573
D20180102901_2019-05-21 09_38_51-lv1-36547-27341-10626-9816p0067.png,0.27468854,0.72531146
2019-10737-1-2-2_2019-05-28 16_19_15-lv1-30685-21461-7932-5491p0031.png,0.714962,0.28503796
D20170502603_2019-05-14 11_39_00-lv1-322-6285-19314-22701p0070.png,0.17139617,0.82860386
D20190284705_2019-06-10 15_10_34-lv1-15598-12648-5733-5319p0015.png,0.7609561,0.23904397
2019-07506-1-1-1_2019-05-29 06_34_07-lv1-31721-10829-5554-3640p0009.png,0.38771513,0.6122849
2019-06-11 09_15_18-lv1-20478-17628-3991-6155p0024.png,0.39341417,0.60658586
2019-10951-1-1-1_2019-05-28 15_32_06-lv1-46015-20331-12311-4414p0019.png,0.77841455,0.22158542
2019-10951-1-1-1_2019-05-28 15_32_06-lv1-46015-20331-12311-4414p0032.png,0.7129888,0.28701124
D201801775B_2019-05-14 16_11_32-lv1-32232-31796-7646-5982p0023.png,0.16525224,0.83474773
2019-08980-1-2-2_2019-05-28 21_32_39-lv1-72667-1174-4502-6002p0020.png,0.69998497,0.300015
2019-10737-1-1-1_2019-05-28 16_25_50-lv1-28510-5095-6046-6046p0025.png,0.43733937,0.56266063
2019-08979-1-5-5_2019-05-28 22_01_00-lv1-42518-23241-6676-7789p0025.png,0.7375921,0.2624079
1902369001_2019-06-11 12_30_17-lv1-24621-16433-4669-6003p0009.png,0.23630306,0.7636969
2019_07303_1-1_2019-02-20 20_59_23-lv1-57476-14485-5363-6246p0009.png,0.2752321,0.7247679
D20180792401_2019-05-21 13_38_34-lv1-29203-23944-15780-12986p0071.png,0.15828882,0.8417112
2019-07498-1-2-2_2019-05-29 08_30_31-lv1-46489-6224-11088-8360p0081.png,0.44948003,0.55052
2019-07498-1-2-2_2019-05-29 08_30_31-lv1-46489-6224-11088-8360p0015.png,0.4683048,0.5316952
2019-07501-1-4-4_2019-05-29 07_36_59-lv1-43309-12585-7519-4764p0022.png,0.86642426,0.13357578
2019-08979-1-4-4_2019-05-28 22_09_04-lv1-57922-3131-4306-5937p0023.png,0.7552134,0.24478664
2019-07498-1-2-2_2019-05-29 08_30_31-lv1-25906-27222-11411-7160p0038.png,0.25830385,0.74169606
D20170503802_2019-05-14 11_50_43-lv1-36345-35501-7085-3382p0011.png,0.16134079,0.8386592
D201803519_2019-05-14 15_14_44-lv1-28486-26603-10590-9935p0004.png,0.31921703,0.680783
2019-05891-1-4-4_2019-05-29 03_22_47-lv1-36685-4784-4743-4585p0004.png,0.8073534,0.1926467
2019-08980-1-2-2_2019-05-28 21_32_39-lv1-72667-1174-4502-6002p0016.png,0.5278596,0.47214037
D20181284101_2019-06-10 10_53_49-lv1-27192-17731-4406-2579p0011.png,0.34605765,0.65394235
2019-05890-1-1-1_2019-05-29 04_16_22-lv1-25799-22836-8286-7829p0022.png,0.7783848,0.22161514
2019-08976-1-3-3_2019-05-28 22_53_15-lv1-31393-5940-12318-3950p0026.png,0.6257197,0.3742802
D201707788_2019-05-14 14_05_34-lv1-2777-15975-12688-9314p0032.png,0.12513857,0.8748614
D20170502603_2019-05-14 11_39_00-lv1-322-6285-19314-22701p0028.png,0.15969098,0.84030896
2019-08976-1-3-3_2019-05-28 22_53_15-lv1-31393-5940-12318-3950p0049.png,0.40571913,0.5942809
2019-08979-1-1-1_2019-05-28 22_36_37-lv1-43414-9050-8560-10324p0018.png,0.2881217,0.7118783
D20190381406_2019-06-10 14_42_20-lv1-5450-22053-1872-4004p0002.png,0.62601894,0.37398103
2019-10296-1-1-1_2019-05-28 18_05_02-lv1-56485-13239-6689-7042p0025.png,0.5369817,0.46301833
1901067001_2019-04-30 10_36_04-lv1-20509-14477-2904-3369p0002.png,0.16124526,0.8387548
2019-08857-1-1-1_2019-05-29 00_37_12-lv1-51983-12331-6459-4436p0026.png,0.76794094,0.23205902
2019-09687-1-1-1_2019-05-28 19_57_12-lv1-49087-30726-6141-5333p0003.png,0.31651688,0.68348306
2019-08980-1-1-1_2019-05-28 21_41_50-lv1-56141-20419-6353-6092p0004.png,0.6182535,0.38174647
2019-10946-1-1-1_2019-05-28 15_40_39-lv1-22021-16267-4506-6971p0030.png,0.5176257,0.4823743
D20170518201_2019-05-14 12_05_30-lv1-33535-33090-5096-5832p0014.png,0.16099939,0.8390006
D201710920_2019-05-21 11_52_57-lv1-33534-26482-6376-4721p0003.png,0.5376493,0.46235076
D20180723501_2019-06-10 13_47_37-lv1-15778-1569-3997-4912p0022.png,0.70959514,0.29040486
D20170518201_2019-05-14 12_05_30-lv1-33535-33090-5096-5832p0016.png,0.6367323,0.3632677
2019-10728-1-1-1_2019-05-29 10_20_36-lv1-41932-8116-7680-8493p0036.png,0.4262162,0.57378376
2019-08980-1-2-2_2019-05-28 21_32_39-lv1-72667-1174-4502-6002p0005.png,0.46306247,0.5369376
2019-08974-1-1-1_2019-05-28 23_56_10-lv1-53379-9747-9811-5861p0004.png,0.29794204,0.702058
D20170502603_2019-05-14 11_39_00-lv1-322-6285-19314-22701p0071.png,0.19853212,0.80146784
D20170502603_2019-05-14 11_39_00-lv1-322-6285-19314-22701p0315.png,0.11633477,0.8836652
2019-08976-1-2-2_2019-05-28 22_58_46-lv1-41616-6944-5288-5351p0003.png,0.24772212,0.75227785
2019-08976-1-3-3_2019-05-28 22_53_15-lv1-27252-10804-5418-2621p0015.png,0.76784384,0.23215619
2019-08976-1-3-3_2019-05-28 22_53_15-lv1-31393-5940-12318-3950p0033.png,0.21972162,0.7802784
2019-08980-1-1-1_2019-05-28 21_41_50-lv1-56141-20419-6353-6092p0002.png,0.6991584,0.3008415
D201707227_2019-05-14 13_49_08-lv1-535-16796-26010-19568p0054.png,0.16545841,0.8345415
D20170502603_2019-05-14 11_39_00-lv1-322-6285-19314-22701p0305.png,0.13690373,0.8630963
2019-05890-1-5-5_2019-05-29 03_46_25-lv1-10646-28473-10848-8938p0006.png,0.7608565,0.23914348
2019-05890-1-4-4_2019-05-29 03_52_40-lv1-32907-20569-8446-9156p0060.png,0.7856798,0.2143201
2019_03867_1-1_2019-02-20 20_00_32-lv1-45818-32740-4663-5324p0022.png,0.09278158,0.90721846
2019-10946-1-1-1_2019-05-28 15_40_39-lv1-37765-7438-4110-7111p0018.png,0.3958915,0.6041085
D20180498101_2019-05-14 14_58_30-lv1-31412-229-5257-6451p0021.png,0.10020693,0.89979315
2019-06-04 17_03_06-lv1-29057-9447-5532-3914p0016.png,0.44464993,0.55535007
D20190284802_2019-06-10 15_06_21-lv1-34384-14661-5589-4144p0023.png,0.2795595,0.72044057
2019-06-11 09_15_18-lv1-23037-23173-3077-4387p0003.png,0.35355377,0.6464463
2019-10503-1-1-1_2019-05-28 17_51_26-lv1-29114-7260-2985-14450p0034.png,0.6077875,0.3922125
D20190296201_2019-06-10 14_50_28-lv1-29513-27821-9198-12108p0051.png,0.59049994,0.4095001
D20180187901_2019-05-14 15_56_55-lv1-36171-3307-4967-5736p0001.png,0.44306487,0.55693513
1901067001_2019-04-30 10_36_04-lv1-20509-14477-2904-3369p0005.png,0.4541743,0.54582566
2019-10503-1-1-1_2019-05-28 17_51_26-lv1-29114-7260-2985-14450p0016.png,0.5376822,0.4623178
D20170502603_2019-05-14 11_39_00-lv1-322-6285-19314-22701p0094.png,0.12963265,0.87036747
D201707788_2019-05-14 14_05_34-lv1-2777-15975-12688-9314p0029.png,0.09133442,0.9086656
2019-10732-1-1-1_2019-05-28 17_14_07-lv1-33615-23595-7025-4639p0019.png,0.751771,0.24822904
1902160001_2019-06-11 12_36_32-lv1-44190-20016-5916-4469p0023.png,0.640939,0.359061
D20180102901_2019-05-21 09_38_51-lv1-36547-27341-10626-9816p0019.png,0.58037174,0.41962832
D201802734_2019-05-14 15_33_06-lv1-27790-35298-7029-4792p0010.png,0.14658925,0.8534108
2019-10296-1-1-1_2019-05-28 18_05_02-lv1-56485-13239-6689-7042p0002.png,0.24380521,0.7561948
2019-07498-1-2-2_2019-05-29 08_30_31-lv1-46489-6224-11088-8360p0076.png,0.28814927,0.7118507
1902386001_2019-06-11 12_18_33-lv1-31288-7998-3050-1661p0001.png,0.66798526,0.33201468
2019-10504-1-1-1_2019-05-28 17_44_07-lv1-28687-3202-15210-8684p0035.png,0.66739,0.33261
2019_07896_1-1_2019-02-20 21_18_02-lv1-8384-9043-4423-2459p0007.png,0.26662862,0.73337126
2019-07506-1-5-5_2019-05-29 06_09_14-lv1-9703-21958-4456-10026p0033.png,0.5139358,0.48606417
2019_03867_1-1_2019-02-20 20_00_32-lv1-45818-32740-4663-5324p0025.png,0.29759675,0.7024033
2019-10946-1-1-1_2019-05-28 15_40_39-lv1-22021-16267-4506-6971p0031.png,0.8399906,0.16000938
D201707788_2019-05-14 14_05_34-lv1-2777-15975-12688-9314p0050.png,0.13118778,0.86881226
2019-07460-1-2-2_2019-05-29 08_55_54-lv1-36101-18184-4447-2892p0001.png,0.54294944,0.45705053
2019-07498-1-1-1_2019-05-29 08_39_10-lv1-37980-7135-8091-5797p0005.png,0.7660048,0.2339952
2019-06-04 16_57_19-lv1-16146-684-3294-3198p0002.png,0.5236313,0.47636873
2019-08974-1-1-1_2019-05-28 23_56_10-lv1-53379-9747-9811-5861p0048.png,0.5091951,0.49080488
2019-07506-1-2-2_2019-05-29 06_26_57-lv1-31603-13183-2993-3051p0004.png,0.42846963,0.5715304
2019-10737-1-4-4_2019-05-28 16_02_11-lv1-21062-7815-8844-9859p0018.png,0.731944,0.26805598
2019-10965-1-1-1_2019-05-28 15_12_46-lv1-41393-10795-4607-7564p0012.png,0.65886194,0.341138
2019-08980-1-1-1_2019-05-28 21_41_50-lv1-56141-20419-6353-6092p0010.png,0.6826744,0.3173256
2018_83220_1-1_2019-02-20 18_33_11-lv1-58151-37497-5712-3460p0002.png,0.3408911,0.65910894
D20170502603_2019-05-14 11_39_00-lv1-322-6285-19314-22701p0373.png,0.16557485,0.8344251
D201802733_2019-05-14 15_48_17-lv1-36444-25037-3635-5520p0011.png,0.45385903,0.546141
2019-10737-1-6-6_2019-05-28 15_47_35-lv1-19582-23423-8743-5611p0028.png,0.66096133,0.33903867
D20190284802_2019-06-10 15_06_21-lv1-30021-14980-3810-4071p0003.png,0.71540874,0.28459123
2019-08976-1-3-3_2019-05-28 22_53_15-lv1-31393-5940-12318-3950p0030.png,0.36481708,0.6351829
2019-10946-1-1-1_2019-05-28 15_40_39-lv1-22021-16267-4506-6971p0021.png,0.65398777,0.3460122
2019-09191-1-1-1_2019-05-28 21_14_56-lv1-33108-20305-4335-2207p0007.png,0.36175263,0.6382473
D20180572305_2019-06-10 13_42_00-lv1-4933-15217-2672-2128p0002.png,0.3427779,0.6572221
2019-06-11 01_00_50-lv1-1956-12720-11095-7901p0090.png,0.76249784,0.23750211
2019_06193_1-1_2019-02-20 20_52_35-lv1-62184-33080-4772-3401p0009.png,0.11848343,0.8815166
2019-07806-1-1-1_2019-05-29 02_30_26-lv1-45859-24463-4952-4414p0024.png,0.6073345,0.3926655
D20170502603_2019-05-14 11_39_00-lv1-322-6285-19314-22701p0388.png,0.19834097,0.801659
2019_01120_1-1_2019-02-20 19_18_16-lv1-26931-18678-2999-4248p0012.png,0.5596567,0.44034335
2019-07805-1-1-1_2019-05-29 05_23_08-lv1-34745-28963-3989-6403p0008.png,0.44700903,0.5529909
1901558001_2019-04-30 10_24_11-lv1-50393-31270-4213-7808p0007.png,0.5224426,0.4775574
2019-08974-1-5-5_2019-05-28 23_17_50-lv1-33952-9759-6526-5268p0040.png,0.7089017,0.2910983
1902160001_2019-06-11 12_36_32-lv1-47122-16946-4823-2643p0004.png,0.5447163,0.45528367
1901067001_2019-04-30 10_36_04-lv1-17809-14080-2848-6199p0005.png,0.28442082,0.7155791
2019-10620-1-1-1_2019-05-28 17_28_41-lv1-41477-15784-5544-4164p0011.png,0.39718187,0.6028182
2019-10504-1-1-1_2019-05-28 17_44_07-lv1-28687-3202-15210-8684p0025.png,0.439216,0.56078404
2019_06193_1-1_2019-02-20 20_52_35-lv1-62184-33080-4772-3401p0007.png,0.14693838,0.8530616
D20170568101_2019-05-14 12_34_44-lv1-35797-21670-3404-1975p0001.png,0.50440955,0.49559048
2019-10946-1-1-1_2019-05-28 15_40_39-lv1-37765-7438-4110-7111p0030.png,0.309306,0.690694
2019-08980-1-1-1_2019-05-28 21_41_50-lv1-56765-26949-3230-2467p0004.png,0.4850019,0.51499814
1800769002_2019-06-11 13_32_47-lv1-41963-16720-2440-1801p0003.png,0.69510806,0.30489188
2019-11842-1-1-1_2019-05-28 14_22_48-lv1-39336-11723-3567-4332p0008.png,0.34204325,0.6579568
D20190284705_2019-06-10 15_10_34-lv1-15598-12648-5733-5319p0009.png,0.8443243,0.15567566
2019-08976-1-3-3_2019-05-28 22_53_15-lv1-27252-10804-5418-2621p0008.png,0.7771333,0.22286674
D20170951201_2019-05-14 14_41_50-lv1-27257-23870-4628-6000p0015.png,0.30708116,0.6929188
D20180498101_2019-05-14 14_58_30-lv1-29229-6658-7712-6180p0006.png,0.13550024,0.86449987
D201802734_2019-05-14 15_33_06-lv1-34389-27289-3641-4065p0007.png,0.11922302,0.88077706
2019-08979-1-1-1_2019-05-28 22_36_37-lv1-43414-9050-8560-10324p0074.png,0.32216954,0.67783046
D20180792401_2019-05-21 13_38_34-lv1-29203-23944-15780-12986p0103.png,0.23336856,0.7666314
2019-07502-1-2-2_2019-05-29 07_05_35-lv1-40805-21573-6383-5024p0002.png,0.87721235,0.12278771
2019-08979-1-4-4_2019-05-28 22_09_04-lv1-57922-3131-4306-5937p0001.png,0.8352111,0.1647889
2019-07498-1-2-2_2019-05-29 08_30_31-lv1-25906-27222-11411-7160p0051.png,0.3261451,0.6738549
D20170502603_2019-05-14 11_39_00-lv1-322-6285-19314-22701p0350.png,0.17121445,0.8287856
1902386002_2019-06-11 12_23_22-lv1-38745-14876-5611-7177p0031.png,0.3074684,0.6925316
2019-06-04 17_03_06-lv1-29057-9447-5532-3914p0011.png,0.5848939,0.41510615
D20170502603_2019-05-14 11_39_00-lv1-322-6285-19314-22701p0159.png,0.11536948,0.8846305
2019-07498-1-2-2_2019-05-29 08_30_31-lv1-46489-6224-11088-8360p0090.png,0.6261619,0.37383807
2019-08974-1-1-1_2019-05-28 23_56_10-lv1-53379-9747-9811-5861p0042.png,0.5543205,0.44567943
1800127001_2019-04-30 10_40_02-lv1-4386-16301-2230-4582p0001.png,0.28007606,0.7199239
2019-08976-1-3-3_2019-05-28 22_53_15-lv1-31393-5940-12318-3950p0006.png,0.59587264,0.40412736
2019_01120_1-1_2019-02-20 19_18_16-lv1-23931-17039-2932-2955p0001.png,0.62945414,0.37054583
2019-08974-1-1-1_2019-05-28 23_56_10-lv1-53379-9747-9811-5861p0064.png,0.4403108,0.55968916
1902160001_2019-06-11 12_36_32-lv1-39045-16016-3312-4096p0009.png,0.77003056,0.22996944
D20181010201_2019-05-21 14_08_09-lv1-57001-816-15224-14673p0002.png,0.6892744,0.31072554
2019-05890-1-3-3_2019-05-29 04_02_08-lv1-39051-13417-5674-2541p0004.png,0.6382512,0.36174887
D20180591902_2019-06-10 13_28_09-lv1-1674-15873-4963-2856p0004.png,0.43651867,0.56348133
2019-08974-1-1-1_2019-05-28 23_56_10-lv1-33437-26695-7518-8983p0057.png,0.68717265,0.31282735
2019-10732-1-4-4_2019-05-28 16_46_57-lv1-30727-24050-5932-6576p0039.png,0.7811228,0.21887723
2019-10946-1-1-1_2019-05-28 15_40_39-lv1-22021-16267-4506-6971p0019.png,0.32711536,0.67288464
2019-07506-1-6-6_2019-05-29 06_02_44-lv1-32194-35205-4849-3472p0004.png,0.4539662,0.5460338
D20180102901_2019-05-21 09_38_51-lv1-36547-27341-10626-9816p0011.png,0.23894653,0.76105344
2019-09674-1-1-1_2019-05-28 20_06_49-lv1-53580-23000-5828-6432p0034.png,0.30835503,0.6916449
D20180187901_2019-05-14 15_56_55-lv1-34347-8198-3824-5879p0002.png,0.4400161,0.5599839
D201802734_2019-05-14 15_33_06-lv1-34389-27289-3641-4065p0002.png,0.1411701,0.85882986
D20180498101_2019-05-14 14_58_30-lv1-31412-229-5257-6451p0020.png,0.23071322,0.7692868
2019-10737-1-3-3_2019-05-28 16_09_09-lv1-33179-13494-5260-6326p0018.png,0.6973651,0.30263495
1902160001_2019-06-11 12_36_32-lv1-39045-16016-3312-4096p0008.png,0.78349495,0.21650504
D201802734_2019-05-14 15_33_06-lv1-27790-35298-7029-4792p0021.png,0.10978544,0.8902145
1901940-1_2019-04-30 10_30_47-lv1-40561-17303-4906-4343p0008.png,0.1323819,0.8676181
2019-10213-1-1-1_2019-05-28 18_22_44-lv1-36516-19964-3912-3677p0008.png,0.44513452,0.5548655
D20170502603_2019-05-14 11_39_00-lv1-322-6285-19314-22701p0207.png,0.20205596,0.79794407
2019-05891-1-4-4_2019-05-29 03_22_47-lv1-36685-4784-4743-4585p0008.png,0.8268811,0.17311887
2019-08979-1-5-5_2019-05-28 22_01_00-lv1-49604-12407-8550-4392p0031.png,0.7890535,0.21094649
D20181284101_2019-06-10 10_53_49-lv1-15102-6018-3761-1504p0002.png,0.5922018,0.40779817
2019-08979-1-6-6_2019-05-28 21_52_03-lv1-42127-12400-6222-8663p0011.png,0.729814,0.27018607
2019-08979-1-4-4_2019-05-28 22_09_04-lv1-57922-3131-4306-5937p0020.png,0.451534,0.54846597
2019-08979-1-3-3_2019-05-28 22_17_51-lv1-42656-17844-6415-7137p0028.png,0.72396743,0.2760325
D201710920_2019-05-21 11_52_57-lv1-33534-26482-6376-4721p0001.png,0.44888687,0.5511131
2019-05890-1-6-6_2019-05-29 03_40_51-lv1-20530-15421-6231-3147p0002.png,0.7854212,0.2145788
D20180056701_2019-05-21 09_50_58-lv1-27543-34059-6966-5648p0015.png,0.25998077,0.74001926
1902369001_2019-06-11 12_30_17-lv1-22741-11885-2971-3517p0003.png,0.2333991,0.7666009
D20180056701_2019-05-21 09_50_58-lv1-23029-29289-3105-7538p0009.png,0.4353383,0.5646617
2019-07805-1-1-1_2019-05-29 05_23_08-lv1-34745-28963-3989-6403p0014.png,0.3386484,0.6613516
2019-05890-1-5-5_2019-05-29 03_46_25-lv1-10646-28473-10848-8938p0040.png,0.9010629,0.0989371
2019-12011-1-1-1_2019-05-28 14_48_57-lv1-45781-16305-2584-1562p0003.png,0.6282157,0.37178427
1902160001_2019-06-11 12_36_32-lv1-41428-19386-2643-3166p0003.png,0.7306493,0.26935068
2019-10737-1-6-6_2019-05-28 15_47_35-lv1-19582-23423-8743-5611p0050.png,0.84154105,0.158459
2019-10195-1-1-1_2019-05-28 19_21_29-lv1-40740-12918-6524-8677p0054.png,0.524076,0.47592396
1903326001_2019-06-11 12_07_06-lv1-22710-30692-2579-4062p0011.png,0.3061232,0.6938768
2019-10737-1-4-4_2019-05-28 16_02_11-lv1-21062-7815-8844-9859p0008.png,0.6722725,0.3277276
D20180102901_2019-05-21 09_38_51-lv1-36547-27341-10626-9816p0017.png,0.27611074,0.7238892
2019-10732-1-5-5_2019-05-28 16_40_29-lv1-37280-16311-8989-5437p0016.png,0.58178437,0.4182156
2019-07506-1-6-6_2019-05-29 06_02_44-lv1-23392-11735-5508-4131p0015.png,0.43391073,0.5660893
2019_03867_1-1_2019-02-20 20_00_32-lv1-36172-15430-6105-5822p0005.png,0.34477592,0.655224
1902386002_2019-06-11 12_23_22-lv1-38745-14876-5611-7177p0022.png,0.3265686,0.67343146
2019_03867_1-1_2019-02-20 20_00_32-lv1-45818-32740-4663-5324p0011.png,0.3558726,0.6441274
2019-06-11 09_15_18-lv1-14414-13849-6581-6338p0044.png,0.21768554,0.7823145
D201803511_2019-05-14 15_24_16-lv1-33769-25231-3062-2933p0001.png,0.36403695,0.635963
2019-08895-1-1-1_2019-05-29 00_16_03-lv1-18024-33741-5509-2953p0006.png,0.32454902,0.675451
2018_78758_1-1_2019-02-21 01_17_57-lv1-12181-25196-6860-3083p0021.png,0.17800124,0.8219988
D20180187901_2019-05-14 15_56_55-lv1-36171-3307-4967-5736p0005.png,0.3996517,0.60034823
1902369001_2019-06-11 12_30_17-lv1-24621-16433-4669-6003p0015.png,0.15249658,0.84750336
D20190296201_2019-06-10 14_50_28-lv1-29513-27821-9198-12108p0003.png,0.45679823,0.54320174
2019-10732-1-6-6_2019-05-28 16_33_17-lv1-43103-2848-6491-8333p0018.png,0.8197156,0.18028437
D20180102901_2019-05-21 09_38_51-lv1-36547-27341-10626-9816p0036.png,0.11971405,0.8802859
2019-10737-1-6-6_2019-05-28 15_47_35-lv1-19582-23423-8743-5611p0012.png,0.84619707,0.15380296
D20180056701_2019-05-21 09_50_58-lv1-27543-34059-6966-5648p0034.png,0.68049914,0.31950092
2019-07502-1-2-2_2019-05-29 07_05_35-lv1-40805-21573-6383-5024p0013.png,0.8447102,0.15528987
D20170546301_2019-05-14 12_21_38-lv1-27588-24020-5800-7897p0005.png,0.21901016,0.7809898
2019-07506-1-2-2_2019-05-29 06_26_57-lv1-26134-9614-4893-5181p0001.png,0.5434857,0.45651436
2019-10732-1-2-2_2019-05-28 17_07_02-lv1-20190-24783-6547-8251p0019.png,0.82342386,0.17657623
2019-07506-1-5-5_2019-05-29 06_09_14-lv1-9703-21958-4456-10026p0024.png,0.48927256,0.5107274
D20180723001_2019-06-10 13_01_20-lv1-17394-12710-6236-5782p0020.png,0.5717082,0.42829177
2019-11827-1-1-1_2019-05-28 14_14_04-lv1-38890-14353-5119-7083p0020.png,0.47012183,0.5298782
D20170502603_2019-05-14 11_39_00-lv1-322-6285-19314-22701p0354.png,0.41371864,0.5862814
2018_83220_1-1_2019-02-20 18_33_11-lv1-62292-40863-3519-3237p0006.png,0.4453191,0.5546809
2019-10965-1-1-1_2019-05-28 15_12_46-lv1-41393-10795-4607-7564p0032.png,0.5391777,0.4608223
2019-06-11 00_46_38-lv1-9591-8750-3967-5483p0002.png,0.6637648,0.33623523
2019-08976-1-3-3_2019-05-28 22_53_15-lv1-33161-13840-6341-3222p0015.png,0.80497134,0.1950287
D20170502603_2019-05-14 11_39_00-lv1-322-6285-19314-22701p0387.png,0.11971154,0.8802884
2019-08974-1-1-1_2019-05-28 23_56_10-lv1-33437-26695-7518-8983p0025.png,0.5698452,0.4301548
2019_02170_1-1_2019-02-20 19_32_09-lv1-23415-18659-7032-6341p0008.png,0.35562497,0.644375
2019-06-11 00_58_36-lv1-820-6042-6546-12714p0002.png,0.31683767,0.68316233
D20180723501_2019-06-10 13_47_37-lv1-5074-30454-4941-5296p0015.png,0.6640169,0.33598304
D201711541_2019-05-21 11_28_51-lv1-32674-26736-3766-4770p0012.png,0.11368284,0.88631713
D20180498101_2019-05-14 14_58_30-lv1-31412-229-5257-6451p0029.png,0.155433,0.84456706
D20170951201_2019-05-14 14_41_50-lv1-36112-30930-4033-4568p0010.png,0.558138,0.441862
2019-08976-1-3-3_2019-05-28 22_53_15-lv1-31393-5940-12318-3950p0038.png,0.50546,0.49454004
2019-05890-1-1-1_2019-05-29 04_16_22-lv1-25799-22836-8286-7829p0012.png,0.7150244,0.28497556
2019-06-11 01_00_50-lv1-1956-12720-11095-7901p0082.png,0.5300932,0.4699068
2019-09687-1-1-1_2019-05-28 19_57_12-lv1-60101-8892-4289-3546p0006.png,0.44859833,0.5514017
1902369001_2019-06-11 12_30_17-lv1-22741-11885-2971-3517p0008.png,0.30153063,0.69846946
1902386002_2019-06-11 12_23_22-lv1-22889-36998-6328-5024p0030.png,0.7714871,0.22851284
2019-09687-1-1-1_2019-05-28 19_57_12-lv1-49087-30726-6141-5333p0010.png,0.61743224,0.38256776
2019-05890-1-4-4_2019-05-29 03_52_40-lv1-32907-20569-8446-9156p0011.png,0.5606669,0.43933308
D201801775B_2019-05-14 16_11_32-lv1-32232-31796-7646-5982p0004.png,0.2278366,0.77216333
D20170518201_2019-05-14 12_05_30-lv1-33535-33090-5096-5832p0008.png,0.3828948,0.61710525
