DX.1.2.0028916100034087712019102909541394973187.png,0.07319163,0.03661512,0.00100678,0.00186048,0.00157093,0.00014785,0.03900816,0.00397773,0.00175861,3.861e-05,3.958e-05,0.00036491,1.29e-05,0.00032348,0.01044729,0.00059747,6.994e-05,0.00022536,0.00045334
DX.1.3.46.670589.26.802544.25.20190911.84721.290763.0.png,0.9947218,0.00010824,0.6895441,0.1231073,0.20277004,0.00094353,0.03857104,0.15847473,0.5373065,9.98e-06,4.569e-05,0.00557226,0.00012086,0.01027646,1.049e-05,0.00025215,0.00087144,0.00027566,0.0005512
5C75DE4423CCEB2.png,0.0043261,0.27074546,0.00062236,0.00114534,0.03092154,0.00108566,0.00826523,0.04956587,6.114e-05,0.00019552,0.02427286,0.00015328,2.203e-05,2.798e-05,0.00213133,0.00044373,0.00015796,0.00018961,5.937e-05
5DC26E9C12B818A.png,0.06825818,0.9585118,0.03050754,0.9331587,0.0119716,0.24246228,9.951e-05,0.67379093,0.00110454,0.0013709,3.26e-06,0.00053994,0.00012351,6.117e-05,0.0068219,0.00151259,0.00016205,0.00027277,8.073e-05
5E153BC25D04493.png,0.00276391,0.00955759,0.00030648,0.00040566,0.05282198,0.00584792,0.19416392,0.00103618,3.278e-05,0.00160932,0.00279533,0.00820727,5.9e-06,1.337e-05,0.00015101,0.00011914,0.02669865,0.00065672,1.062e-05
CR.1.3.46.670589.26.602199.4.20190910.84843.331840.0.png,0.03690948,0.00146224,0.00291313,0.00040905,0.00720625,0.0419595,0.63657403,0.13310495,0.00116411,0.00014201,0.00049182,0.0026052,0.00014067,0.00212055,0.00013535,0.00017047,0.00390275,0.0004522,0.0009832
DX.1.2.392.200046.100.2.1.69131194618.191021115434.1.1.1.png,0.06101748,0.00252006,3.617e-05,0.00543181,0.00156327,0.00015168,0.09040646,0.00014649,0.00037319,0.00186718,0.0449197,0.00120534,2.414e-05,0.00035889,0.00472782,0.0462734,0.00084012,0.00030352,0.00063153
CR.1.3.12.2.1107.5.3.57.20200.11.201910221047150093.png,0.00166751,0.9241649,0.00234268,0.00712582,0.00144059,0.2857291,0.00893975,0.08563448,0.00035715,0.0941116,1.606e-05,0.0063223,0.00013379,0.0022122,0.01542063,1.278e-05,0.02429106,0.0021334,0.00038646
5E000FD256B8C59.png,0.10711135,0.49406132,0.00215068,0.86791694,0.06115064,0.7854833,0.00218331,0.7572763,0.02093561,0.28331625,0.00020869,0.00017532,0.0016092,0.00034112,0.00650944,0.00048465,0.03400211,0.00046054,0.00150707
DX.1.2.392.200046.100.2.1.69131194618.191026112844.2.1.1.png,0.01939269,0.05171024,2.27e-05,0.00309749,0.01813516,0.00073457,0.00550242,0.0159708,0.00138393,0.0029465,0.0290825,0.00400476,1.252e-05,7.973e-05,0.00935913,0.03052687,0.00100636,0.00103599,0.00032229
DX.1.2.00310981000339870220191023080321174456515.png,0.00015132,0.03172599,0.00067582,0.0051312,0.01083565,0.00190171,0.98289263,0.01544793,2.22e-06,0.03019076,0.00031557,0.0146099,5.605e-05,4.673e-05,0.00784989,0.00390933,0.0024558,0.00044466,0.00043291
DX.1.2.00310889000339862820191023094531180586343.png,0.00015707,0.00350336,3.164e-05,0.00038805,0.00364939,0.02121536,0.2748077,0.00020053,1.048e-05,0.8052474,0.00015556,0.00253296,3.886e-05,0.00011127,0.00093373,0.0007849,0.03842172,0.00020663,0.00014095
DX.1.2.840.113619.2.369.4.2147483647.1573018756.318385.png,0.00071541,0.06244486,0.00030902,6.92e-05,0.00350473,0.00052158,0.06146718,0.00047988,7.05e-06,0.00017291,0.00273349,0.00183635,9.36e-06,9.707e-05,0.00876454,0.00046124,0.00064776,0.0007083,0.00071584
DX.1.3.46.670589.26.802544.25.20191111.102624.307951.0.png,0.9774435,0.00824508,0.28146684,0.96560645,0.0638051,0.12102171,0.00232177,0.6552716,0.00459415,0.00024994,2.597e-05,0.00340009,0.00059546,0.00249041,3.48e-05,0.00040817,0.03223166,0.00970124,0.00066794
DX.1.2.840.113564.920101.20191112135034265920.1003000225002.png,0.00020262,0.04207278,1.44e-05,9.318e-05,0.00026813,0.00166631,0.01632854,0.00019522,5.13e-06,0.0049267,0.08301616,0.00193005,5.83e-05,2.712e-05,0.01585862,0.00317817,0.00434715,0.00022407,0.00089062
DX.1.2.840.113619.2.369.4.2147483647.1573517091.880220.png,0.16764808,0.03170722,0.00086987,0.2579232,0.00333637,0.0004478,0.01386954,0.00200683,8.728e-05,0.00038785,0.00016565,0.00117272,4.309e-05,0.00127372,0.0017086,0.02950939,0.00257371,0.00023759,0.0064952
DX.1.2.00285770000341558720191102093931180054031.png,0.00082021,0.09867096,0.00238558,0.00467649,0.8302642,0.00958546,0.7690895,0.01174227,0.00232862,0.0287679,0.00030609,0.05793566,0.00011668,0.00011934,0.00019751,0.00067878,0.00117932,0.00156408,0.00035958
CR.1.3.12.2.1107.5.3.57.20200.11.201911041155490562.png,0.00048689,0.10408729,0.00262432,0.00197225,0.00212878,0.4990662,0.00602816,0.00085202,8.854e-05,0.9902148,4.543e-05,0.084441,4.536e-05,0.00063651,0.01504902,5.191e-05,0.74700195,0.00132332,0.00033271
DX.1.2.0030712500033890592019101709243685290500.png,0.9271127,0.06111712,0.838858,0.99211264,0.29306966,0.91122305,0.0015789,0.8876301,0.69734824,0.00167636,3.86e-06,0.0003314,0.00371194,0.00330833,2.892e-05,0.00366181,0.00018843,0.02690666,0.00065335
DX.1.2.840.113619.2.369.4.2147483647.1572235930.818846.png,0.94397235,0.08441581,0.00767726,0.10321893,0.00578495,0.01909835,0.00369442,0.03696552,0.0806595,0.00026941,3.132e-05,0.00953996,5.7e-06,0.00018123,0.00150215,0.00013668,0.01692458,9.907e-05,1.784e-05
DX.1.2.840.113619.2.369.4.2147483647.1573104180.323703.png,0.00076381,0.01398987,4.14e-05,6.569e-05,0.00176794,0.00044307,0.03680291,8.787e-05,2.341e-05,6.857e-05,0.0012695,0.00500003,1.138e-05,0.00016956,0.00217174,0.00052019,0.00183348,0.00180909,0.0001543
5DEC49C351F49BA.png,0.02840842,0.493662,2.12e-05,0.9052134,8.29e-05,0.8122245,0.00406267,0.02025084,0.00143972,0.03118863,0.00176901,0.00023646,3.955e-05,1.618e-05,0.00184466,0.00214179,0.01574852,4.802e-05,7.908e-05
CR.1.2.156.600734.516764694.1648.1572049017.341.0.1.png,0.0062646,0.00139317,0.9063387,0.00026723,0.55832005,0.00013284,0.15072978,0.00528949,0.00019931,7.699e-05,0.00019555,0.51270616,0.00014607,0.00034471,0.00037996,0.00070846,0.00032757,0.00502309,0.00040452
DX.1.2.0031207800034081952019102910543898598000.png,0.00093459,0.00882956,0.00020858,0.00262432,0.08817839,0.00190551,0.95152754,0.00836029,8.36e-06,0.01025562,0.00024929,0.00389474,5.19e-05,0.00022843,0.00024119,0.00095024,0.00201965,0.00144004,0.00037407
DX.1.2.392.200036.9125.4.0.487586699.358573462.2795306561.png,0.00086462,0.00019202,0.00760131,1.323e-05,0.04217686,3.88e-05,0.25015205,5.882e-05,4.95e-06,0.00261978,0.01468719,0.10062712,2.806e-05,0.00023124,0.00294104,0.00317795,0.00061778,0.00045089,0.00103264
DX.1.2.00318555000343788120191116090738425388296.png,0.9521329,0.00095475,0.77775294,0.05246668,0.06619033,0.07683233,0.09413186,0.00532024,0.30146864,0.00036902,5.497e-05,0.01667042,6.092e-05,0.00418461,1.76e-05,0.00168592,0.00132917,0.00037227,0.00123802
DX.1.3.46.670589.26.802544.25.20191107.103926.307130.0.png,0.8495688,0.00024826,0.00776852,0.00317358,0.08855464,0.00057407,0.01904898,0.00761281,0.00290934,4.38e-05,3.291e-05,0.00045693,3.688e-05,0.00118273,9.074e-05,0.00023875,0.00028214,0.0200264,0.00117935
DX.1.2.00311732000342118920191106084124176829015.png,0.00039272,0.00100149,0.00822726,0.00190334,0.2135034,0.00104071,0.7417026,0.00179227,8.576e-05,0.00205516,0.00179836,0.00113635,2.247e-05,0.00011552,6.373e-05,0.00182986,0.00019091,0.00788003,0.00079376
DX.1.2.00239999000341551520191102081454174976906.png,0.04045073,0.00719684,0.00120387,0.00206872,0.00464644,0.00018713,0.9515058,0.00436526,6.514e-05,0.00053615,0.00020597,0.00762903,0.00016683,0.00078352,0.01598841,0.0022133,0.00028567,0.00022667,0.00077092
5DF8280C1A181E5.png,0.4056656,0.00369192,0.00063604,0.19329128,0.98595893,0.00243791,0.8780545,0.9480873,0.00166894,0.00039992,0.00203238,0.00481313,0.00026985,0.00018497,4.501e-05,0.00147756,0.00062031,0.00220294,0.00086863
DX.1.2.840.113564.920101.20191111101550875590.1003000225002.png,0.00225216,0.00438925,0.00010001,0.00064472,0.04402126,0.00376622,0.01024421,0.00019548,0.00014049,0.00094755,0.00962585,0.00443823,3.3e-06,0.00010038,0.00011597,0.00051175,0.00451857,0.00255754,6.76e-06
DX.1.2.840.113619.2.369.4.2147483647.1574038734.182887.png,0.00088169,0.00186503,5.254e-05,0.00011889,0.0607532,0.00016247,0.3676937,0.00158255,1.77e-05,0.00056842,0.00706995,0.00876735,1.294e-05,1.093e-05,0.00036205,0.00036539,0.00072229,0.00047687,5.436e-05
DX.1.2.0030963300033961982019102210141795912421.png,6.047e-05,0.00321023,0.00058986,8.402e-05,0.14188696,0.00099063,0.9582818,0.0012525,9.11e-06,0.01419586,0.00659142,0.02952973,1.48e-05,0.00011814,0.00037257,0.00020739,0.00304439,0.00106475,0.00032874
CR.1.2.156.600734.516764694.1648.1574064773.2105.0.3.png,8.986e-05,0.00452981,0.45067257,0.00012136,0.27121964,4.899e-05,0.07540951,0.00104487,1.399e-05,0.00046813,0.00020028,0.27592674,3.764e-05,7.494e-05,0.00205641,0.00057472,0.00057514,0.00798959,0.00016243
DX.1.2.0030955900033961322019102208035588090328.png,0.00012004,0.00050622,0.00114482,0.00013185,0.12446071,0.00019289,0.9969994,0.00083254,4.369e-05,0.00486437,0.00099457,0.06662315,1.462e-05,0.0003973,0.00013431,0.00019099,0.00535497,0.00106135,0.00364659
DX.1.2.840.113619.2.369.4.2147483647.1572834800.536895.png,0.10606021,0.0014564,0.0001183,0.0026712,0.04809396,8.19e-06,0.03779004,5.514e-05,0.0001289,5.279e-05,0.00156552,0.00912385,1.71e-06,4.088e-05,0.00134352,0.00125786,0.00140362,0.00056687,3.46e-06
CR.1.2.156.600734.516764694.1648.1571790595.110.0.3.png,0.00132207,0.00190785,0.00077435,6.223e-05,0.00064175,7.972e-05,0.05979982,8.006e-05,5.31e-06,6.14e-05,0.03584456,0.00891591,4.863e-05,0.00040035,0.01262411,0.01504463,0.00046767,0.00047348,0.00206185
CR.1.2.156.600734.516764694.1648.1572327619.612.0.1.png,0.8187583,0.00709168,0.9991973,0.14514889,0.38352007,0.86452454,0.00046539,0.02412081,0.9642921,0.00019802,1.595e-05,0.5987819,0.00016229,0.00379027,0.00036653,0.00058514,0.00041589,0.00051795,0.00204691
DX.1.3.46.670589.26.802544.25.20191114.110340.309234.0.png,0.01419807,0.03467911,0.00025368,0.00012792,0.00094917,0.00753794,0.14725472,0.00195341,0.00012347,0.00829878,0.001042,0.00857181,5.705e-05,4.995e-05,7.733e-05,0.00011937,0.00297573,0.00023277,4.557e-05
5CFDB41E11A4E1C.png,0.48392743,0.08551528,0.00101464,0.02030515,0.03375034,0.00393836,0.00017554,0.01022102,0.00207349,1.899e-05,6.991e-05,0.00552874,2.45e-06,8.881e-05,0.00029031,0.00012254,0.00375889,0.00086041,1.546e-05
DX.1.2.0030961200033961792019102208054688201640.png,8.94e-05,0.00136114,0.0003108,0.00090123,0.03505899,0.00102291,0.96050406,0.008633,6.87e-06,0.00884473,0.00341872,0.00401379,4.673e-05,0.00244235,3.459e-05,0.00010285,0.01806413,0.01284037,0.00352585
DX.1.2.840.113619.2.369.4.2147483647.1572847111.719594.png,0.27840284,0.00223146,0.01774269,0.00111806,0.0510986,0.00138996,0.06430517,0.00634812,0.00012643,8.529e-05,0.00020574,0.03289294,3.885e-05,0.00102128,2.838e-05,0.00162262,0.0006667,0.00206153,7.407e-05
5D4CC0A9496C5E4.png,0.8210159,0.5561359,0.00431976,0.64012855,0.18063596,0.00096793,0.00348645,0.04305681,0.02807505,7.85e-05,4.711e-05,0.00034506,0.00015766,3.979e-05,0.00019557,0.00527026,2.422e-05,0.00148527,0.0008112
DX.1.2.00311081000339878320191023074125173139968.png,0.00084362,0.00737263,0.000387,4.928e-05,0.00144586,7.582e-05,0.5856746,0.00012482,2.912e-05,0.00237668,0.03201963,0.00100695,2.288e-05,8.537e-05,0.02192421,0.00147231,0.00103069,0.00078576,0.00576454
5BC3F6EA10CC9DD.png,0.09910569,0.0481646,0.00024113,0.00174864,0.00125572,0.0023401,0.00193934,0.04868422,0.00059607,3.77e-06,0.00040074,0.00098812,8.6e-06,0.00045632,0.00100862,0.01062822,0.00025809,0.00025322,0.00011819
5B8CB4B64A0808.png,0.00156341,0.17168929,0.0014553,0.00014061,0.00636569,0.06826606,0.37257984,0.22987418,0.00066842,0.01868171,0.00027087,0.00305891,0.00010994,0.00034677,6.268e-05,7.211e-05,0.00808802,0.00155117,0.00104223
CR.1.3.12.2.1107.5.3.57.20200.11.201910231624230250.png,5.544e-05,0.0242219,0.00035254,0.00196879,0.32352242,0.16291809,0.35961995,0.03322914,5.315e-05,0.9759468,0.0003645,0.0149329,0.0001134,2.558e-05,0.00039974,7.617e-05,0.46040073,0.00165835,3.413e-05
DX.1.2.840.113619.2.369.4.2147483647.1574058906.229246.png,0.35167655,0.0151559,0.00078671,0.03044295,0.01808767,0.00106781,0.11716507,0.22907712,0.00015531,1.606e-05,6.33e-05,0.00184365,9.749e-05,0.00034344,0.00111475,0.00172377,0.00012352,0.00399278,0.0006242
DX.1.2.840.113619.2.369.4.2147483647.1573441720.316480.png,0.01583451,0.65262103,0.00027316,0.0779161,0.00545749,0.00165105,0.00148416,0.00655118,0.00022677,9.548e-05,3.099e-05,0.00031352,3.015e-05,0.00036551,0.03727049,0.00012655,0.00034499,0.00070659,0.00056655
5DF6F8612F5CB34.png,0.0002237,0.26549485,0.0001396,0.00236583,0.00047631,0.04022682,0.00096449,0.00024541,7.56e-06,0.25773892,0.00405367,0.00210335,4.628e-05,0.00025012,0.0447773,0.00010663,0.08830028,0.00155135,0.00031322
DX.1.2.00308518000343205920191113080544162474265.png,0.00057825,0.0057814,0.01931442,0.00168942,0.24119961,0.00525034,0.7853421,0.00024608,1.31e-05,0.3939236,4.565e-05,0.34029597,0.00025744,0.00221992,0.00246429,0.0003415,0.06619727,0.00132177,0.00031946
5E0AF3B04B8CA0B.png,0.00017127,0.00047138,0.08610325,5.534e-05,0.90368336,0.00027037,0.14689939,0.00310862,2.277e-05,0.00118951,0.00061703,0.05781473,1.717e-05,2.245e-05,0.00014725,5.133e-05,0.00165532,0.02498468,0.00034617
CR.1.2.156.600734.516764694.1648.1573893223.1954.0.1.png,0.00798219,0.00038746,0.99319386,0.00098819,0.9744947,0.00683122,0.00423466,0.00364883,0.00200332,0.00060568,0.00016115,0.9698019,0.00054529,0.00015958,0.00026611,6.919e-05,0.00438734,0.00617873,0.00011177
DX.1.2.840.113619.2.369.4.2147483647.1573000887.688032.png,0.18001755,0.00097731,0.0177569,0.01060105,0.5389322,0.00078119,0.10286304,0.00211634,8.239e-05,0.00010983,0.00019844,0.01817702,5.897e-05,0.000309,0.00011083,0.02008434,0.0001413,0.00282051,0.00012746
CR.1.2.156.600734.516764694.1648.1573783382.1865.0.1.png,0.5648518,0.00350766,0.9997552,0.02744712,0.88553,0.07054147,0.00014833,0.00141804,0.05787054,0.00070413,6.03e-06,0.971962,6.51e-05,0.01170039,0.00017586,7.1e-05,0.00471345,0.00120986,0.00036774
DX.1.3.46.670589.26.802544.25.20191105.144445.306615.0.png,0.99924445,0.14488205,0.99100333,0.99803907,0.08251869,0.9941732,0.00140916,0.9925487,0.99799466,0.00853296,1.388e-05,0.00330155,0.00968986,0.01021092,6.577e-05,0.00026418,0.00071196,0.00027918,0.01333743
5D048CF61DDC9AB.png,0.6381901,0.2977175,0.04281022,0.2455896,0.00053,0.27375156,0.00033755,0.00632078,0.08988287,0.00106262,5.64e-05,0.00083223,0.00056113,0.00113536,0.00143698,0.00140097,0.00282831,0.00011487,0.00322547
DX.1.2.840.113619.2.369.4.2147483647.1573092315.128825.png,0.00197152,0.8492003,0.00027751,0.01544946,0.00594762,0.04234632,0.01360448,0.07120558,0.00015661,0.0018154,5.308e-05,0.00266014,1.78e-05,1.178e-05,0.00557888,0.00041723,0.00147023,0.00012599,0.00015245
DX.1.2.840.113619.2.369.4.2147483647.1573536488.752949.png,0.00248833,0.08137258,0.00011831,0.00042432,0.22805412,0.00014366,0.45695415,0.26803464,2.165e-05,0.0001161,0.0032454,0.00098802,1.316e-05,2.288e-05,0.00040476,0.00046896,0.00011508,0.00059059,4.47e-05
DX.1.2.0030701000033881822019101708351782331171.png,0.00054904,0.00486138,0.00197156,0.01331135,0.10076602,0.00317713,0.8131784,0.00156412,2.162e-05,0.32474545,0.00030946,0.04477946,2.584e-05,0.00025594,0.0016974,0.00353688,0.003257,0.00139423,0.00066259
CR.1.3.12.2.1107.5.3.57.20200.11.201911040907250843.png,0.00088013,0.11125991,0.00013841,0.00031979,0.00065791,0.0073312,0.00928464,0.00179907,0.000144,0.00857762,0.00060118,0.00896737,1.592e-05,0.0001049,0.06328378,2.041e-05,0.01481889,0.00017607,7.825e-05
5DD8DD444018472.png,0.18997657,0.00686689,0.00854927,0.05195348,0.71419626,0.01830114,0.05814342,0.6597578,0.00219622,0.00623662,3.285e-05,0.00589588,1.183e-05,2.661e-05,5.39e-06,0.00033271,0.0291628,0.00036662,3.863e-05
DX.1.3.46.670589.26.802544.25.20191105.81112.306381.0.png,0.9064844,0.00149913,0.00412656,0.07171332,0.01492397,0.0005735,0.00837477,0.00793458,0.01644865,1.492e-05,0.00050899,5.776e-05,2.989e-05,0.00017843,0.00072132,0.00519086,0.00014495,0.00637652,0.00092975
DX.1.2.00311051000339875620191023095024180879375.png,0.2171899,0.00025779,0.3538302,0.00022481,0.11076903,0.00171442,0.1989604,8.199e-05,0.00434308,0.00162625,6.372e-05,0.9749629,8.084e-05,0.05651738,4.589e-05,0.00024089,0.04231668,0.00038057,0.00060139
DX.1.3.46.670589.26.802544.25.20191118.152945.310386.0.png,0.84737426,0.02962706,0.01032853,0.05415552,0.00297371,0.19327042,0.00011893,0.00119316,0.031359,3.824e-05,0.07709898,2.313e-05,3.22e-06,5.598e-05,0.00032981,0.00063066,0.00036204,0.00017187,0.00018306
DX.1.2.840.113564.920101.20191105103619734830.1003000225002.png,0.0968898,0.19339384,0.0010593,0.02694464,0.01117696,0.11724093,0.00622088,0.00756487,0.00360667,0.0575383,0.00971989,0.00108767,0.00201976,0.00023308,0.00222353,0.0037537,0.00717602,0.00309427,0.00022986
5C6F464412D0D2F.png,0.10047545,0.04294108,0.0052776,0.00081921,0.02431377,5.683e-05,0.00274745,0.0012267,0.00051864,4.13e-06,0.00038108,0.0046259,7.9e-06,0.00350181,0.02832434,0.00056153,9.058e-05,0.00010459,0.00051745
DX.1.2.392.200046.100.2.1.69131194618.191028110933.1.1.1.png,0.00073055,0.00129541,0.00015677,0.00030981,0.13618109,0.00607017,0.83133906,0.00059844,3.671e-05,0.35421228,0.00210136,0.10354564,4.284e-05,0.00038243,0.00028283,0.00018262,0.09252679,0.00080431,0.00027969
5DD747175FCCEFA.png,0.05873652,0.07769539,0.00125488,0.03334886,0.00019549,0.02864177,0.00124278,0.00768434,0.00291019,3.734e-05,0.00043888,0.00044915,1.77e-05,0.00102997,0.00347335,0.00028276,0.00234727,0.00161013,0.0005028
5D4A168317B049C.png,0.00032622,0.0173223,0.00424021,0.00169923,0.962814,0.00024198,0.7128185,0.1469789,0.00011946,0.00059497,0.00147363,0.00658501,3.69e-05,5.053e-05,0.00030172,0.00051032,0.00155223,0.01004373,0.00013212
5DCDF12F2E54FC2.png,0.9973132,0.05223812,0.25692746,0.9864428,0.31348956,0.91427433,0.00612644,0.96843207,0.9359644,0.00019572,0.00010582,0.00094256,0.00080516,0.0015077,5.227e-05,0.00069383,0.0003481,0.00170539,0.00049904
DX.1.2.392.200046.100.2.1.69131194618.191114125657.1.1.1.png,0.60366356,0.00030095,0.06180528,0.2677472,0.9148457,0.00099857,0.06142341,0.00856453,0.00039373,0.02243775,0.00017704,8.293e-05,9.287e-05,0.0003192,3.478e-05,0.00158515,0.00597001,0.07889378,7.032e-05
DX.1.2.840.113619.2.369.4.2147483647.1572840303.214866.png,0.8530554,0.00077187,0.9188988,0.45554185,0.9209234,0.01728153,0.01048129,0.02923838,0.46970895,3.485e-05,8.405e-05,0.00526638,5.318e-05,0.00124734,6.49e-06,0.00126119,0.00021272,0.01474215,5.398e-05
CR.1.3.12.2.1107.5.3.57.20200.11.201910181645010406.png,0.00601659,0.04247403,0.28881142,0.00696232,0.0086018,0.03235693,0.05870544,0.00858106,0.01395861,0.22257014,0.02082279,0.07752502,0.00088093,0.03144353,0.00057866,9.782e-05,0.29927123,0.0190286,0.00592575
CR.1.2.156.600734.516764694.1648.1574046021.2081.0.1.png,0.00107958,0.00130693,0.8851476,0.0001766,0.99389845,0.00014497,0.09210427,0.00586826,5.926e-05,0.00012412,0.00010526,0.9644324,6.239e-05,0.00023973,0.00109488,0.00131235,0.00136557,0.00599225,3.936e-05
CR.1.2.156.600734.516764694.1648.1573081119.1236.0.3.png,0.6430116,0.00137232,0.9935968,0.03437964,0.17336299,0.00452521,0.00047137,0.00129252,0.09598368,0.00011026,3.509e-05,0.7282487,9.14e-05,0.00284664,0.00025711,0.000218,0.00712978,0.00053947,0.00018397
5D0D76A7F849BE.png,0.9550077,0.00371318,0.40620092,0.8488092,0.94103074,0.00286222,0.00823572,0.719574,0.01432234,3.77e-06,9.854e-05,0.00117079,1.186e-05,6.082e-05,6.43e-06,0.00386682,0.00026779,0.00625825,0.00012164
5D75A6022A20511.png,0.9846977,0.00045407,0.9964116,0.61272496,0.98909354,0.49250907,0.00167585,0.4841965,0.42332193,0.00062517,3.666e-05,0.10722908,0.00118943,0.00576564,5.213e-05,0.00026939,0.02156674,0.05225564,0.00020229
5D7D8BB624CCA2C.png,0.8427472,0.0014933,0.00210093,0.00215785,0.0063056,0.00062233,0.03635549,0.06026916,0.00057486,0.00039144,0.00014583,0.08181645,0.00061485,0.01725522,9.2e-06,0.00069616,0.71247464,0.00017881,0.0011724
CR.1.3.12.2.1107.5.3.57.20200.11.201910231137170953.png,0.923734,0.00086294,0.9971385,0.05751166,0.78713405,0.7082053,0.00325471,0.2023646,0.8762153,0.00086497,6.024e-05,0.0392571,0.00016901,0.00357943,1.922e-05,0.00027881,0.00350915,0.00267657,0.00566598
DX.1.3.46.670589.26.802544.25.20191028.144656.303874.0.png,0.01085657,0.00060719,0.00195096,0.00302138,0.09596261,0.00067893,0.14214674,0.00068641,7.688e-05,0.00080963,0.00080837,0.00448074,2.219e-05,0.00011254,0.00013897,0.0001111,0.02434816,0.00190278,0.00048428
DX.1.2.392.200046.100.2.1.69131194618.191109161636.3.1.1.png,0.03030876,0.03697437,3.938e-05,0.00798872,0.0022667,7.016e-05,0.26523235,0.00056306,0.00010816,0.00066554,0.00500517,0.00096101,5.88e-06,0.00022646,0.00154247,0.00477434,0.00147129,0.00056709,7.381e-05
DX.1.3.46.670589.26.802544.25.20191112.92523.308367.0.png,0.03952562,0.00025038,0.00026951,0.0001417,0.00350956,0.0008742,0.17239141,0.00033057,5.987e-05,0.0019403,0.00999138,0.00232054,3.862e-05,0.00049207,0.00051222,0.00148765,0.00266053,0.00128521,0.0091844
CR.1.3.12.2.1107.5.3.57.30003.11.201911180829260281.png,0.0585186,0.23634574,0.07516772,0.3006223,0.45149708,0.5845444,0.00581319,0.66555506,0.00149874,0.30845854,6.53e-06,0.15073963,0.00012271,0.01071713,0.000296,1.042e-05,0.09192593,0.00096221,8.432e-05
DX.1.3.46.670589.26.802544.25.20191107.142440.307253.0.png,0.01052796,0.00041552,0.00022238,0.000611,0.02369755,0.00195884,0.0481776,0.00030618,0.00011456,0.02488322,0.00740218,0.00526708,6.324e-05,0.00024353,2.964e-05,0.00059405,0.01598768,0.00026115,0.00034521
CR.1.2.156.600734.516764694.1648.1573612150.1727.0.1.png,0.00073849,0.00043149,0.6283289,0.00034776,0.99733967,0.00011673,0.818179,0.1744973,1.334e-05,0.00018426,0.00026994,0.29332444,0.00024493,2.691e-05,0.00082607,0.00108872,0.00016509,0.00601194,0.00043718
DX.1.2.0030971700033962642019102209011591530265.png,0.0003581,0.00255855,0.00025525,9.591e-05,0.00701465,0.00023345,0.68446934,0.00105129,1.11e-05,0.00537848,0.00481913,0.00692985,4.46e-06,0.00013385,0.00240744,0.00038482,0.00124473,0.00021673,0.00138046
CR.1.3.46.670589.26.602199.4.20191105.83326.334174.0.png,0.00039836,0.00537329,0.00071435,0.00510136,0.8962727,0.02120132,0.259648,0.68285006,8.776e-05,0.22145963,0.00033975,0.0025057,5.95e-05,0.00046245,2.016e-05,4.574e-05,0.2390961,0.00128299,0.00020229
5E056D6A512C2B3.png,0.8793504,0.00868406,0.04534376,0.47778213,0.43833664,0.00215399,0.00455834,0.00820553,0.00311808,3.603e-05,5.315e-05,0.01543173,6.37e-06,5.028e-05,7.736e-05,0.00075127,0.00047773,0.01270668,2.972e-05
DX.1.3.46.670589.26.802544.25.20190911.151828.290922.0.png,0.9332666,0.01451802,0.05302892,0.9974407,0.6047669,0.91342366,0.00195522,0.9626436,0.68102646,0.07675032,0.00045842,4.039e-05,0.00836153,0.00418684,2.936e-05,0.00142293,0.00215509,0.00333607,0.00032756
CR.1.3.12.2.1107.5.3.57.20200.11.201910221016040953.png,0.00015676,0.01043189,0.00018341,1.465e-05,0.01157774,0.00959231,0.08660607,0.00068326,1.709e-05,0.01562786,5.135e-05,0.04151624,8.93e-06,9.309e-05,0.0022128,1.112e-05,0.09811895,0.00020094,3.256e-05
5DF8308921B809F.png,0.04009643,0.0315186,0.00217288,0.0049658,0.07676193,0.00271363,0.0246625,0.03238732,0.00057601,0.00021104,0.00032843,0.00128484,1.785e-05,4.186e-05,7.788e-05,3.045e-05,0.00148765,0.00155681,4.576e-05
5E34D4D539F0C94.png,0.00479661,0.0213029,0.00093818,0.00588904,0.01538967,0.01830415,0.0027324,0.00029558,0.00011825,0.01867847,0.00120958,0.00103121,2.362e-05,0.00030064,0.00353574,0.0004815,0.0798662,0.00023179,0.00149639
5DE9E8E77D4239.png,0.00029294,0.01097388,0.00506636,0.00099754,0.94768226,0.00774663,0.9205078,0.09177832,9.252e-05,0.02377424,0.00036466,0.02439985,0.00012009,0.00012675,0.00052837,0.00010129,0.00978964,0.03130423,0.0001628
DX.1.2.392.200036.9125.4.0.487533430.2169070998.2795306561.png,0.17316867,0.00386648,0.46390748,0.00795561,0.02829214,0.00011936,0.00735275,0.00019476,0.00019625,7.58e-06,1.717e-05,0.04561834,3.168e-05,0.33324376,0.00211578,0.00364923,0.00014914,0.00588448,0.0417632
5E37C4D61245A6.png,0.02021295,0.00189143,0.34468576,0.0011562,0.7167759,0.00099706,0.1171789,0.00437818,0.00242826,0.00095125,0.00028382,0.09489784,7.532e-05,0.00295369,6.22e-06,0.0001508,0.02386474,0.55998814,0.00040993
DX.1.2.840.113564.920101.20191105092434750230.1003000225002.png,0.00194148,0.13909227,5.569e-05,0.00029573,0.00077366,0.07256168,0.02292156,0.00012334,1.789e-05,0.2835112,0.00073494,0.0358641,2.107e-05,1.68e-05,0.00062965,0.00030747,0.4060124,0.00013444,2.269e-05
CR.1.3.12.2.1107.5.3.57.20200.11.201910301107290125.png,0.14639424,0.01765634,0.00410099,0.03558206,0.00049777,0.8479623,0.00111308,0.00143199,0.00710399,0.44325668,1.413e-05,0.00215599,8.294e-05,0.00149488,0.00188264,1.239e-05,0.25615224,0.00013103,0.00042377
CR.1.2.156.600734.516764694.906304.1571383166.190.0.1.png,0.00358252,0.0008786,0.9257182,0.00010656,0.8787073,0.00027923,0.00131835,0.00013628,0.00057206,0.00088104,8.864e-05,0.9933073,0.00019713,0.00149058,0.00019227,0.0001368,0.02945821,0.00040164,4.128e-05
DX.1.2.00306337000339070320191018091237170970906.png,0.00042477,0.01248168,0.00058125,0.0010264,0.00559116,0.00157445,0.99066025,0.08476285,0.00011626,0.00407648,0.00187812,0.00373009,0.00022687,6.281e-05,0.0002428,0.00058042,0.0018149,0.00036218,0.00053923
5DCB4DF447F864C.png,0.07712344,0.00318587,9.445e-05,0.00970773,0.26729617,0.00412693,0.26176295,0.00313098,0.0006159,0.10953955,0.00128565,0.01373221,1.551e-05,0.00011509,0.00012857,0.00039265,0.438405,0.00055908,1.977e-05
DX.1.2.00312378000340446020191026083415435509796.png,0.00162028,0.00317565,0.0002015,0.00024265,0.00044631,7.774e-05,0.9071737,0.00028856,3.754e-05,0.00135645,0.00080548,0.00144382,1.727e-05,0.00040372,0.01045563,0.0008195,0.00025897,0.00043311,0.00182021
DX.1.2.00315125000343416420191114085219251668781.png,0.00016589,0.0083361,0.00325447,8.264e-05,0.1679421,0.00056651,0.9842778,0.00231821,6.647e-05,0.00021425,0.00039577,0.01741304,3.202e-05,0.00046076,0.00055808,0.00038493,0.00074354,0.00438103,0.00023643
CR.1.3.12.2.1107.5.3.57.20200.11.201910210843180531.png,0.00025035,0.3395501,4.147e-05,0.00010678,0.0066367,0.00218043,0.03118256,0.00114006,1.535e-05,0.01583446,0.02435438,0.00494376,2.154e-05,8.11e-06,0.00071325,0.00027125,0.01173271,0.00464794,7.204e-05
DX.1.2.840.113619.2.369.4.2147483647.1568162025.988448.png,0.01032558,0.00991955,0.00050941,0.00299277,0.00143213,0.00025556,0.02206768,0.00036311,8.445e-05,0.00013677,0.00033284,0.03742921,9.8e-06,0.00036808,0.00131968,0.0038549,0.00206413,0.00015031,2.524e-05
5D4A241B64344B6.png,0.5160761,0.4969879,0.84821,0.9833198,0.05840644,0.52916473,0.00017933,0.13441722,0.04847844,0.00013209,0.00025057,0.00089829,0.00144409,0.02314856,0.00012981,0.01126981,0.00083128,0.02598737,0.00611092
DX.1.2.392.200036.9125.4.0.487533192.797271446.2795306561.png,0.00751638,0.00456563,0.94746286,0.00613096,0.80759907,0.00039376,0.02512302,0.00045252,1.014e-05,4.186e-05,6.221e-05,0.00896246,2.537e-05,0.35633665,0.00115255,0.13374013,4.8e-05,0.53698885,0.08734482
DX.1.2.840.113619.2.369.4.2147483647.1572931878.83155.png,0.06013782,0.00589843,0.00065691,0.03266588,0.00287082,0.05864296,0.00453605,0.000166,0.00176046,0.00306846,7.517e-05,0.00397446,3.52e-06,4.07e-05,5.912e-05,0.00075487,0.01683913,0.00047548,1.462e-05
5D882FCD4294391.png,0.8420501,0.00058268,0.9980198,0.11514133,0.9443302,0.0558154,0.00205683,0.1359151,0.00434739,0.00011456,5.67e-06,0.04998634,0.00045622,0.12304942,1.397e-05,0.00068951,0.02976259,0.72697634,0.00285276
DX.1.2.00311319000340099420191024091009264863796.png,0.00506218,0.00392152,0.00044279,0.00192333,0.00125703,0.00072515,0.8675762,0.00114969,5.516e-05,0.00134788,0.00059967,0.00310751,6.977e-05,0.00025521,0.0081854,0.00253077,0.00186593,0.00016451,0.00341913
DX.1.2.840.113619.2.369.4.2147483647.1573007568.217659.png,0.0253183,0.16176121,8.716e-05,0.00016347,0.00135138,7.56e-05,0.00352517,0.0006509,0.00015993,4.372e-05,0.0054454,0.00167037,6.69e-06,9.266e-05,0.03090702,0.00041363,0.0007088,7.298e-05,0.0002653
DX.1.2.00261155000343776120191116090137425027625.png,0.01806558,0.00065263,0.00249739,0.00940548,0.16690104,0.00483023,0.0161101,0.0102915,8.563e-05,0.00064231,0.00016235,0.00544881,1.573e-05,0.00015594,0.0002942,0.00047907,0.00049697,0.00316046,8.847e-05
5DF869D132A0580.png,0.10240519,0.69066656,0.00405126,0.09187435,0.02483014,0.47941643,0.0006939,0.877868,0.00993577,0.00136407,4.411e-05,0.00126756,0.00013114,0.00011679,6.237e-05,0.00022095,0.00559384,0.00389878,4.48e-06
5DF300EF47AC072.png,0.00876459,0.01199435,0.04351784,0.00050674,0.4055183,0.00175997,0.2876606,0.72386,0.00031231,0.00031326,0.00015225,0.00126437,7.886e-05,0.00016436,2.299e-05,0.00022628,0.00098094,0.00531464,0.0003221
DX.1.2.392.200046.100.2.1.69131194618.191021114946.2.1.1.png,0.0564223,0.01468134,0.00059614,0.00041238,0.05395398,0.00077198,0.04712562,0.00057864,0.00026433,0.00195564,3.432e-05,0.04428288,5.7e-06,0.00049064,0.00326228,0.00158682,0.00630489,9.486e-05,1.118e-05
DX.1.2.840.113619.2.369.4.2147483647.1573712915.74610.png,0.4725733,0.04659917,0.00230255,0.02699232,0.00225044,0.00043033,0.00016773,9.311e-05,0.00046835,0.00135912,5.317e-05,0.007697,9.19e-06,0.00135001,0.00146097,0.00578454,0.00206144,0.00024049,0.00026709
5D539DB7553C777.png,0.10846666,0.02355278,0.00383436,0.00055211,0.01302075,0.00624927,0.00202325,0.022724,0.00136073,0.00026513,0.00150447,0.00403276,0.00018711,0.00746088,8.678e-05,0.00070567,0.00214382,0.00110863,0.00075479
CR.1.3.12.2.1107.5.3.57.20200.11.201910261026070609.png,0.9990493,0.03090254,0.9954218,0.9317928,0.98611337,0.7793478,0.01508856,0.9500614,0.97632617,0.00321797,7.436e-05,0.023284,0.00360406,0.00136818,0.00019578,0.00033557,0.0006882,0.00594622,0.00681996
5CB8107423D482F.png,0.9682709,0.00166112,0.99919313,0.5520417,0.71301574,0.4328806,0.01052435,0.8272178,0.20072374,3.77e-06,2.908e-05,0.04491142,0.0047992,0.03228771,8.85e-06,0.00013914,0.00304513,0.19333836,0.01089616
DX.1.2.840.113619.2.369.4.2147483647.1572840189.588937.png,0.03561838,0.30089694,0.00330222,0.91126186,0.33619547,0.02151064,0.00923048,0.92832166,0.02328068,0.00272267,5.89e-06,0.0005533,0.00123187,0.00045379,0.00029638,0.00077479,0.00202318,0.00161446,0.0004391
DX.1.2.840.113619.2.369.4.2147483647.1572232701.600337.png,0.9796531,0.5629075,0.04508256,0.98439467,0.00789697,0.8771351,0.00010516,0.3988635,0.83696574,8.138e-05,1.121e-05,0.00023873,0.00020426,0.00062711,0.00285048,0.00877713,0.00012811,0.0001426,0.00016111
DX.1.3.46.670589.26.802544.25.20191028.115922.303764.0.png,0.25684872,0.13482258,0.01975796,0.04982138,0.00534859,0.04513756,0.00382878,0.09969775,0.30246004,0.00089123,0.00086643,9.728e-05,0.00185769,0.00826353,0.00061105,0.0002483,0.00024492,0.00034898,0.02368238
DX.1.2.00285260000343396820191114082105249795546.png,0.00261408,0.01270788,0.00024977,0.00889452,0.00903439,0.01091956,0.35010237,0.00024126,9.06e-06,0.06248396,6.713e-05,0.00690188,1.25e-05,0.00043208,0.00311101,0.0006622,0.01156951,0.00053989,0.00052758
CR.1.3.12.2.1107.5.3.57.20200.11.201910180941580328.png,0.00012463,0.0009894,0.00160226,2.771e-05,0.5119596,0.00027076,0.9698114,0.00740069,0.00013063,0.00431193,0.000697,0.0201665,3.736e-05,6.971e-05,0.00044225,5.753e-05,0.02595514,0.00525632,0.00017539
DX.1.2.392.200046.100.2.1.69131194618.191026145623.1.1.1.png,0.414831,0.00373636,0.00152919,0.00254967,0.24204949,0.00012186,0.02329981,0.00029668,0.00064588,0.0002578,0.00032543,0.00271342,7.69e-06,5.354e-05,0.00024504,0.00279969,6.801e-05,0.02196374,0.00014808
DX.1.2.392.200036.9125.4.0.487580558.162096534.2795306561.png,0.32496327,0.02036896,0.17400911,0.03445984,0.00105601,0.0002845,0.00034365,0.00011096,0.00091238,2.12e-05,0.00046869,0.00168121,4.08e-05,0.17810433,0.00877364,0.09540435,0.00014708,0.00318202,0.01319635
CR.1.3.12.2.1107.5.3.57.20200.11.201911051604490703.png,3.07e-06,0.00061285,0.00065994,6.606e-05,0.86911845,0.0014505,0.8584863,0.0008752,7.1e-06,0.11418418,0.02211788,0.23700859,0.00020908,0.00010134,0.00442356,0.00034675,0.07083892,0.00221091,0.00071241
DX.1.2.840.113619.2.369.4.2147483647.1573627442.369186.png,0.04675943,0.00793493,0.00346816,0.00011673,0.0038405,0.00018413,0.01292199,0.00028733,0.00100985,3.809e-05,0.00349007,0.00323009,3.854e-05,0.00020683,0.00130096,0.00051704,0.00016749,0.00047497,0.0001582
CR.1.3.12.2.1107.5.3.57.20200.11.201911081619160078.png,0.00073208,0.00485115,0.01396808,0.00021729,0.83928657,0.00146128,0.5408073,0.01524934,4.258e-05,0.00733233,0.00017357,0.08240892,1.254e-05,0.00051434,0.00013879,7.243e-05,0.00942565,0.00247433,4.791e-05
DX.1.3.46.670589.26.802544.25.20191104.91257.305987.0.png,0.0014251,0.2894556,0.00010096,0.00031283,4.35e-05,0.16688247,0.00080906,0.00066683,0.00017513,0.01941717,0.04826325,0.0006963,0.00084672,0.0001514,0.00237432,0.00019829,0.01750749,0.00101869,0.00095515
5D2D2B9645CCCC0.png,0.99882656,0.00663266,0.85696393,0.95368344,0.02196082,0.86839134,0.00096214,0.17843027,0.99379,0.00038186,6.313e-05,0.00143188,2.527e-05,0.00037278,0.00013418,0.00248092,0.00148057,0.00010375,0.00036776
DX.1.2.840.113619.2.369.4.2147483647.1573622683.551661.png,0.36050397,0.7030425,0.0010677,0.33481,0.01882251,0.01487302,0.0012739,0.0224477,0.0013294,0.00262604,3.26e-05,0.00082398,0.00018692,0.00015373,0.00046824,0.0002637,0.00084284,0.00194022,0.00057733
DX.1.2.840.113619.2.369.4.2147483647.1572840987.682117.png,0.9889375,0.00061959,0.9367456,0.35354793,0.56328356,0.03456229,0.13587625,0.07257768,0.61405456,5.537e-05,2.282e-05,0.0031545,0.00016402,0.00037079,5.79e-06,0.00022342,0.0003514,0.00230786,0.00024003
CR.1.3.46.670589.26.602199.4.20191105.84440.334177.0.png,0.9554678,5.22e-05,0.00992173,0.69383985,0.6238722,0.01043809,0.00986147,0.02316468,0.00420507,0.00075488,0.00016529,0.00070282,2.36e-05,0.0007256,8.03e-06,0.00017794,0.00248578,0.0085052,0.00022507
DX.1.2.0030953200033961172019102209384793781968.png,0.00523662,0.06110187,9.538e-05,0.01214722,0.02737501,0.01706192,0.04253168,0.00378381,3.314e-05,0.28651765,0.00035616,0.00077444,2.972e-05,0.00014035,0.00012879,0.00106991,0.02528112,0.00103527,4.664e-05
CR.1.2.840.113564.199912075.2019111117114901638.1203801020003.png,0.00547561,0.03098951,0.00107088,0.00058569,0.0079836,0.00562473,0.34265077,0.00449598,7.033e-05,0.01525744,0.00340422,0.00205553,0.00021088,0.00358347,0.00199852,0.0057747,0.01631954,0.01056012,0.00026152
CR.1.3.12.2.1107.5.3.57.20200.11.201910221438130187.png,0.71195555,2.056e-05,0.6337213,0.00387228,0.8650222,0.00105009,0.04130449,0.00222114,0.00600832,0.00159236,2.223e-05,0.7919687,0.00023871,0.01184062,6.28e-06,2.295e-05,0.09498817,0.00628036,0.00049505
DX.1.2.840.113619.2.369.4.2147483647.1573093036.171972.png,0.03397878,0.4292862,0.00128664,0.01177256,0.00117724,0.0070396,0.00025484,0.00062664,0.00043586,9.033e-05,5.362e-05,0.00147702,8.931e-05,0.00266926,0.0726023,0.00090577,0.00055384,0.00035783,0.00040035
CR.1.2.156.600734.516764694.1648.1572924755.1124.0.1.png,0.034111,0.0025051,0.00062344,0.00068209,0.3081964,0.00035999,0.02869267,0.00231751,3.543e-05,0.00068917,0.03425011,0.00908992,4.406e-05,0.00044564,0.00364037,0.00899833,0.00037061,0.00038856,0.00097905
DX.1.2.00312739000340912120191029113918101278562.png,0.00574321,0.0047127,0.00021296,0.00301806,0.01887166,6.446e-05,0.98014945,0.0081688,0.00046377,0.0025703,9.852e-05,0.00128219,2.286e-05,0.00012275,0.00078663,0.00066352,0.00029107,0.00037176,0.00119792
5DCB9FCD65E476B.png,0.7767011,0.10874122,0.02894297,0.6013974,0.00732195,0.00274418,0.00037906,0.00066025,0.00303922,4.4e-06,0.00026915,0.00148831,1.07e-06,4.316e-05,0.00071959,0.00113274,0.00063673,0.00045436,8.33e-05
DX.1.2.840.113564.920101.20191114081823828890.1003000225002.png,0.29012728,0.0034693,0.00376982,0.00168074,0.89480215,0.00154582,0.64835167,0.11010568,0.00054306,0.00029999,0.00023966,0.0266245,4.695e-05,9.123e-05,6.143e-05,0.00031774,0.00264099,0.00107055,1.358e-05
5D116CB03094219.png,0.8082403,0.20241508,0.49758792,0.7775636,0.00637244,0.57502073,0.00040058,0.25653827,0.1311428,0.00075817,4.485e-05,0.00022782,0.0003639,0.00291709,0.00052073,0.00017903,0.00036832,0.0009465,0.00109097
DX.1.3.46.670589.26.802544.25.20191104.122408.306119.0.png,0.02946122,0.28467715,0.00624621,0.00095854,0.0105911,0.05391988,0.0079321,0.19425014,0.00161325,0.00854985,0.00019798,0.00705902,0.00014232,0.00085215,2.487e-05,2.375e-05,0.05956765,0.00148756,0.00017528
5DE8B69353E025C.png,0.05845302,0.01259694,0.00142347,0.00441019,0.41373813,0.00127307,0.01805272,0.01589907,0.00045497,0.00135184,0.00121521,0.00767738,1.082e-05,0.00047616,3.379e-05,0.00058329,0.00059818,0.00452671,2.558e-05
DX.1.3.46.670589.26.802544.25.20191104.82244.305954.0.png,0.07174973,0.3285713,0.00023522,0.3900071,0.00055535,0.92167294,0.00024998,0.10449816,0.00302802,0.3586561,5.744e-05,7.579e-05,5.934e-05,0.0001293,0.01631551,4.323e-05,0.0250165,7.839e-05,0.00070297
DX.1.2.840.113619.2.369.4.2147483647.1573020891.905334.png,0.0017365,0.00517702,0.0007918,0.00032053,0.02847686,0.00015477,0.0699311,0.00032802,3.871e-05,0.00026397,0.01579752,0.00537856,8.48e-06,0.00012399,0.00221381,0.00128717,0.00047961,0.00030966,0.0003366
DX.1.3.46.670589.26.802544.25.20191028.122137.303778.0.png,0.7922317,0.00482025,0.43957233,0.58489555,0.0297732,0.9128789,0.0015137,0.20025128,0.7174798,0.0044691,6.087e-05,0.01136463,0.0014088,0.01216672,0.00051324,3.023e-05,0.04218116,0.00024603,0.00090645
DX.1.3.46.670589.26.802544.25.20191105.132511.306573.0.png,0.02137085,0.59176457,0.00160878,0.1659965,0.0018387,0.10810277,0.00973996,0.41480273,0.0005491,0.00157671,0.00163193,0.00012412,4.58e-05,0.00022758,0.00079795,3.011e-05,0.00320445,0.00016837,0.00432661
DX.1.3.46.670589.26.802544.25.20191104.82958.305959.0.png,0.29014385,0.00149085,0.9910758,0.0436917,0.86387944,0.7891271,0.00171659,0.32595032,0.5379089,0.02523408,5.89e-06,0.00624645,0.00069094,0.01475357,2.754e-05,3.28e-06,0.01798225,0.02040202,0.00106747
5E006BEE3364041.png,0.00455059,0.00655971,0.27582568,0.0039543,0.9711727,0.00046075,0.35034004,0.34820685,0.00078458,0.00032104,0.00097275,0.01241318,4.668e-05,8.123e-05,8.98e-06,0.00027332,0.0012613,0.02359238,6.531e-05
DX.1.2.840.113564.920101.20191111082923062260.1003000225002.png,0.00045254,0.041077,9.793e-05,0.0001938,0.48764995,0.00090599,0.5308467,0.00251701,1.353e-05,0.00553732,0.00459175,0.0226957,2.42e-05,5.21e-06,0.0001269,0.00047868,0.01272981,0.01032973,3.71e-06
DX.1.2.840.113619.2.369.4.2147483647.1573710709.302199.png,0.2846664,0.5500885,0.00306723,0.00457117,0.01129111,0.09495712,0.00099802,0.06494583,0.00625528,0.00014686,6.359e-05,0.00050719,2.883e-05,0.00044923,0.00612843,0.00037178,0.00018525,0.00023235,0.00054189
DX.1.2.840.113619.2.369.4.2147483647.1572230668.482021.png,0.02046918,0.35327047,5.935e-05,0.00278666,0.00334349,0.0006544,0.01751692,0.03417786,1.825e-05,7.1e-05,0.00067572,0.00038721,4.9e-06,0.00084384,0.01068485,0.00134356,0.00077849,0.00041723,0.00092528
DX.1.2.840.113564.920101.20191118091959312960.1003000225002.png,0.64638954,0.00062266,0.01168049,0.00249579,0.12613039,0.0013633,0.03197928,0.0027967,0.00042407,0.00046803,0.00078671,0.00555912,2.967e-05,0.00119332,2.345e-05,0.00326011,0.0005361,0.00525249,0.00018597
5DF2F83B3CF455D.png,0.36651868,0.00831116,0.00473381,0.00885341,0.06939759,0.00022495,0.00730085,0.0073817,0.00014714,0.00014775,0.00019163,0.002706,2.153e-05,0.00010574,0.00045492,0.01904612,0.00030306,0.00243264,0.00017587
5B5D6F461B6C411.png,0.99789584,0.00392573,0.99288666,0.5385381,0.02790495,0.914878,0.0016209,0.4231778,0.8148766,6.26e-06,0.00019075,0.00493317,0.00017617,0.00788111,7.75e-06,0.00442349,0.04761399,0.00465344,0.00043189
CR.1.2.156.600734.516764694.1648.1571703825.26.0.1.png,0.00017096,0.0024968,0.46222493,0.00012184,0.24661508,0.0022325,0.01113223,0.00011444,7.564e-05,0.00587873,0.00024573,0.90528864,0.0001401,0.00041505,0.00024743,0.00021161,0.01039197,0.0045043,6.789e-05
DX.1.2.840.113619.2.369.4.2147483647.1573454225.215386.png,0.02097771,0.0003326,0.00032292,0.00011035,0.01652189,8.016e-05,0.11971468,0.00072859,1.433e-05,0.00016785,0.00319247,0.00358675,1.014e-05,0.00010139,0.00133744,0.00042994,0.00056953,0.00050637,0.00034423
DX.1.2.840.113564.920101.20191028115815937150.1003000225002.png,0.8852838,0.02131495,0.0004538,0.01021482,0.2806115,0.00019678,0.06025522,0.10114722,0.00201487,1.516e-05,0.00017927,0.00097019,1.67e-05,1.986e-05,3.153e-05,0.0009235,0.00017541,0.00503977,2.637e-05
DX.1.2.00292828000343908120191118080532594462250.png,0.0401039,0.01182825,0.0037457,0.0424302,0.02157345,0.13263357,0.08652481,0.00050358,0.00080202,0.17634083,0.00012207,0.03345341,0.00013969,0.00060989,0.00043311,0.00087461,0.03046484,0.00080418,0.00032573
DX.1.2.00306160000343488120191114105520259049750.png,0.09805019,0.04471947,0.00150894,0.24216112,0.05003013,0.44663545,0.13967477,0.23896731,0.00259064,0.01497685,7.635e-05,0.00460481,1.037e-05,0.0001831,0.0003959,0.00083176,0.01078355,0.00056959,1.227e-05
DX.1.2.00309856000343943020191118090637598127265.png,0.00088854,0.00043343,0.01210447,0.00038109,0.40949807,0.00181631,0.9572378,0.00039793,0.0002555,0.00833968,0.00011242,0.16395569,0.00014551,0.00037035,0.00043276,0.00053245,0.00237905,0.00064809,0.00038374
5E0EBC213D04742.png,0.9931082,0.00477965,0.03001912,0.8222076,0.16896102,0.01089519,0.00011923,0.08209777,0.6620732,0.00022021,1.645e-05,0.00079862,2.195e-05,0.00026508,0.00157861,0.00021587,0.00018011,0.00018389,0.00017197
DX.1.2.00307232000340105120191024092551265806046.png,0.96901727,0.00248589,0.0182083,0.90835154,0.11957397,0.74207735,0.00602398,0.01953059,0.19506218,0.00946216,1.192e-05,0.00405647,8.597e-05,0.00013751,2.594e-05,0.00058813,0.00708691,0.00043547,8.071e-05
5CF5CFA523446DF.png,0.00146029,0.00079347,0.9963878,4.508e-05,0.9898468,0.00120668,0.02983697,0.00094336,0.00086102,0.00082574,0.00020606,0.0412989,0.0001193,0.00105425,5.255e-05,0.00020894,0.00183789,0.9682957,0.00153976
DX.1.3.46.670589.26.802544.25.20191104.134112.306171.0.png,0.00029789,0.00138133,1.798e-05,6.563e-05,0.01829013,0.00979445,0.671666,0.00589987,1.305e-05,0.14681719,0.01525914,0.00901251,3.698e-05,1.824e-05,4.075e-05,0.00072527,0.02077988,0.00013357,0.00018238
DX.1.3.46.670589.26.802544.25.20191118.120812.310273.0.png,0.00122566,0.00602086,0.00019548,0.00011455,0.0004247,0.00192605,0.00181932,0.00045964,7.251e-05,0.0015051,0.01977579,0.00024005,4.395e-05,0.00051727,0.0041355,8.032e-05,0.00109946,0.00046253,0.00491148
5E2014743834AEE.png,0.00408735,0.1312417,0.00090782,0.00368407,0.00029204,0.09875963,0.00090694,0.0009782,0.00015645,0.0215687,0.00116269,0.00029426,1.404e-05,0.00132706,0.01812108,0.00016824,0.17434572,0.00015677,0.00098549
DX.1.2.840.113619.2.369.4.2147483647.1572846092.109878.png,0.00171703,0.00549412,0.00104337,9.438e-05,0.03207362,0.02324103,0.18065272,0.0027376,0.00146051,0.00582715,0.00013954,0.00169334,0.00014839,0.00067522,0.00018482,7.925e-05,0.02952733,0.00157035,0.0002368
CR.1.2.156.600734.516764694.906304.1571388784.199.0.1.png,0.9975848,6.344e-05,0.98987246,0.00898488,0.09036598,0.00098764,0.00398844,9.058e-05,0.01300692,1.126e-05,3.817e-05,0.98536354,7.144e-05,0.560299,2.462e-05,0.0024811,0.04236902,0.00217999,0.01070274
DX.1.2.840.113619.2.369.4.2147483647.1573624006.936421.png,0.00041647,0.8941901,9.922e-05,0.00027842,0.00010682,0.01498081,0.00115605,0.00062589,3.095e-05,0.00569111,0.00203191,0.00112931,1.905e-05,5.159e-05,0.57283247,0.00042137,0.00686118,0.0007197,9.555e-05
5DD745695EA84EB.png,0.877607,0.00884275,0.00012578,0.09166032,0.1801543,0.01537643,0.01191131,0.02511364,0.0034525,0.08103136,0.00024044,0.01330664,7.27e-06,0.00021323,4.992e-05,0.00016563,0.54701984,0.00055706,8.1e-06
DX.1.2.392.200046.100.2.1.69131194618.191021153014.1.1.1.png,0.01853348,0.01968334,2.235e-05,0.00259148,0.19777063,0.0396709,0.01463561,0.00364369,0.0007167,0.60528594,0.00017758,0.01651694,4.93e-06,0.00017114,6.122e-05,1.174e-05,0.8264244,0.00075348,1.649e-05
5E0D35872858583.png,0.01545085,0.12133822,0.00601753,0.02796993,0.08664519,0.00901344,0.00471806,0.09470767,0.00064081,0.00027088,0.00049998,0.00703255,7.36e-06,1.747e-05,0.00010208,0.00029739,0.00702395,0.00544902,2.398e-05
DX.1.2.840.113619.2.369.4.2147483647.1572913919.531965.png,0.03962709,0.00260075,0.00197321,0.00034272,0.00861135,7.808e-05,0.05227628,7.16e-05,5.485e-05,6.11e-05,0.00067134,0.00171838,3.81e-06,0.0001234,0.00152446,0.0009249,0.00053358,0.00104309,0.00011056
DX.1.2.392.200046.100.2.1.69131194618.191022084328.1.1.1.png,0.00085226,0.00378783,0.00096191,0.00053905,0.9973259,0.00018246,0.38536417,0.28818056,1.752e-05,0.00053327,0.00010893,0.00265228,2.773e-05,3.371e-05,0.00018357,0.00052594,0.00028878,0.01141175,1.24e-05
DX.1.2.840.113619.2.369.4.2147483647.1573106468.910198.png,0.1810963,0.6755058,0.00493643,0.05879858,0.00524003,0.01035308,0.00014211,0.01361854,0.00024641,0.00055488,3.959e-05,0.00068143,1.462e-05,0.00067582,0.16985697,0.0008099,0.00128528,0.00019902,0.00011532
5C4A6ED21554BD9.png,0.9624651,0.10215592,0.04803194,0.36311445,0.3285922,0.01510611,0.00015462,0.044011,0.05063661,7.34e-06,0.00017622,0.00227556,9.769e-05,0.00100519,0.00133054,0.00164367,6.654e-05,0.00020904,0.00130576
5D0B3B4624D8927.png,0.38742027,0.88772774,0.26530346,0.41709727,0.00107926,0.3584102,3.383e-05,0.03129212,0.01614491,6.006e-05,0.00023712,0.00015177,0.00034968,0.00694055,0.00217466,0.01160891,0.00093166,0.00169503,0.00187437
5C8869BE1BAC9B2.png,0.57495445,0.7410048,0.0061012,0.02794813,0.01624747,0.22849017,0.0010928,0.9464387,0.1010416,0.0015194,0.00197174,0.00248321,0.00013722,0.00022512,4.098e-05,0.00014094,0.00205951,0.00013764,0.0001754
CR.1.2.840.113564.199912075.2019102917494386496.1203801020003.png,0.02634439,0.1622922,0.0007916,0.04695174,0.05121431,0.00397521,0.33239305,0.06041086,0.00195475,0.01836089,0.02952108,0.00725422,0.00154706,0.00564352,0.02019887,0.04999057,0.03627082,0.03232581,0.00238997
DX.1.3.46.670589.26.802544.25.20191111.110038.307979.0.png,0.00345479,0.00027175,3.564e-05,0.00041209,0.00885896,0.00190206,0.13747093,8.797e-05,6.839e-05,0.02573049,0.02847759,0.00897126,1.249e-05,0.00012885,0.00017104,0.00123052,0.01712672,0.00035652,0.00013875
DX.1.2.840.113619.2.369.4.2147483647.1573020979.980005.png,0.04841077,0.00502994,0.00185006,0.00169659,0.00585484,0.00043717,0.00338645,9.991e-05,5.174e-05,5.923e-05,0.00266102,0.05153433,2.875e-05,0.00088417,0.00223184,0.00065786,0.00048345,9.287e-05,0.00024519
DX.1.2.840.113564.920101.20191105105424375990.1003000225002.png,0.00361428,0.006378,4.086e-05,0.00153299,0.16517451,6.689e-05,0.55881596,0.00063796,3.502e-05,0.00145423,0.0285685,0.00484234,1.058e-05,2.325e-05,0.00031077,0.00678453,0.00375653,0.00128087,2.103e-05
DX.1.2.840.113619.2.369.4.2147483647.1572934155.902018.png,0.8937842,0.00069917,0.00104285,0.05254841,0.01754477,8.98e-05,0.02036085,0.00076344,0.00282846,4.535e-05,1.818e-05,0.00491062,3.415e-05,0.00072539,0.00070995,0.0152436,0.00097536,0.00054869,0.000248
DX.1.2.840.113619.2.369.4.2147483647.1573439116.135608.png,0.00245565,0.00430692,0.00040591,0.00031749,0.00220602,1.975e-05,0.48669037,0.00027945,3.711e-05,4.461e-05,0.00413357,0.00189119,1.237e-05,0.00038936,0.00241185,0.00061119,0.0004127,0.00070087,0.00050628
DX.1.2.840.113619.2.369.4.2147483647.1572935306.849891.png,0.02844353,0.02302338,0.00040772,0.0006459,0.00850621,9.12e-05,0.15371159,0.00554462,5.21e-05,0.00096509,0.14542596,0.0019434,3.44e-05,0.00058268,0.0245354,0.00103205,0.00013486,0.0002122,0.00045225
CR.1.3.12.2.1107.5.3.57.20200.11.201911060839470281.png,0.00523066,0.00140035,0.9677386,0.00133563,0.85971385,0.01052306,0.03572932,0.00365421,0.00218971,0.00105782,0.0001333,0.33012223,0.00015798,0.00623943,8.662e-05,1.163e-05,0.00412365,0.01994927,0.00031986
DX.1.2.840.113619.2.369.4.2147483647.1572834752.303462.png,9.227e-05,0.00282061,3.111e-05,8.599e-05,0.28378564,0.00039358,0.42096767,0.00460333,9.87e-06,0.00401126,0.00416657,0.01413021,9.85e-06,1.362e-05,0.00090524,0.00019657,0.01655901,0.00081907,5.384e-05
DX.1.2.392.200046.100.2.1.69131194618.191101095600.6.1.1.png,0.0371255,0.05493271,0.7355167,0.03734311,0.07059034,0.02280907,0.20280495,0.00190968,0.01206682,0.00333788,7.634e-05,0.00364549,0.00138097,0.11289353,0.00030584,0.0074266,0.00027319,0.0677382,0.10879114
5E085B9B48381FF.png,0.33075985,0.00693938,0.00186155,0.17485514,0.972236,0.02995702,0.24610037,0.7683992,0.03575696,0.01012513,0.00031156,0.00209158,1.118e-05,1.819e-05,9.6e-06,2.682e-05,0.0003702,0.0007256,1.558e-05
CR.1.3.12.2.1107.5.3.57.20200.11.201910251134160390.png,0.00261323,0.00148984,0.00010344,4.901e-05,0.011257,0.00074488,0.15093532,0.00017542,1.351e-05,0.00342709,0.00656686,0.01743057,2.294e-05,0.00018436,0.00050945,0.00377853,0.00455959,0.00144704,3.748e-05
DX.1.3.46.670589.26.802544.25.20191118.161713.310415.0.png,0.07684923,0.00572331,0.00084702,0.03235007,0.01347575,0.00319913,0.00390614,0.00049548,9.654e-05,0.00402168,0.00017736,0.00330184,1.249e-05,0.00026815,0.00069606,0.00016992,0.03604452,0.00011223,0.00016056
CR.1.2.156.600734.516764694.906304.1571267688.62.0.1.png,0.00068572,0.0002577,0.02973444,0.00014481,0.48174056,2.047e-05,0.09667768,0.00011546,2.07e-06,0.00051878,0.0560891,0.33960256,0.00013301,0.00010629,0.00068374,0.00073188,0.00063574,0.00174077,0.00090366
DX.1.2.840.113619.2.369.4.2147483647.1573607727.554954.png,0.0046302,0.76268697,0.00016903,0.00586099,0.00034768,0.01020303,0.00067708,0.00029997,4.547e-05,0.00371336,7.162e-05,0.00595082,1.356e-05,0.00020415,0.46803844,0.00082657,0.00344817,0.00020148,0.00012044
DX.1.2.840.113619.2.369.4.2147483647.1573450793.560621.png,0.00278535,0.0409985,0.00023819,0.00018233,0.0010514,0.0005407,0.00359872,0.00378681,7.527e-05,7.218e-05,0.00023931,0.00341453,1.724e-05,7.762e-05,0.00151444,0.00052542,0.00018659,0.00066558,0.0003951
DX.1.2.00312906000341096120191030100704182144062.png,0.02934687,0.00407733,0.0078848,0.02007497,0.00166059,0.00014499,0.2886151,0.00035829,1.828e-05,0.00028879,0.00034719,0.00141192,0.00010014,0.00159573,0.00040797,0.02301561,0.00014785,0.00169091,0.00136518
DX.1.3.46.670589.26.802544.25.20191106.91302.306720.0.png,0.45295084,0.00122386,0.00076578,0.02639996,0.01644189,0.00057034,0.06382378,0.00398799,0.00034866,0.00228837,0.01337946,0.00044808,0.00025722,0.00382111,0.00164928,0.00485519,0.00148588,0.00062513,0.00278236
CR.1.3.12.2.1107.5.3.57.20200.11.201910231053580781.png,0.00066874,0.00286011,0.00858568,0.0006425,0.79320496,0.00452907,0.9161904,0.00375256,0.0002252,0.11610875,0.00019501,0.4397734,0.00020027,7.545e-05,4.639e-05,0.00021159,0.00951784,0.00104312,0.00026592
DX.1.2.392.200036.9125.4.0.487585133.3687998870.2795306561.png,0.8883392,0.00022784,0.9920052,0.39499867,0.67950463,0.00022447,0.0052285,0.00064704,0.00010078,0.00010902,0.00062132,0.00100574,0.00095659,0.2340642,0.0008779,0.62210953,9.169e-05,0.33623216,0.11408573
5CDB6DD12378C59.png,0.10507357,0.00250181,0.8202269,0.15146455,0.9812653,0.06040238,0.06453502,0.83857834,0.05675026,0.00026896,6.553e-05,0.00024082,0.00048775,0.0012563,7.067e-05,8.176e-05,8.882e-05,0.12652378,0.00074134
DX.1.2.00237637000341079720191030094344180744406.png,4.899e-05,0.00029807,0.00598041,0.00013963,0.26113215,0.00030423,0.89885634,0.00016016,2.46e-06,0.02296657,0.00640602,0.3547346,5.77e-05,0.00056839,0.00113528,0.0020185,0.00474678,0.000427,0.00065409
DX.1.2.0031173700034139922019110108395690079078.png,0.00015156,0.0149879,0.00010784,0.00224709,0.4215416,0.00846615,0.9567994,0.00641439,0.00017572,0.04584285,0.00031898,0.00840045,1.99e-05,0.00014767,0.00017182,0.0004654,0.00289144,0.00182316,0.00020371
DX.1.2.392.200046.100.2.1.69131194618.191112093058.1.1.1.png,0.9732772,0.01802322,0.07622456,0.04174383,0.963515,0.00341854,0.00049853,0.01112681,0.00483435,0.00081644,1.393e-05,0.00494384,0.00011462,0.00184433,3.934e-05,0.0039657,0.00059225,0.06075864,0.00097112
5DE865017E4064.png,0.00586683,0.04792862,0.01783556,0.0019792,0.6208054,0.00128753,0.15389861,0.01589258,0.00088448,0.00046476,0.00045463,0.01921547,9.86e-06,0.00036703,2.325e-05,0.00010244,0.00099312,0.00557753,7.112e-05
DX.1.2.392.200036.9125.4.0.487570046.196175254.2795306561.png,0.00416985,0.00056346,0.00144586,0.00061371,0.01690596,0.00041232,0.18146835,0.000239,3.209e-05,0.0008528,0.00396894,0.0121619,1.508e-05,0.00010427,0.00205336,0.0028337,0.00202117,0.00038513,0.00124339
CR.1.3.12.2.1107.5.3.57.20200.11.201910251623520734.png,0.0080608,0.00579894,0.02490947,0.01551612,0.0202354,0.00315826,0.01150238,0.00081559,0.00047906,0.01255606,0.00191009,0.00898425,2.687e-05,0.00032944,0.01725848,0.00092782,0.00147848,0.00066331,0.00010546
DX.1.2.840.113619.2.369.4.2147483647.1573622519.665578.png,0.06317652,0.94105846,0.00033921,0.03946421,0.00035822,0.01817038,0.00049359,0.01874594,0.00583336,0.00022271,2.234e-05,0.00047744,1.407e-05,0.00093384,0.0232308,0.00020255,0.00059549,6.5e-05,3.391e-05
DX.1.2.840.113564.920101.201911181534515932.1003000225002.png,0.9589375,0.00071881,0.28631753,0.08395138,0.90084225,0.00069739,0.0034069,0.00187877,0.00259747,7.357e-05,0.00019623,0.0349748,8.95e-06,0.00040186,9.76e-06,0.00396167,0.00295685,0.01196189,8.2e-06
CR.1.2.840.113564.199912075.2019111713173395796.1203801020003.png,0.00239917,0.00188437,0.00061587,0.00120662,0.09882702,0.00015906,0.40521044,0.00061295,2.629e-05,0.00024781,0.00868278,0.02059685,1.739e-05,0.00013088,0.00011194,0.00510168,0.00083942,0.00210099,5.265e-05
DX.1.2.0031215200034082542019102911000798926968.png,0.0016986,0.00014704,0.01111262,0.00737352,0.786046,0.00029178,0.9767532,0.00076005,1.945e-05,0.00506394,6.13e-05,0.14220627,0.00024299,0.00012474,0.00018526,0.00339796,0.00043638,0.0033472,0.00095138
DX.1.2.00266379000339236620191019075012252426500.png,0.00619336,0.05322632,0.00515227,0.01453035,0.6111474,0.02998931,0.2840618,0.00310782,8.874e-05,0.5219377,4.13e-05,0.2583163,4.671e-05,0.00020555,0.00041114,0.00027624,0.03007108,0.00396926,5.533e-05
CR.1.3.12.2.1107.5.3.57.20200.11.201910280843520703.png,0.26946485,0.00025192,0.88440055,0.0191984,0.98163337,0.00307582,0.3575679,0.0180183,0.02762307,0.00285018,9.04e-05,0.10130773,0.00013544,0.00020674,1.992e-05,7.474e-05,0.00531092,0.03468754,0.00041628
DX.1.2.840.113619.2.369.4.2147483647.1574035694.365413.png,9.012e-05,0.84365934,2.409e-05,8.783e-05,9.214e-05,0.02316017,0.00621655,0.00035169,7.77e-06,0.0143116,0.00303137,0.0042634,7.203e-05,6.552e-05,0.07273753,0.00042655,0.02011266,0.00034404,0.00055651
CR.1.3.46.670589.26.602199.4.20190910.95351.331879.0.png,0.00457421,0.00577107,0.02493844,0.0005899,0.96856046,0.00074446,0.7139943,0.63425225,0.00078472,0.00078481,0.00082348,0.00808838,0.00012042,0.00010783,6.59e-05,3.452e-05,0.00058748,0.0008639,0.00011355
DX.1.2.00292816000343953920191118092841599451046.png,0.79331154,0.00016696,0.35450393,0.0171902,0.61697525,0.00132296,0.8273879,0.00062952,0.00045288,0.00033148,3.568e-05,0.1098097,0.00045295,0.00098744,5.622e-05,0.00064244,0.00045879,0.0006086,0.00070615
CR.1.2.156.600734.516764694.906304.1571534780.279.0.1.png,0.02377522,0.00116337,0.59442395,0.00668948,0.40668213,6.21e-05,0.00190963,0.00027143,0.00012944,1.623e-05,0.00069911,0.04128667,3.241e-05,0.00023958,0.00416724,0.02563609,7.136e-05,0.00421023,0.00047385
DX.1.2.003107660003412592201910310912325634953.png,0.10738948,0.27855766,0.00829112,0.9251502,0.0331647,0.29036415,0.01467567,0.01039208,0.0004266,0.00387595,3.286e-05,0.00698409,0.00031889,0.00026093,0.00043806,0.01669917,0.00047602,0.01389438,9.39e-05
5E02BB9E3AF481C.png,0.9882347,0.0218222,0.42117816,0.9649758,0.9004187,0.1889045,0.0018963,0.62180233,0.19682766,3.831e-05,0.00012141,0.00052047,0.00067186,0.00049893,0.0001839,0.103255,0.00031602,0.01430222,0.00044736
DX.1.2.840.113619.2.369.4.2147483647.1573441575.440204.png,0.00114117,0.00677695,0.00037876,0.00013556,0.256185,0.00019344,0.20325314,0.02164734,0.00014102,0.00017071,0.0008298,0.00699837,1.024e-05,2.421e-05,5.058e-05,9.06e-05,0.00325796,0.00071864,1.164e-05
5D9ED599143C64F.png,0.6777435,0.00951679,0.00790828,0.209456,0.459823,0.01784315,0.00402617,0.44035736,0.0218951,0.00019026,0.00011665,0.02948198,8.21e-05,0.00133729,7.35e-06,0.00152741,0.0202664,0.0191671,9.796e-05
5DF33C2F2EBC9A1.png,0.00472343,0.0023492,0.01746562,0.00278499,0.99796766,0.00233949,0.8397817,0.98588115,0.00045952,0.00083565,0.00061296,0.00286529,2.238e-05,0.00221949,5.261e-05,0.00063867,0.00143288,0.00839358,0.00041271
DX.1.2.840.113564.920101.20191107143144437660.1003000225002.png,0.03904477,0.33772463,0.00026079,0.01155296,0.0137773,0.00032367,0.00221327,0.00038135,0.00040517,2.418e-05,0.00256505,0.0004642,1.252e-05,0.00046593,0.0448342,0.0003647,0.00080953,0.0013566,0.00035599
DX.1.2.392.200036.9125.4.0.487574401.764110230.2795306561.png,0.52824837,0.00039655,0.2329965,0.00026967,0.00961839,1.663e-05,0.0917826,1.435e-05,0.00064429,1.841e-05,4.59e-05,0.00582954,9.193e-05,0.18556568,0.00140056,0.05045089,0.00011774,0.00864886,0.04519568
CR.1.3.46.670589.26.602199.4.20191118.81702.334486.0.png,0.00045441,0.24762721,6.313e-05,0.00012384,0.00235451,0.00812534,0.01095681,0.00950538,0.00019523,0.0024697,0.03265851,0.00049648,2.747e-05,2.015e-05,0.00255502,4.663e-05,0.00343644,6.614e-05,0.00036403
CR.1.3.12.2.1107.5.3.57.20200.11.201911131116550078.png,0.04575404,0.00924746,0.24699917,0.00066482,0.51517385,0.0023758,0.00762589,0.02177144,0.00050227,0.00035756,1.022e-05,0.00627653,4.968e-05,0.00222213,0.00019479,7.388e-05,0.00019216,0.01824841,0.00548894
CR.1.3.46.670589.26.602199.4.20191113.75706.334430.0.png,0.10859134,0.02795671,0.00021581,0.0196842,0.00063708,0.3692225,0.00242455,0.00223939,0.00045964,0.1591359,0.00175144,0.00129408,5.3e-06,3.344e-05,0.00013373,0.00016345,0.10852253,0.00014256,3.525e-05
5DF9C63064AC858.png,0.00073693,0.00731518,0.00017897,0.00029169,0.02939763,0.0001916,0.11660721,0.00285938,3.4e-06,0.00073383,0.11005875,0.07236033,1.568e-05,5.115e-05,0.00263703,0.00033101,0.00091214,0.00015044,0.00021592
DX.1.2.840.113619.2.369.4.2147483647.1573611121.637157.png,0.55010545,0.00245637,0.03078736,0.02164542,0.4172081,0.05380346,0.02077238,0.24081582,0.00486643,0.00214385,0.00020429,0.00016687,8.093e-05,0.00261373,4.015e-05,0.00027876,0.00136811,0.02923974,0.00042258
CR.1.2.840.113564.199912075.2019071711284695620.1203801020003.png,0.00110775,0.75340533,0.0156284,0.00078976,0.00700095,0.08045183,0.01855811,0.5707745,0.00023778,0.0004915,5.562e-05,0.00034265,0.000188,0.00184122,0.00099435,0.00022491,0.0004211,0.00990879,0.00209486
CR.1.2.156.600734.516764694.1648.1573271534.1392.0.1.png,0.00433223,0.00129469,0.9841322,0.00060776,0.9889167,0.00149758,0.00548147,0.0015151,0.00014318,0.0013213,2.14e-05,0.98513246,8.07e-05,0.00107762,0.00013782,0.00036134,0.00903514,0.00811718,6.133e-05
DX.1.3.46.670589.26.802544.25.20191113.113231.308912.0.png,0.0007756,0.04031124,0.00205941,0.00028808,0.4504543,0.00043855,0.3957801,0.663762,0.00011311,0.00054688,0.01177781,0.00403535,4.796e-05,0.00011156,0.00022309,3.738e-05,0.00042538,0.00034655,0.0012819
DX.1.2.003125520003405901201910280824173176890.png,0.0025869,0.00048888,0.22894028,0.00107528,0.87072533,0.00517142,0.90671635,0.00149742,8.789e-05,0.00092418,2.368e-05,0.21861042,0.00014717,0.0049529,8.745e-05,0.0002146,0.00034133,0.0052874,0.00152474
CR.1.3.12.2.1107.5.3.57.20200.11.201911061008360562.png,0.44066557,0.00537607,0.20130195,0.7984308,0.04567604,0.122072,0.00042704,0.00706469,0.0132937,0.03924134,0.00022879,0.00201497,0.00013376,0.00016022,0.00564775,5.504e-05,0.03603115,0.00032866,0.00029933
DX.1.2.840.113619.2.369.4.2147483647.1572247002.729777.png,0.37107864,0.0217223,0.00021414,0.01825806,0.16417536,0.00014955,0.0427238,0.06196708,0.00039915,2.073e-05,0.00025296,0.00096905,1.415e-05,2.923e-05,0.0003822,0.00160002,0.00026004,0.00043476,0.00011749
DX.1.2.840.113564.920101.20191114092107703190.1003000225002.png,0.00286053,0.00235452,0.00101974,9.07e-06,0.07024023,0.00022909,0.16682899,0.00017877,6.634e-05,0.00122036,0.0023557,0.10365292,2.98e-05,0.00037599,9.865e-05,6.04e-05,0.01361684,0.00102515,0.0001495
5BC00F131E98726.png,0.05776278,0.04938855,0.00124457,0.00839944,0.05692605,0.13427728,0.00218823,0.029059,0.00049772,0.00400111,0.00029694,0.00952752,6.49e-06,5.365e-05,1.318e-05,4.173e-05,0.00547696,0.00347574,1.63e-06
5D00A0D227C8D6A.png,0.01123204,0.7615481,0.01565354,0.02910236,0.00186072,0.676662,0.01493184,0.96405154,0.01737639,0.00526173,8.792e-05,7.38e-05,0.01955059,0.00114575,8.782e-05,0.00023206,0.00281409,0.00023265,0.00196133
DX.1.2.840.113619.2.369.4.2147483647.1574055929.693208.png,0.03427104,0.5835684,5.181e-05,0.00138147,7.428e-05,0.00068328,0.00158495,0.0008713,0.00048076,7.862e-05,0.00042909,0.00054451,6.06e-06,9.4e-06,0.01593566,0.00022024,0.00050734,4.61e-05,0.00013361
CR.1.2.156.600734.516764694.1648.1573981578.2010.0.1.png,0.0106832,0.0044716,0.18251024,0.00026892,0.17840993,0.00031898,0.03190677,0.00041752,1.034e-05,7.586e-05,0.00296119,0.16954648,0.00056449,0.00043778,0.00680552,0.01061933,0.00067159,0.00244318,0.00364928
DX.1.2.0031500000034189322019110508530891133484.png,0.00527523,0.00096984,0.00083385,0.00027294,0.04312513,4.816e-05,0.97075754,0.00600295,1.398e-05,0.00020787,0.00043849,0.00203315,1.098e-05,6.246e-05,0.00044074,0.00048132,0.00013528,0.00160767,0.00071364
5CD4D0542308645.png,0.00206016,0.00490092,0.19079578,0.00017534,0.92380446,0.00011943,0.35589653,0.10347974,7.22e-05,0.00018459,0.00023942,0.02380342,6.142e-05,0.00070038,0.00041217,0.00026949,0.00064308,0.02112035,0.00039267
DX.1.2.840.113619.2.369.4.2147483647.1572827386.339607.png,0.7407509,0.0065402,0.00241137,0.20156045,0.09353301,0.00081143,0.10333154,0.02326695,0.00298003,3.082e-05,0.00034029,0.00040099,1.316e-05,4.526e-05,0.00020181,0.00106711,0.0002479,0.00246419,2.15e-05
DX.1.3.46.670589.26.802544.25.20191107.110311.307152.0.png,0.864983,0.00890441,0.00050713,0.31422213,0.02080568,0.15899348,0.00028702,0.03999812,0.00574667,0.07064716,0.00016585,0.00113049,0.00014533,0.00037766,0.00030559,7.474e-05,0.1874243,0.00010856,0.00016377
CR.1.3.12.2.1107.5.3.57.20200.11.201910210924590953.png,0.00194592,0.00472964,1.301e-05,2.546e-05,0.00129114,0.00472446,0.03520174,0.00017611,5.277e-05,0.00904078,0.03364239,0.00262071,2.904e-05,0.00010626,0.00244532,0.00296861,0.00488554,0.00090381,7.17e-05
DX.1.3.46.670589.26.802544.25.20190911.83723.290756.0.png,0.00794487,0.01587729,0.00647953,0.00324061,0.0035205,0.01011668,0.05984828,0.00579823,0.0008539,0.00948678,0.00054465,0.00277692,8.171e-05,0.00091638,5.953e-05,0.0007242,0.00214329,0.00106228,0.00063081
DX.1.2.840.113564.920101.20191107105432265650.1003000225002.png,0.9558444,0.00389291,0.00299748,0.13652961,0.18945289,0.00011974,0.00267114,0.00045832,0.00146909,1.805e-05,0.0004123,0.00230166,1.49e-06,6.99e-05,0.00034722,0.00430283,0.0010416,0.00237399,3.163e-05
DX.1.2.840.113619.2.369.4.2147483647.1572244202.414815.png,0.6665287,0.00110662,0.39964515,0.06868932,0.9645587,0.00076992,0.00066614,0.01524814,0.00208659,0.00014542,7.008e-05,0.00797896,2.393e-05,0.00147787,0.00019899,0.00113919,0.00188328,0.01314609,7.819e-05
DX.1.2.392.200046.100.2.1.69131194618.191022153323.4.1.1.png,0.00583992,0.33701336,0.00024381,0.01079048,0.03086656,0.20592809,0.10015952,0.0432323,3.205e-05,0.3400972,0.00085537,0.00024767,0.00018441,0.00049433,0.00117028,0.0034907,0.00137918,0.01251618,0.00046259
CR.1.3.12.2.1107.5.3.57.20200.11.201911181150590609.png,0.01250939,0.00580368,0.00087592,0.00233574,0.01923142,0.00712007,0.16673645,0.00110387,8.457e-05,0.04757532,0.00105434,0.032835,7.66e-06,0.0023526,0.00069153,0.00010005,0.32029805,0.0028369,0.00039473
DX.1.3.46.670589.26.802544.25.20191104.130626.306149.0.png,0.00370833,0.01043266,0.16037759,0.05668682,0.08349774,0.96413624,0.00077951,0.76624787,0.04277877,0.04224975,9.577e-05,0.00316223,0.00011984,0.0003855,2.137e-05,1.226e-05,0.01026313,0.00142787,3.662e-05
5E01C3349B801A.png,0.960982,0.00859982,0.00082931,0.09162793,0.22073483,0.01148438,0.00020793,0.04467235,0.01708789,0.00189332,6.927e-05,0.00185292,1.103e-05,0.00033136,0.00010226,0.0003744,0.01077039,0.00166463,9.78e-06
DX.1.2.840.113619.2.369.4.2147483647.1573543785.509846.png,0.39489263,0.07219058,5.91e-05,0.04474474,0.00620659,0.00193877,0.02863008,0.01811006,0.00013496,7.497e-05,0.00091202,0.00138668,5.009e-05,5.794e-05,0.00052358,0.00069938,0.00293873,0.00048525,2.968e-05
DX.1.2.392.200046.100.2.1.69131194618.191024102221.3.1.1.png,0.7619134,0.00403432,0.14949891,0.00147397,0.18619132,2.152e-05,0.35291395,0.00975772,0.00285133,0.00032044,4.694e-05,0.00424476,0.00081706,0.00115275,0.00015542,0.00929512,0.00055854,0.05394979,0.00730465
5AF3BB6C1BCC83C.png,0.00105951,0.1254693,0.00015992,0.00365042,0.00577302,0.0002847,0.02528566,0.00268639,7.17e-06,0.00299863,0.04735782,0.00986404,2.036e-05,0.00010758,0.00316967,0.00019355,0.00110336,0.00121981,0.0002475
DX.1.2.00292392000339239020191019084447255701109.png,0.0003633,0.00943937,5.559e-05,0.00067759,0.01360368,0.00056541,0.9934367,0.00126966,5.6e-05,0.03671868,0.00064311,0.00301195,5.003e-05,6.252e-05,0.00028387,0.00138103,0.00199075,0.00127816,0.0005673
CR.1.3.12.2.1107.5.3.57.20200.11.201911060926260406.png,0.09652255,8.617e-05,0.7397732,0.00245131,0.5167809,0.01076538,0.02065432,0.20835596,0.11181135,8.874e-05,0.00013266,0.00105915,0.0003883,0.00456058,0.00043742,0.00123406,0.00024304,0.012355,0.00582484
DX.1.2.392.200046.100.2.1.69131194618.191115085155.1.1.1.png,0.78261304,0.00076848,0.00187127,0.0081436,0.75295615,0.0004739,0.02175968,0.01941652,0.00030891,0.00340145,0.00386284,0.00324206,5.917e-05,0.00108182,8.305e-05,0.00034064,0.00095271,0.00069462,0.00037485
DX.1.3.46.670589.26.802544.25.20191114.93706.309174.0.png,0.3684035,0.02843729,0.00198864,0.0238362,8.889e-05,0.29509118,0.00422515,0.00087353,0.00441051,0.00866154,9.734e-05,0.01019863,3.532e-05,8.083e-05,0.00061141,3.407e-05,0.02526682,0.00010195,8.341e-05
5E0404541D5466A.png,0.18991973,0.01895762,5.043e-05,0.01586399,0.02341297,0.00600862,0.00270432,0.00362961,0.00475554,0.00135631,0.00028375,0.00149227,7.3e-06,8.74e-06,0.00027254,0.00044254,0.03863725,0.0005993,2.144e-05
DX.1.2.840.113564.920101.20191107143036140640.1003000225002.png,0.6368946,0.00198132,0.00023269,0.01138688,0.01966684,0.00034989,0.00520024,4.916e-05,6.193e-05,0.00012691,0.00320649,0.00629513,2.93e-06,0.00012187,0.00038038,0.01378219,0.00176871,0.00090878,1.042e-05
DX.1.2.840.113619.2.369.4.2147483647.1573690223.5884.png,0.12087005,0.7228826,0.00614624,0.00092715,0.00079804,0.00145149,0.00317945,0.18432751,0.00199568,4.1e-06,4.95e-06,0.00401606,7.353e-05,0.00434823,0.00312745,0.00014042,0.00020457,0.0008648,0.00024085
DX.1.2.392.200046.100.2.1.69131194618.191118160403.1.1.1.png,0.13815941,0.01636915,0.00162077,0.05399898,0.981613,0.00024784,0.02315856,0.354052,0.0001501,0.00069837,3.287e-05,0.0011212,3.615e-05,0.00017383,0.00074633,0.00028847,0.00027061,0.00278337,0.00021081
DX.1.2.392.200036.9125.4.0.487560585.656369046.2795306561.png,0.07017682,0.0001853,0.9059175,0.00043841,0.15767439,1.515e-05,0.05007853,0.00017846,0.00048869,2.286e-05,0.00063224,0.02828887,0.00011403,0.1942632,0.00061412,0.00190246,0.00103867,0.19140114,0.02814992
DX.1.2.840.113564.920101.20191105083004031600.1003000225002.png,0.00073892,0.04436144,1.672e-05,0.00015772,0.00753456,0.00015039,0.11530956,0.00151788,7.58e-06,0.00149161,0.13082965,0.0017292,2.002e-05,2.137e-05,0.02708123,0.00374522,0.00280653,0.00099736,0.00023137
DX.1.2.00311036000339875120191023093237179812656.png,0.00010524,0.00031023,0.00171858,4.692e-05,0.2928367,9.567e-05,0.9942048,0.00092202,2.56e-06,0.0102148,0.0020692,0.22290654,3.044e-05,0.00036993,0.00043798,0.00098563,0.00306024,0.00073694,0.00096668
DX.1.2.0030813500034139112019110108522290825078.png,0.00023111,0.00070153,0.00229199,0.00106212,0.97814494,0.00037415,0.8405142,0.0038448,0.00014544,0.00841433,0.00022057,0.05594946,0.00012185,8.577e-05,0.00015192,0.00020272,0.00211256,0.00340101,0.00011934
DX.1.2.840.113619.2.369.4.2147483647.1572235801.457458.png,0.84891254,0.41560316,0.05747703,0.99725014,0.05030544,0.96542853,0.00038616,0.9541604,0.20188062,0.0073237,5.34e-06,8.501e-05,0.00257676,0.00036222,0.00081359,0.00198941,0.00038322,0.00118001,0.00022437
CR.1.3.12.2.1107.5.3.57.20200.11.201910300848370312.png,0.23237574,0.05671151,0.9205857,0.99635994,0.0577035,0.99995506,0.00157137,0.74536103,0.37372124,0.8338444,1.312e-05,0.00086487,0.00169016,0.00036979,0.00131159,0.00035296,0.01978725,0.01330996,0.00012504
DX.1.2.00281517000341589920191102101023181906390.png,0.04315755,0.00343084,0.0087702,0.0046102,0.21972738,0.00660546,0.43057245,0.00076571,0.00031978,0.02145501,0.00017269,0.14865954,5.502e-05,0.00072342,0.0002811,0.00393293,0.00642607,0.00042094,9.025e-05
DX.1.2.840.113619.2.369.4.2147483647.1572847588.433593.png,0.05541364,0.00527357,0.00639539,0.00151156,0.01133026,0.00021557,0.05945538,0.01983244,0.00061503,4.285e-05,0.00035555,0.00010646,7.13e-06,0.00894751,0.00741511,0.001421,0.00021937,0.00119469,0.00087603
DX.1.2.840.113564.920101.20191104112405984780.1003000225002.png,0.00084603,0.02196366,1.981e-05,0.00048651,0.02841014,0.00066868,0.22513536,0.00529661,3.778e-05,0.00067753,0.00407305,0.00096892,2.794e-05,6.34e-06,0.0018648,0.00064885,0.02041376,0.00568962,2.981e-05
DX.1.2.840.113619.2.369.4.2147483647.1573603316.375897.png,0.00200818,0.17562684,0.00023072,0.00109418,0.02776482,0.00085955,0.01734884,0.00496741,1.433e-05,0.00297043,0.00055166,0.01670011,7e-07,1.706e-05,0.00869656,0.00055994,0.00533394,0.000358,1.79e-05
CR.1.2.840.113564.199912075.2019111708200330324.1203801020003.png,0.00304319,0.01402596,0.01514224,0.00088847,0.12481356,0.00035101,0.13236919,0.00437771,0.00040633,0.00264024,0.00934658,0.01024352,0.00019506,0.00046464,0.00099541,0.00500277,0.00362245,0.01186234,0.00338946
DX.1.3.46.670589.26.802544.25.20191118.154602.310395.0.png,2.257e-05,0.38817856,1.516e-05,4.782e-05,1.576e-05,0.09532954,0.00102785,0.00173621,1.033e-05,0.17955849,0.00817143,0.00262086,0.00013912,0.00034477,0.51071906,0.00010832,0.24983452,0.00016445,0.00051097
CR.1.3.12.2.1107.5.3.57.20200.11.201910211200350734.png,0.85928166,0.00253945,0.5835285,0.40160385,0.01020501,0.9601335,0.00014735,0.01991944,0.15987802,0.3838758,5.092e-05,0.02020641,0.00055918,0.01159538,0.00016753,1.592e-05,0.05343806,0.00085106,0.00135315
DX.1.2.840.113619.2.369.4.2147483647.1574043445.985622.png,0.01139727,0.00596519,0.00230654,0.00025054,0.34814265,0.00716213,0.00745958,0.00943862,0.00019606,0.00151741,5.569e-05,0.06829504,1.163e-05,0.00177366,9.24e-06,8.427e-05,0.02729725,0.00088607,1.185e-05
DX.1.2.840.113619.2.369.4.2147483647.1574036482.542048.png,0.8112791,0.08134787,0.00267349,0.01997992,0.0008971,0.08676884,0.00020076,0.08356654,0.00916148,1.749e-05,1.58e-05,0.00204482,3.146e-05,0.00013804,0.000167,0.00105753,0.00177707,0.00065192,3.507e-05
DX.1.3.46.670589.26.802544.25.20191028.132123.303818.0.png,0.03528208,0.04026291,0.01167875,0.05272558,0.03725663,0.554103,0.04467003,0.7553072,0.01758692,0.11770006,6.29e-06,0.00027608,0.00026551,0.00061457,8.17e-06,8.341e-05,0.01672749,0.00065571,0.00167803
5D043F52168CDAB.png,0.01826416,0.0201074,0.00020667,0.00097921,0.000839,0.00025032,0.00243364,0.00026871,0.00037791,7.3e-06,0.01198832,0.00231052,4.27e-06,0.00015283,0.00604901,0.00160709,0.0012757,6.855e-05,7.877e-05
DX.1.2.003087130003405815201910280753351334843.png,0.00324607,0.00099856,0.02939142,0.00486223,0.54660237,0.02377202,0.40171647,0.000963,0.00085065,0.32125705,4.685e-05,0.12249199,0.00060981,0.00016843,0.00036789,0.00039159,0.01015219,0.00188167,0.00063456
DX.1.2.392.200046.100.2.1.69131194618.191028105952.1.1.1.png,0.9119886,0.00266881,0.00059796,0.5021787,0.9946865,0.00086355,0.00492082,0.05197336,0.00372494,0.00651532,2.5e-05,0.00306974,1.566e-05,3.394e-05,0.00013453,0.00052274,0.00343192,0.01051154,4.163e-05
DX.1.2.840.113619.2.369.4.2147483647.1573534840.63825.png,0.00036057,0.9829184,8.071e-05,0.00015851,5.304e-05,0.06994252,0.00029242,0.00050493,2.888e-05,0.0028261,0.00052885,0.0026413,0.00047688,0.00209338,0.07703102,0.00019886,0.00316106,0.00030226,0.00209332
CR.1.2.156.600734.516764694.1648.1573552641.1689.0.1.png,0.9947194,0.00492767,0.99905586,0.03826373,0.45903227,0.01342515,0.00016895,9.023e-05,0.15313028,2.278e-05,5.455e-05,0.88988984,6.603e-05,0.02497923,5.389e-05,0.00069422,0.00861268,0.00037898,0.00179578
5DC4CAE23E785A7.png,0.00134756,0.06519426,0.00156169,0.00438622,0.6277783,0.00020217,0.01287876,0.0466498,3.324e-05,0.00322325,0.00247138,0.00386168,2.887e-05,0.00023187,0.00059868,0.00027362,0.0013659,0.00518394,5.919e-05
DX.1.2.840.113564.920101.20191111110425500180.1003000225002.png,0.64394546,0.00140502,0.00242509,0.17575686,0.04211765,0.01508478,0.00721185,0.00038245,0.00140114,0.03298352,0.00097631,0.00686672,4.46e-05,0.00116772,3.583e-05,0.00932503,0.05342904,0.00047212,1.308e-05
DX.1.2.840.113564.920101.20191118084636062480.1003000225002.png,0.00012605,0.01106568,0.00046195,2.576e-05,0.4998383,0.00017299,0.35446745,0.00958288,4.7e-06,0.00165898,0.00373744,0.01549797,9.34e-06,2.87e-06,0.00018671,0.00013821,0.0020448,0.00105883,6.42e-05
5E1D719255F832C.png,0.00219938,0.970313,0.00730861,0.00440251,0.00575649,0.02479532,0.00160955,0.15013987,8.039e-05,0.00256387,0.00020307,0.00070001,9.82e-06,6.233e-05,0.00087017,5.115e-05,0.00167538,0.00521488,8.21e-05
DX.1.2.840.113619.2.369.4.2147483647.1573624572.824757.png,0.24475878,0.04343293,0.00035239,0.00641494,0.0314167,5.293e-05,0.02097986,0.00121335,0.00018118,4.131e-05,0.0034559,0.00104641,2.707e-05,7.761e-05,0.0130123,0.00439964,0.00015446,0.00031372,0.0003574
5DBD3D432634F97.png,0.00128183,0.00185148,0.05115998,5.388e-05,0.8373474,0.0006376,0.03033694,0.2392108,0.00056753,0.00011267,0.00061919,0.07022758,2.809e-05,0.00052359,3.468e-05,0.00010182,0.0050173,0.00085401,0.00010723
5E02B5A23B2C598.png,0.99154466,0.01930068,0.7495071,0.5284195,0.36803645,0.6711012,0.0053012,0.6843932,0.9741261,0.00021551,3.335e-05,0.00289676,0.00413491,0.00083316,0.00014054,0.00024624,0.00183449,0.00257982,0.0054157
DX.1.2.00292520000339235420191019082957254811531.png,0.5053268,0.00751076,0.49105397,0.01477287,0.7406053,0.5988671,0.254161,0.08062943,0.01210329,0.00209514,0.00014214,0.01103375,0.00020194,0.00128019,8.705e-05,0.00066575,0.01179193,0.08769027,0.00018557
DX.1.2.840.113564.920101.20191111083141250300.1003000225002.png,2.532e-05,0.00511454,0.0005885,1.444e-05,0.30798215,0.00016359,0.64304173,0.01079386,4.89e-06,0.01302184,0.02009208,0.02097808,3.47e-05,9.09e-06,0.00139718,0.00015139,0.0067361,0.00261237,0.00021713
5D045B2312582BB.png,0.7444032,0.06664069,0.00138897,0.9882279,0.02412435,0.01584362,0.000192,0.0724814,0.12334469,0.00034864,1.35e-05,0.00026875,7.782e-05,1.762e-05,0.00051757,0.00096502,0.00138044,0.00081709,0.00018326
5DEDA5241A806DE.png,0.00297577,0.5487213,0.00021649,0.01314477,0.03910742,0.03802165,0.00788536,0.13514332,0.00053086,0.00830718,6.983e-05,0.00346201,2.55e-06,5.286e-05,0.00143624,0.00020804,0.00204623,0.00024477,8.53e-06
DX.1.3.46.670589.26.802544.25.20191028.134348.303831.0.png,0.02896076,0.9743606,0.00182429,0.06409861,4.777e-05,0.91176814,3.345e-05,0.03269506,0.00164188,0.17710544,0.00026182,0.0022165,0.00011166,0.00064022,0.01161238,2.567e-05,0.01328088,0.00046823,0.00120807
DX.1.2.840.113619.2.369.4.2147483647.1573093171.847379.png,0.00112654,0.04683941,9.07e-05,0.00016681,0.00012475,0.00018306,0.02514162,5.769e-05,1.593e-05,7.233e-05,0.04417521,0.00147667,3.139e-05,0.00021942,0.01703239,0.00125315,0.00193898,0.00075014,0.00025852
DX.1.2.840.113619.2.369.4.2147483647.1572842711.207187.png,0.00016388,0.0488778,0.00039908,5.376e-05,0.18085282,0.00133848,0.31884807,0.03055968,2.247e-05,0.00063989,0.00083705,0.00365439,6.634e-05,0.00014255,0.00051571,0.00016874,0.00133753,0.00318902,0.00013368
DX.1.3.46.670589.26.802544.25.20191104.125529.306140.0.png,9.346e-05,0.8161177,0.00020804,0.00043594,0.00072127,0.545318,0.01953376,0.12682271,2.214e-05,0.5913838,0.00153096,0.00975717,6.122e-05,0.00023027,0.01235588,9.021e-05,0.18051589,0.00033991,0.00021171
DX.1.2.00257899000341562320191102084306176669343.png,4.055e-05,0.00136069,0.00088978,0.00011541,0.01304951,0.00013594,0.9393695,0.00015425,4.85e-06,0.00129424,0.00270294,0.0072697,1.519e-05,0.0002134,0.00345086,0.00114292,0.00041483,0.00055596,0.00082154
DX.1.2.00318710000344078120191118160834623444031.png,0.00941002,0.02577878,0.00117362,0.02425277,0.01195431,0.00070633,0.64737636,0.00050372,3.589e-05,0.00581691,0.00015456,0.02670592,5.187e-05,0.00061907,0.01720736,0.02738539,0.00049241,0.00011325,0.00057194
CR.1.2.156.600734.516764694.906304.1571229824.57.0.1.png,0.00045348,0.03828806,0.02712463,0.00044277,0.02293834,0.00041033,0.00842025,9.456e-05,1.37e-06,0.0215607,0.00022838,0.7205228,0.00020617,0.00147702,0.03452286,0.00035258,0.03543217,0.00060016,0.00032873
DX.1.2.840.113619.2.369.4.2147483647.1572240099.265725.png,0.01555113,0.00839174,0.01977013,0.00600191,0.5746147,0.00014431,0.36319748,0.0445527,0.00079977,0.00112867,5.391e-05,0.01574226,4.459e-05,7.86e-05,7.491e-05,0.00015477,0.00190415,0.01928268,4.224e-05
DX.1.3.46.670589.26.802544.25.20191104.131518.306154.0.png,0.57817996,0.00125196,0.5810142,0.2365199,0.17931259,0.73475105,0.0045781,0.09009893,0.12712802,0.00107042,8.107e-05,0.00477099,6.663e-05,0.00085707,8.48e-06,3.875e-05,0.00282387,0.04648715,0.00014862
5CF3232F1750FAD.png,0.00482703,0.04061123,0.00646598,0.00061608,0.02480093,0.01071753,0.00177196,0.00039158,0.00072621,0.04445113,0.00033208,0.06347958,2.112e-05,8.423e-05,2.761e-05,2.548e-05,0.23342367,0.00272436,7.12e-06
CR.1.3.12.2.1107.5.3.57.20200.11.201911180816140625.png,0.00239126,0.01861185,0.00825751,0.0008433,0.28638896,0.00433724,0.36932883,0.00618282,5.18e-05,0.0945994,7.08e-05,0.34248555,2.645e-05,0.00018202,0.00074454,0.00027748,0.00818782,0.00082057,4.866e-05
DX.1.2.840.113619.2.369.4.2147483647.1572236059.471646.png,0.46253127,0.03158188,0.00165638,0.19278538,0.03895943,0.00068337,0.00543536,0.0034005,0.00069774,9.24e-06,0.00015539,0.00409658,4.666e-05,0.00011419,0.00147148,0.00971867,0.00077224,0.00174404,8.359e-05
DX.1.2.00306259000342303020191107090404264589312.png,0.00159829,0.05638498,0.00011726,0.00287548,0.00414514,0.5044923,0.00895864,0.00104442,0.00011933,0.77785337,6.347e-05,0.00131927,2.407e-05,0.00010376,0.00045017,0.00095954,0.13455355,0.00120206,0.00026922
DX.1.2.840.113564.920101.20191112090908765740.1003000225002.png,0.47266644,0.00101208,0.02496396,0.00083268,0.02374024,0.01390696,0.00274608,0.00025044,0.00049907,0.03103301,0.00020583,0.05342016,2.772e-05,0.00099908,8.98e-06,0.00016967,0.24032094,0.00138156,1.895e-05
DX.1.2.392.200046.100.2.1.69131194618.191021102604.2.1.1.png,0.00090143,0.00334876,0.00368512,0.00043012,0.5949665,0.00534151,0.3957068,0.00242204,0.00011011,0.09629637,0.0015291,0.00905442,5.246e-05,8.79e-05,0.00021735,0.00018487,0.0310705,0.02859276,0.00011222
CR.1.2.156.600734.516764694.1648.1571650060.7.0.1.png,0.3523442,0.00057946,0.99987113,0.01408169,0.40988728,0.23675306,0.00014017,0.00547046,0.22908522,0.01018773,8.59e-06,0.92780507,0.00075374,0.02988042,0.00042578,0.00020427,0.01276936,0.00078692,0.00095618
DX.1.2.840.113619.2.369.4.2147483647.1572243423.201871.png,8.379e-05,0.50970733,1.572e-05,0.0001103,0.00483058,0.00197301,0.02781457,0.00191617,6.93e-06,0.19505017,0.02141724,0.00231947,1.083e-05,2.315e-05,0.06658858,0.00023643,0.0186172,0.00081648,0.00045163
DX.1.2.392.200046.100.2.1.69131194618.191111152646.1.1.1.png,0.64682454,0.00021081,0.60293525,0.03817063,0.99580926,0.00039404,0.00482541,0.00725064,0.04257366,0.00023559,7.443e-05,0.01026584,5.422e-05,3.142e-05,1.794e-05,0.00037895,0.00043486,0.4942493,7.059e-05
DX.1.2.840.113564.920101.20191118093544187170.1003000225002.png,0.00177531,0.00156818,0.00027685,5.323e-05,0.16614538,0.0018639,0.35495785,0.00181243,4.337e-05,0.01779454,0.0051345,0.00878392,1.035e-05,0.00010104,7.501e-05,0.00051955,0.00664493,0.00219199,2.102e-05
CR.1.3.12.2.1107.5.3.57.20200.11.201911150942130468.png,0.00025101,0.44260585,0.03205305,0.00990188,0.00083789,0.99141055,0.00201937,0.00830215,4.178e-05,0.99756086,2.351e-05,0.0823716,0.00075538,0.00350418,0.00850731,7.95e-06,0.92528045,0.00061149,0.00047869
DX.1.2.840.113564.920101.20191107084517468640.1003000225002.png,0.00386534,0.0043537,0.00028368,4.917e-05,0.00264593,0.00038537,0.02667259,3.92e-05,2.029e-05,0.00076165,0.0008862,0.17896897,1.237e-05,0.00068742,0.0002794,0.00030633,0.0668658,0.00020241,3.605e-05
DX.1.2.840.113619.2.369.4.2147483647.1573619746.349362.png,3.987e-05,0.09681354,0.00044993,4.105e-05,0.09087577,0.00267667,0.86331433,0.02690363,1.07e-06,0.00247056,0.00198899,0.07886862,1.848e-05,4.375e-05,0.00029466,0.00033848,0.00337779,0.00068608,3.736e-05
5D01B1AD26582D5.png,0.00052711,0.00266783,0.00037571,2.345e-05,0.6314682,0.0006145,0.3174375,0.15469062,6.81e-06,0.00146319,0.020228,0.00580562,3.92e-06,6.835e-05,0.00024687,0.00013821,0.00040931,0.00050592,0.00017083
DX.1.2.00286865000343219320191113083157164047546.png,0.03017191,0.00028726,0.00313942,0.04739682,0.00379507,0.000519,0.22788626,0.0001145,0.00012199,0.00073353,0.00039086,0.00135722,2.164e-05,0.00032274,0.00512162,0.02371977,0.00027424,0.00127848,0.00068441
CR.1.2.156.600734.516764694.1648.1572223072.474.0.1.png,0.00032509,0.0005919,0.40491197,0.00012012,0.9580763,0.00029332,0.2521131,0.0018314,4.05e-05,0.000801,0.00036702,0.922632,8.549e-05,7.378e-05,5.834e-05,0.00031091,0.00523093,0.00435857,3.306e-05
DX.1.2.840.113619.2.369.4.2147483647.1573092375.115627.png,0.01050842,0.1799828,0.00107874,0.00046074,0.00285934,0.00389691,0.05692286,0.00519599,0.00039925,0.00149363,0.00014043,0.00420443,4.87e-05,0.00076612,0.00184634,0.0004605,0.00299938,0.00108371,0.00028636
DX.1.2.0030951100033960982019102208264489458734.png,0.00071991,0.0054432,5.874e-05,0.00032373,0.0011877,0.00237871,0.6442601,0.00242746,1.177e-05,0.01607263,0.00547973,0.00518323,2.113e-05,0.000145,0.00133341,0.00017443,0.0070891,0.00016083,0.0013705
DX.1.3.46.670589.26.802544.25.20191106.112745.306803.0.png,0.09139095,0.00829532,0.01196798,0.06183759,0.03910474,0.75430864,0.01313985,0.83090734,0.03333536,0.01705914,0.00024192,0.00019363,0.00028427,0.00142035,7.28e-06,5.25e-06,0.08198284,0.00120977,0.00026183
CR.1.3.12.2.1107.5.3.57.30003.11.201911130819160218.png,0.8246923,0.00121633,0.11846208,0.15450467,0.79381025,0.00324093,0.0281632,0.01289412,0.00778748,0.00020974,0.00015121,0.00510251,4.07e-06,0.00017881,5.74e-06,0.00060892,0.00438362,0.00990888,2.069e-05
DX.1.2.0029259300034136552019110108193188854578.png,0.00029823,0.02567936,0.02101106,0.00083999,0.3430996,0.01263738,0.5797593,0.84557533,0.00037265,9.288e-05,0.00019462,0.00107783,5.175e-05,0.00012413,4.479e-05,0.00023118,0.00014282,0.00067884,0.00049708
DX.1.2.002307630003406167201910280854154975140.png,0.00170704,0.00102046,0.00175139,0.02315668,0.54813385,0.0045543,0.9199466,0.00323134,0.00032856,0.00982239,6.149e-05,0.00218449,3.975e-05,6.805e-05,1.959e-05,0.00018679,0.00227914,0.0038837,0.00015845
DX.1.2.392.200036.9125.4.0.487547258.258762134.2795306561.png,0.92926574,0.00063187,0.99351525,0.00193361,0.6907512,0.00039994,0.02378084,7.694e-05,0.00403575,7.433e-05,1.18e-05,0.05976464,0.00015154,0.09527291,1.895e-05,0.00502901,0.00028669,0.06374616,0.04419428
5DF6EA3B12FC640.png,0.74866813,0.01855354,0.00061661,0.31149933,0.00322302,0.0021047,0.0017418,0.03728457,0.01446258,9.74e-06,0.00041262,2.632e-05,0.00012709,0.00029063,0.00110787,0.00037408,0.00140645,0.0016631,0.00012265
DX.1.2.392.200046.100.2.1.69131194618.191023090221.1.1.1.png,0.38152373,0.0012542,0.03079134,0.00754548,0.84225667,3.362e-05,0.04533072,0.00847021,0.00070536,0.00032666,5.494e-05,0.00279414,0.00015606,0.00605755,0.00037991,0.01178832,6.265e-05,0.09489901,0.00236145
DX.1.2.840.113619.2.369.4.2147483647.1573430084.506685.png,0.11555738,0.11232371,0.00125482,0.0548352,0.00050567,0.00521024,0.00587316,0.00032874,0.00151261,0.00011136,0.00065498,0.00023721,4.35e-06,0.00041196,0.00059812,0.00094071,0.00311984,0.00012447,7.726e-05
DX.1.2.840.113619.2.369.4.2147483647.1572844307.362498.png,0.0008671,0.06959276,0.00043255,3.704e-05,0.00216656,0.01486392,0.00603004,0.00021807,2.882e-05,0.0513074,9.51e-06,0.06309022,1.675e-05,0.00034651,0.00025211,0.00012692,0.20153254,0.00038175,8.9e-06
DX.1.2.00317561000343389220191114075138248027765.png,3.399e-05,0.00103383,6.27e-05,0.00014039,0.07155815,0.00163811,0.948802,0.00102229,3.11e-06,0.0309598,0.00218002,0.00991025,7.94e-06,3.862e-05,0.00332818,0.00021218,0.00411294,0.00082547,0.00031347
DX.1.2.00315529000342249520191106154211202075875.png,0.01160726,0.00122763,0.22413447,0.01564126,0.7043897,0.03224214,0.640672,0.00154538,0.00106758,0.02597185,4.23e-05,0.04853558,0.00037792,0.00015303,0.00014494,8.153e-05,0.00206705,0.00708289,0.00073197
5CFDC01F1A6C1CD.png,0.99010766,0.0156881,0.09588675,0.5547438,0.03041928,0.01249418,0.00014372,0.0033711,0.0073555,1.231e-05,0.00012121,0.0050447,2.64e-06,4.041e-05,6.946e-05,0.01029539,0.00215709,0.00449071,6.029e-05
DX.1.3.46.670589.26.802544.25.20191104.104437.306048.0.png,0.00096372,0.00027138,0.00028403,2.161e-05,0.0078081,0.00035426,0.58643657,0.00105234,3.642e-05,0.00431035,0.02746039,0.00555233,3.117e-05,0.00017062,0.00024432,0.00059092,0.00182767,0.00028533,0.00045324
5DFC14FB1F3CE6E.png,0.00089087,0.0047415,0.21500474,0.00035297,0.98702776,2.906e-05,0.32146877,0.01072977,5.963e-05,0.00016745,0.00027941,0.20666084,2.294e-05,0.00012201,6.709e-05,7.864e-05,0.00046443,0.00928246,6.492e-05
5E250EAE5AC012D.png,0.6996128,0.87777174,0.00099895,0.503204,0.00053838,0.00626035,4.99e-05,0.01851668,0.00070555,0.00285908,5.66e-06,0.00017751,0.0002701,0.0007387,0.07677852,0.00068401,0.00420661,0.00035436,0.00064906
5DD358BE1194771.png,0.7650899,0.05428026,0.00339797,0.8555782,0.0377832,0.08839518,0.0001926,0.10391489,0.03261858,0.00171908,0.00044417,0.0017393,1.497e-05,5.199e-05,0.00016768,0.00093532,0.0024926,0.00032039,4.892e-05
DX.1.2.00292381000339235220191019082552254566078.png,0.00223815,0.12694368,0.00897904,0.00989838,0.02043787,0.18120274,0.45028725,0.01258728,9.258e-05,0.00853167,1.581e-05,0.03203382,0.0001566,0.00319247,5.58e-05,0.00068288,0.00190268,0.01018438,0.00026506
CR.1.3.12.2.1107.5.3.57.20200.11.201910211532080671.png,0.00316693,0.00019726,0.58256906,0.00102959,0.9778762,0.00034581,0.40364495,0.0090941,0.00221235,0.01541815,0.01310649,0.12491048,0.00011543,0.00183232,0.00019537,7.74e-05,0.01260163,0.03698184,0.00010818
5E3124214F3C4DB.png,0.00168056,0.00016691,0.9257437,0.00077862,0.97596246,0.00025941,0.10452615,0.00204416,0.00016015,0.00058981,0.00021635,0.14299981,8.516e-05,0.00176873,0.00020035,0.00035615,0.00046505,0.30485934,0.00030586
DX.1.2.392.200046.100.2.1.69131194618.191118110237.1.1.1.png,0.02705848,0.00041196,0.34608683,0.00260622,0.9997253,0.00140462,0.2417767,0.25564653,0.00756892,0.00121619,3.438e-05,0.01329864,0.00041595,0.00016108,2.865e-05,0.00147616,0.00104964,0.17075893,0.00024397
5DF822F31A70ED7.png,0.00436648,0.007235,0.00024948,0.00040147,0.01811446,0.00043685,0.75179493,0.00142998,1.211e-05,0.00966074,0.00548055,0.01311588,6.34e-06,0.00010008,0.00408748,0.00045765,0.02192636,0.00017734,2.904e-05
DX.1.3.46.670589.26.802544.25.20191112.142435.308525.0.png,0.09710204,0.00054869,0.00128286,0.00016962,0.14823914,0.00039871,0.05465048,0.01203252,0.01267298,0.00040089,0.00043505,0.00972574,0.00051768,0.00625913,0.00089014,0.00075829,0.0010666,0.01013762,0.00735959
DX.1.3.46.670589.26.802544.25.20191113.102546.308868.0.png,0.10003673,0.00142033,0.00117826,0.00915661,0.04779178,0.00751386,0.11816746,0.01782315,0.00266004,0.02294866,0.00335296,0.00078932,0.00014278,0.00069139,4.895e-05,0.00427142,0.00062256,0.00147243,0.0012234
5E0402186174870.png,0.00250469,0.04611686,0.00565733,0.00044763,0.26137045,0.00087783,0.03312212,0.00108019,8.47e-06,0.00063988,0.00376034,0.14716895,3.88e-06,2.296e-05,0.00044901,0.00088042,0.00427938,0.00031557,6.75e-06
DX.1.2.0030991100033955002019102115152827583140.png,0.3694092,0.00723494,0.44270784,0.05772368,0.25380787,0.22122386,0.01018404,0.00080041,0.0101217,0.00803969,5e-06,0.14446701,0.00021952,0.00225226,4.729e-05,0.00017561,0.03053492,0.00563004,4.476e-05
CR.1.3.12.2.1107.5.3.57.20200.11.201911131532500328.png,0.92327183,0.00564461,0.999648,0.983596,0.7038415,0.8000712,0.00024866,0.08216239,0.9004452,0.00393403,1.31e-05,0.00654175,0.00059046,0.02580144,0.00113307,0.00013874,0.01785548,0.01498991,0.0061232
DX.1.2.003118220003416671201911040800311575687.png,0.5817295,0.00067566,0.13297087,0.7421921,0.43893808,0.6836183,0.04213476,0.01039984,0.01764536,0.06642302,7.317e-05,0.05596922,7.743e-05,0.00019735,0.00018133,0.00233635,0.0116916,0.0002723,0.00068769
5E45EA0525DC165.png,0.01587977,0.18915348,8.042e-05,0.00220058,0.00756559,0.00036652,0.10980169,0.04972146,0.00071173,0.000237,0.00043215,0.00138797,8.1e-06,3.211e-05,0.00047517,0.00022195,0.00040894,0.00018526,9.967e-05
DX.1.2.00310975000339869620191023110658185473406.png,0.0014874,0.00850154,0.0018706,0.00293237,0.02082039,0.0013621,0.8087634,0.00254671,4.6e-06,0.00716963,6.787e-05,0.00183245,0.00014424,0.00024997,0.0004433,0.00343702,0.00065007,0.00083539,0.0001959
DX.1.2.0028207600033887452019101708234981643265.png,0.0910316,0.00414924,0.01763622,0.10652646,0.90606385,0.00732874,0.2146591,0.00681928,5.557e-05,0.01739054,7.875e-05,0.00605588,9.096e-05,0.0003672,4.726e-05,0.00138858,0.01560439,0.00153884,0.00015403
DX.1.2.840.113619.2.369.4.2147483647.1573101338.872104.png,0.02179018,0.17971002,0.01367538,0.00738776,0.76656616,0.01199766,0.43869397,0.975563,0.00586956,0.00049425,8.546e-05,0.00059494,4.943e-05,4.883e-05,4.731e-05,0.0001024,0.00036051,0.04625194,9.291e-05
CR.1.2.840.113564.199912075.2019111110090861458.1203801020003.png,0.01743564,0.09014871,0.00100704,0.00168423,0.01067356,0.00050176,0.00089109,0.00141635,9.22e-06,0.00018044,0.0018836,0.00230446,4.61e-06,0.00086765,0.00409678,0.00043962,0.0011767,0.00067596,1.132e-05
DX.1.2.840.113619.2.369.4.2147483647.1574055602.638735.png,0.10184443,0.05463316,6.952e-05,0.00036091,0.00547257,0.00064609,0.02040353,0.01045604,0.0002507,0.00014519,0.00206902,0.00188568,3.5e-06,2.704e-05,0.00082048,0.0003118,0.00058828,0.00030671,3.008e-05
DX.1.2.840.113619.2.369.4.2147483647.1572843004.538377.png,0.00073794,0.12708431,5.229e-05,0.00261938,0.03332409,0.04977226,0.05012984,0.02100147,1.555e-05,0.00813796,9.122e-05,0.04007741,6.6e-06,6.654e-05,2.759e-05,0.00074448,0.02257174,0.0005166,4.48e-06
5B15ECF01D70003.png,0.9735208,0.00565706,0.001663,0.29225877,0.00687764,0.00019023,0.00342152,4.617e-05,0.00939606,2.451e-05,0.0133311,0.00080434,1.88e-05,6.875e-05,0.00161147,0.00268916,0.00094685,0.00103749,0.0006466
DX.1.2.00310961000339868420191023085143177358015.png,0.00189543,0.00079457,0.00154775,0.00077601,0.0010978,0.00013161,0.97906303,9.219e-05,7.766e-05,0.00119798,0.00028506,0.01780536,3.266e-05,0.00206081,0.001632,0.01431881,0.00018643,0.00048804,0.00828086
5C9F29BD1B8C46B.png,0.9438787,0.03404982,0.00610065,0.35298723,0.47463915,0.01062061,0.27663654,0.9956356,0.04217067,0.00011499,7.51e-06,0.0025771,0.00084004,0.00194683,5.636e-05,0.00074656,0.01219917,0.00133086,0.0003307
5D043C991DF036B.png,0.01294512,0.0070151,0.0031411,0.00040407,0.23233315,0.000674,0.06048958,0.0020972,4.486e-05,0.00082556,0.00068032,0.03802051,1.329e-05,0.00051103,0.00052812,0.00030465,0.00363344,0.0011471,0.00010073
CR.1.2.156.600734.516764694.1648.1572855003.1063.0.3.png,0.00018969,0.00348314,0.00883739,0.00010189,0.04036575,9.321e-05,0.03263662,7.2e-05,6.53e-06,0.00053884,0.01323341,0.11627463,2.76e-05,6.988e-05,0.01132979,0.00054101,0.00030956,0.00039198,0.00064699
DX.1.2.840.113619.2.369.4.2147483647.1573453475.960005.png,0.0331115,0.00209066,0.00189872,0.00058887,0.86076784,0.00213004,0.48456663,0.17414755,0.00074763,0.00243985,9.015e-05,0.00946167,3.657e-05,4.4e-05,9.015e-05,6.392e-05,0.00238364,0.00191485,1.344e-05
CR.1.3.12.2.1107.5.3.57.20200.11.201910211435300343.png,0.00067201,0.00108469,0.02608164,1.043e-05,0.62211484,0.00130469,0.7141323,0.00080224,0.00020445,0.09909548,0.00015243,0.34793255,0.00012666,0.0011091,0.00054076,1.77e-05,0.19734032,0.00243583,0.00034413
DX.1.2.840.113564.920101.20191114093355593430.1003000225002.png,0.00072251,0.0008495,0.00050809,6.439e-05,0.34654695,0.00019433,0.90065235,0.00765429,3.21e-06,0.00333536,0.02186924,0.00481087,1.183e-05,8.81e-06,0.00053186,0.00074135,0.00080706,0.00236164,0.00027831
DX.1.2.840.113619.2.369.4.2147483647.1573710642.868772.png,0.00023909,0.04638299,0.00026143,2.729e-05,0.0024514,0.00114217,0.13089502,0.00047721,8.03e-06,0.0002704,0.00732713,0.01512274,7.27e-06,0.00012441,0.00126253,0.00024159,0.00471042,0.00090767,1.869e-05
DX.1.2.392.200046.100.2.1.69131194618.191112084523.1.1.1.png,0.02520115,0.00121225,0.01739372,0.0094593,0.97488,0.00399977,0.01083274,0.00208357,0.00016892,0.00496458,6.989e-05,0.04346489,7.464e-05,0.00102661,5.415e-05,0.00317932,0.00330597,0.50775635,0.001871
DX.1.2.840.113619.2.369.4.2147483647.1572999759.712586.png,0.05999486,0.01422039,0.00161202,0.2131057,0.2235985,0.07374076,0.01001406,0.03923328,0.00145969,0.0147816,2.492e-05,0.00251731,2.361e-05,3.866e-05,1.329e-05,6.042e-05,0.00310207,0.00577588,3.086e-05
DX.1.2.00311586000342656620191109085222436687062.png,0.0593898,0.00019424,0.11396193,0.0009296,0.9314621,0.00026114,0.7581028,0.00242019,5.199e-05,0.00016069,0.00026792,0.25016242,7.061e-05,0.00114222,7.368e-05,0.0003603,0.0017257,0.00421251,7.573e-05
5E1D67353318583.png,0.01218254,0.16439413,0.00014797,0.03080901,0.3984208,0.00062442,0.49413356,0.81537235,6.821e-05,0.01278868,2.84e-05,0.0015565,2.98e-05,2.695e-05,0.00019361,7.87e-05,0.00438808,0.00411594,3.979e-05
5CF5C313A90ADA.png,0.29478693,0.02138786,0.0003393,0.00312081,0.04931466,0.0043862,0.01704904,0.02795615,0.00022237,0.00028287,0.00102162,0.00324634,2.86e-06,1.44e-05,8.295e-05,0.00028521,0.00311972,0.00042339,3.29e-05
DX.1.3.46.670589.26.802544.25.20191114.153241.309354.0.png,0.00151291,0.9735708,0.02206387,0.248558,0.00162885,0.9752236,0.00128865,0.75124294,0.01375202,0.1448603,0.00012488,0.00026663,0.00261414,0.01013058,0.00157422,0.00011642,0.00090096,0.00067191,0.0043931
DX.1.2.840.113564.920101.201911130924356091.1003000225002.png,0.00226318,0.5402282,8.736e-05,0.00021657,0.00018272,0.00078023,0.00291627,0.00016139,1.274e-05,0.00031925,0.00079561,0.00513902,6.95e-06,8.022e-05,0.0069805,0.00051199,0.00453135,0.00021881,2.85e-05
DX.1.3.46.670589.26.802544.25.20191028.123510.303787.0.png,0.16843677,0.02462378,0.00045606,0.0772895,0.00133539,0.16051148,9.857e-05,0.01935968,0.01914465,0.4384252,0.00232561,0.00152366,0.00020089,0.00080386,0.00066257,1.78e-05,0.0286439,0.00074529,0.00067776
CR.1.3.12.2.1107.5.3.57.20200.11.201911041149120562.png,0.00957833,0.16924381,0.00068627,0.00015229,0.00280182,0.03538156,0.00294818,0.0016246,0.00025441,0.04756208,0.01308984,0.00284886,0.00018387,0.00013877,0.00059228,0.00026434,0.00504686,0.00865884,6.189e-05
DX.1.2.840.113619.2.369.4.2147483647.1568169322.75355.png,0.5863206,0.425591,0.01401162,0.9941124,0.05477184,0.0597233,0.00010796,0.10310937,0.01512652,0.00033707,1.55e-05,0.0004726,0.00030128,0.00033894,0.00110249,0.01056403,0.0003108,0.00139576,0.00065958
5C6B660C101058D.png,0.00149523,0.88050795,0.00023294,0.00018741,2.884e-05,0.1847461,0.00029881,0.00752145,0.00024812,0.00045662,0.00080441,0.00051002,2.829e-05,0.00053935,0.00093737,0.00023265,0.01004927,0.00023438,0.00014352
DX.1.3.46.670589.26.802544.25.20191111.91654.307902.0.png,0.9577171,0.04360834,0.03465938,0.9961679,0.3252943,0.9839755,0.00175014,0.9356456,0.5779868,0.00177758,2.764e-05,3.463e-05,0.00046465,6.92e-05,6.91e-05,0.00040466,0.00029022,0.0049046,5.814e-05
5CFE0B7EA00D12.png,0.47420248,0.00437639,0.00642723,0.00405073,0.5281496,0.00089793,0.00796661,0.01377675,0.00079985,7.935e-05,0.00040302,0.00272191,7.3e-06,0.00016634,5.098e-05,6.242e-05,0.00375857,0.00842595,2.631e-05
5D7EDE3241CCB5B.png,0.01950783,0.01146968,0.006065,0.00508933,0.9896638,0.00070839,0.49687117,0.85363394,2.738e-05,0.00031355,0.00060676,0.01352583,3.279e-05,2.032e-05,3.739e-05,0.00018309,0.00067431,0.00165913,0.00014387
DX.1.2.0028260500033888402019101709184884942281.png,0.00375208,0.01062491,0.02770066,0.07837796,0.2027783,0.14827585,0.04841102,0.04758423,0.00048779,0.00524426,1.594e-05,0.00022478,6.308e-05,0.00013058,5.313e-05,0.00157652,0.00090282,0.05151296,0.00010645
5DFED48E17D8435.png,0.5875354,0.00081801,0.06153846,0.00020659,0.02462413,0.00487237,0.01813088,0.00162509,0.5319978,0.00033266,8.274e-05,0.07386196,0.00249853,0.02605828,2.766e-05,5.116e-05,0.0480512,0.00256393,0.0022096
CR.1.2.840.113564.199912075.2019102811311867423.1203801020003.png,0.00038186,0.0013912,0.00052687,2.265e-05,0.00344467,5.041e-05,0.02377744,1.477e-05,6.28e-06,0.0001151,0.00494749,0.00478883,5.61e-06,0.00083039,0.01861278,0.0001457,0.00201278,0.00035963,8.222e-05
DX.1.2.003135090003416876201911040831323436562.png,0.9945747,0.00048855,0.06807112,0.13373853,0.16479713,0.00685878,0.05746452,0.10636622,0.3799571,7.324e-05,1.017e-05,0.00337083,0.00029829,0.00050898,8.9e-06,9.751e-05,0.00111605,0.00389962,0.00016382
5CC8088F1CE8CF5.png,0.00161117,0.00802516,0.001261,0.00073418,0.63950354,0.00054187,0.5364778,0.29796427,1.392e-05,7.494e-05,0.00039257,0.00693193,7.3e-06,0.00011681,7.191e-05,0.00019832,0.00013733,0.00093104,3.322e-05
DX.1.2.840.113619.2.369.4.2147483647.1568185448.797132.png,0.8152608,0.03850737,0.00370069,0.05155676,0.01692637,0.00064459,0.01939902,0.0039352,0.00202862,8.492e-05,0.00554151,0.00032288,7.424e-05,0.00048086,0.00290863,0.00134232,0.00144563,0.00269147,0.00047812
DX.1.2.00292575000339058520191018090950170803718.png,0.02575009,0.00221316,0.00229491,0.0046872,0.15120563,0.00729129,0.9704816,0.00153466,4.833e-05,0.02310847,0.00030753,0.01306356,0.00020105,0.00012502,0.00020634,0.0045454,0.0018351,0.00020866,0.00016396
DX.1.2.840.113619.2.369.4.2147483647.1572231990.444604.png,3.661e-05,0.19849078,1.968e-05,2.42e-05,0.00042708,0.0300014,0.04761116,0.00072146,5.78e-06,0.15672298,0.00030547,0.01567236,4.315e-05,0.00042339,0.00462119,0.00010113,0.02432503,0.00058724,0.00017496
DX.1.2.0030958200033961532019102207371286487218.png,0.00011479,0.00112021,0.00036671,0.00030617,0.00471718,0.00064416,0.9746275,0.00014157,8.26e-06,0.03897848,0.00772663,0.00993751,0.0001181,0.00035303,0.0009894,0.00168782,0.01204983,0.00017178,0.00495937
DX.1.2.840.113619.2.369.4.2147483647.1572243250.98514.png,0.00011834,0.8667454,7.359e-05,5.478e-05,0.00028772,0.03801836,0.0047275,0.00118546,4.938e-05,0.00419403,0.00074076,0.00139692,1.415e-05,4.297e-05,0.6118476,0.00044803,0.00745402,0.00019746,6.079e-05
5DFD6EC84A54C44.png,0.17752483,0.01720971,0.01626175,0.03075183,0.05283771,0.01055398,0.0214111,0.02123772,0.00643056,0.00012454,0.00050894,0.00066774,0.00013014,0.00034042,0.00023424,0.00014037,0.00022281,0.0015118,0.00012443
DX.1.2.840.113564.920101.20191114094631953710.1003000225002.png,0.0024049,0.00286711,0.00045448,0.00020153,0.77707857,0.00038238,0.23682146,0.00375547,3.715e-05,0.01030907,0.00642808,0.03550224,4.18e-06,2.697e-05,0.00016926,0.00063708,0.01655234,0.0005562,1.01e-05
DX.1.2.840.113619.2.369.4.2147483647.1572243291.83231.png,0.00015492,0.30106616,0.00108856,0.00014578,0.6088238,0.00177666,0.8456012,0.2799917,2.777e-05,0.00785081,0.00023522,0.04295596,7.19e-06,0.00010641,0.00032829,0.00056751,0.00512713,0.00045759,2.622e-05
DX.1.2.392.200036.9125.4.0.487525507.1169778070.2795306561.png,0.00345086,0.00253567,0.97527665,0.01622068,0.01006988,0.00010114,0.00704761,2.7e-05,0.00013467,0.00010622,0.00019899,0.00630277,0.00043222,0.4945832,0.01115306,0.01985544,1.555e-05,0.016092,0.56537646
CR.1.2.156.600734.516764694.1648.1572006904.327.0.1.png,0.00015634,0.00171852,0.90764827,0.00057236,0.8680489,0.00051217,0.01851325,4.595e-05,2.727e-05,0.00928698,0.00073579,0.97683525,0.00027389,0.00367083,0.00103278,0.00054464,0.00456889,0.00128284,0.00010383
DX.1.2.840.113564.920101.20191112081335015320.1003000225002.png,0.20385294,0.0018411,0.00033494,0.00128081,0.06070395,2.511e-05,0.00582075,0.0001275,0.00084038,1.545e-05,0.02637178,0.00171903,2.4e-06,7.387e-05,0.00487365,0.00760532,0.00020546,0.00028411,2.401e-05
CR.1.3.12.2.1107.5.3.57.20200.11.201911051118210375.png,4.719e-05,0.7548517,0.00177887,0.00607338,0.00094347,0.22988978,0.00122622,0.02196162,2.791e-05,0.4047585,0.00013996,0.02082066,9.1e-05,0.00143808,0.00095892,2.577e-05,0.10062859,0.0012279,0.00035064
DX.1.2.840.113564.920101.20191111083542328320.1003000225002.png,0.30391517,0.00035859,0.00299024,0.00046879,0.66008544,0.00021399,0.00488313,0.00345904,0.00070133,3.679e-05,0.00144089,0.00394761,5.14e-06,0.0001723,9.841e-05,0.00049156,0.00018324,0.0010977,7.5e-06
5DF841A12580B27.png,0.08675302,0.11419781,0.8771909,0.109121,0.6532769,0.11614305,0.00484822,0.11958887,0.00418248,0.00016708,8.573e-05,0.00480889,0.00025587,0.04773814,6.915e-05,0.00226647,0.00086535,0.4055448,0.00933938
DX.1.3.46.670589.26.802544.25.20191104.113212.306082.0.png,0.02343039,0.02025438,0.02720528,0.02446605,0.8659836,0.0718644,0.2182787,0.99152315,0.00474591,0.00039362,6.943e-05,0.00022498,0.00014927,0.00023496,2.18e-06,5.346e-05,0.00550303,0.01195239,8.308e-05
5CD0002812F03A9.png,0.00213735,0.0054002,0.07550792,0.00237938,0.08464525,0.00100269,0.02516898,0.00055419,4.22e-05,0.00031266,0.0011723,0.00084071,1.532e-05,0.00025158,0.00537617,0.00019294,0.00014648,0.02844331,0.00072377
DX.1.2.840.113619.2.369.4.2147483647.1574020863.838773.png,0.00357806,0.00190372,0.00017875,2.779e-05,0.09619074,4.96e-06,0.63224846,0.00014179,3.665e-05,2.243e-05,0.00076095,0.02079596,3.049e-05,0.00069098,0.00104704,0.00037216,0.00028471,0.00135889,0.00243897
DX.1.3.46.670589.26.802544.25.20191107.142550.307254.0.png,0.01480403,0.00018091,0.00012616,0.00053525,0.0144798,0.00129735,0.5923113,0.00174031,5.999e-05,0.00857921,0.02309102,0.01055249,2.382e-05,0.00062188,0.00011689,0.0062641,0.00736346,0.00023774,0.00033541
CR.1.3.46.670589.26.602199.4.20191113.91711.334449.0.png,0.00014649,0.4082203,0.00011161,0.00043036,0.00062837,0.76659274,0.00448812,0.07540278,3.915e-05,0.9852766,0.00023603,0.00067237,4.645e-05,0.00010607,0.00874949,4.965e-05,0.327481,0.00043316,5.182e-05
DX.1.2.00318207000343578020191115075809334818765.png,0.02240197,0.00657678,0.38524064,0.08065855,0.98446864,0.11974622,0.04539602,0.00433152,0.00538964,0.11703704,0.00012257,0.17154843,0.00020534,4.378e-05,4.499e-05,0.00017277,0.00190462,0.01077035,0.0002819
DX.1.3.46.670589.26.802544.25.20191111.123527.308042.0.png,0.89881545,0.00404502,0.12739848,0.4718252,0.131601,0.6510164,0.00334593,0.0059299,0.4788567,0.0045382,4.033e-05,0.00153014,0.00012394,0.0003831,9.83e-06,1.692e-05,0.01805208,0.01321766,0.00014554
5D880DA7ECC201.png,0.00031379,0.9876003,3.059e-05,0.00024589,3.083e-05,0.00569116,0.00076818,0.00326526,2.378e-05,0.00081219,0.00556978,0.00161127,6.31e-05,3.203e-05,0.04052952,0.00016807,0.00352261,0.00088175,6.01e-05
DX.1.2.00310861000339860320191023072648172263546.png,0.0006185,0.00330303,0.00466882,0.00135079,0.00391611,0.00377727,0.45351055,2.357e-05,4.385e-05,0.06885064,0.00071393,0.0750591,0.00013344,0.002575,0.00144442,0.00075158,0.01669278,0.00023937,0.00578924
CR.1.2.156.600734.516764694.1648.1574044888.2076.0.1.png,0.00389247,0.03185847,0.11610314,0.00128233,0.03198806,0.0008864,0.00050099,0.00159441,2.381e-05,0.00039856,2.703e-05,0.2225805,3.269e-05,8.561e-05,0.00321785,0.00061334,0.0007211,0.00087105,8.75e-06
DX.1.2.392.200046.100.2.1.69131194618.191115092038.1.1.1.png,0.36423388,0.00051361,0.01937245,0.00162097,0.9978809,0.00011413,0.05889468,0.00138331,0.00044408,0.0004344,0.00025234,0.03593312,3.617e-05,6.758e-05,6.115e-05,0.00068956,0.0007702,0.01472764,0.0001428
5E1A78C328308E0.png,0.9814192,0.05474074,0.12207909,0.9991648,0.02139955,0.9823591,5.154e-05,0.7712881,0.9856,0.00798362,4.08e-06,5.006e-05,0.00043783,0.00017748,0.00022629,0.00024162,0.00262937,0.00080533,0.00011711
DX.1.2.392.200046.100.2.1.69131194618.191027165504.2.1.1.png,0.02609865,0.00056501,0.00012705,0.00082628,0.82441574,0.00018018,0.33275878,0.03518918,0.00017396,0.00936521,0.00120852,0.00467486,4.086e-05,0.00019748,0.00011544,0.00031989,0.00206203,0.0017168,4.888e-05
DX.1.2.392.200036.9125.4.0.487565701.2272748950.2795306561.png,0.10630997,0.00040701,0.07689018,0.00275361,0.00119761,3.792e-05,0.13766418,4.772e-05,0.00025718,3.018e-05,0.00044793,0.00196642,0.00015444,0.03787597,0.00333975,0.00151122,8.388e-05,0.00192229,0.36544356
CR.1.3.46.670589.26.602199.4.20191106.85750.334212.0.png,0.00033342,0.02800672,0.00032339,0.00010817,0.00139253,0.06985876,0.01503533,0.00413402,6.028e-05,0.5121319,0.00260074,0.0059027,5.321e-05,7.928e-05,0.0027347,2.695e-05,0.5508575,0.00020332,0.00026049
5B20B49D858960.png,0.1803386,0.04197866,0.00149598,0.12022464,0.00897622,0.09784193,0.00313746,0.01926708,0.00071902,0.00616239,0.0001195,0.00254946,0.00010766,0.00102874,5.831e-05,7.154e-05,0.0173493,0.00037273,0.00037526
DX.1.2.0030962600033961912019102210104395698500.png,0.00012442,0.00078032,0.00232714,0.00011333,0.9534949,0.00022475,0.76290464,0.00530056,4.15e-06,0.00465629,0.00129106,0.04400758,2.184e-05,1.255e-05,0.00060879,0.0003653,0.00193852,0.00116874,3.164e-05
DX.1.2.00311396000340269120191025085546350401203.png,0.00666261,0.00429834,0.00314725,0.10569431,0.07608844,0.15530714,0.2212468,0.00176171,0.00013108,0.50842506,7.596e-05,0.01422404,0.00053762,0.00122651,0.00033797,0.01153529,0.01445078,0.00050189,0.00027222
DX.1.2.840.113619.2.369.4.2147483647.1573628834.7315.png,0.00127811,0.12414114,0.00013349,4.796e-05,0.00023777,0.00050247,0.00428545,8.59e-05,8.914e-05,0.00013363,0.00060646,0.00119659,7.17e-06,0.00024076,0.00548001,0.00045122,0.00074958,0.00120082,9.261e-05
CR.1.2.156.600734.516764694.1648.1573832520.1903.0.1.png,2.262e-05,0.00338319,0.69930035,4.459e-05,0.6088137,0.00053226,0.00447191,0.00024962,7.43e-06,0.00459038,0.00091856,0.8993823,8.372e-05,8.496e-05,0.00135066,0.00010028,0.00277604,0.00429523,0.00020137
CR.1.3.12.2.1107.5.3.57.20200.11.201910221042120062.png,0.00254075,0.04820434,2.835e-05,0.00037386,0.00244433,0.01635562,0.00307405,0.00079111,0.00018949,0.20929167,0.00029992,0.00350511,1.278e-05,0.00016535,0.0014053,6.676e-05,0.14133336,0.00054731,0.00033685
CR.1.2.156.600734.516764694.1648.1572753627.966.0.1.png,0.01347908,0.00215946,0.0315667,0.00242512,0.0216083,0.00011245,0.10268737,0.00075057,8.32e-06,0.00053531,0.00172478,0.03788223,0.00026042,0.00086278,0.00278257,0.14767383,0.00018242,0.00285469,0.0006966
DX.1.2.392.200046.100.2.1.69131194618.191102102124.1.1.1.png,0.01042961,8.793e-05,1.946e-05,0.00084347,0.02701102,0.00015673,0.31048587,0.0027532,6.454e-05,0.00318166,0.17136626,0.00140244,5.61e-06,0.00015449,7.462e-05,0.0118256,0.00116139,0.00192587,0.00037304
DX.1.2.0030960600033961732019102210080595540250.png,0.00015474,0.00266299,0.00012296,0.00042868,0.03502053,0.00101523,0.99404126,0.00182151,8.559e-05,0.0600339,0.000674,0.16989236,0.00013665,0.00034195,0.00029673,0.0008748,0.00893173,0.00064044,0.0027788
DX.1.3.46.670589.26.802544.25.20191107.101617.307116.0.png,0.00919671,0.00087038,0.00031161,0.00026472,0.18931755,0.00160892,0.39696127,0.48849785,0.00022497,0.00057021,0.00062247,0.00056503,1.904e-05,0.00011543,1.795e-05,5.859e-05,0.00032064,0.00054468,0.00030564
5E2649883D7C021.png,0.48509127,0.2549324,0.00069135,0.13753843,0.01829542,0.1447482,0.00013997,0.2619776,0.00174011,0.00178059,6.523e-05,0.00049866,8.61e-06,9.61e-05,0.00249516,0.00047324,0.00117258,0.00031682,2.851e-05
DX.1.2.392.200046.100.2.1.69131194618.191022070517.1.1.1.png,0.25037894,0.06981814,0.00599928,0.01503702,0.00274981,0.00035673,0.02725714,0.0008767,0.00271419,0.00134058,0.0133934,0.00300994,0.00019448,0.00241592,0.00365882,0.01568788,0.00079496,0.00052758,0.00909235
DX.1.2.00287229000340258420191025075753346927796.png,0.09029578,0.00072481,0.00547988,0.09395827,0.52535266,0.003538,0.6436036,0.00149191,0.00057281,0.01300402,8.125e-05,0.00394866,0.00039988,9.859e-05,0.00029423,0.00277461,0.00126222,0.00714506,0.00013483
5E1961BA60047F.png,0.7178501,0.16347268,0.00071118,0.43269357,0.00158872,0.00163682,0.00119694,0.01984026,0.00263856,7.79e-06,0.00037054,6.434e-05,4.312e-05,4.815e-05,0.00654588,0.01913223,6.229e-05,0.00040358,0.00118052
5B21BFEC1E909E4.png,0.02329123,0.8740337,0.00991434,0.34657037,0.01785215,0.14096929,0.00045208,0.91670066,0.01618506,0.00186897,1.22e-05,0.00016872,0.00024408,7.118e-05,0.00085,9.67e-05,0.00029415,0.00012694,0.00019041
DX.1.2.0031172600034143442019110109212192563921.png,0.00074614,0.00123382,0.00104895,6.163e-05,0.13814692,0.0001565,0.75654733,0.0011477,2.186e-05,0.00251053,0.00042694,0.0228678,7.76e-06,0.00031536,0.00083454,0.00082856,0.00101538,0.00021082,9.12e-05
5DCF46044378D67.png,0.7524732,0.93905795,0.00341432,0.966342,0.02581481,0.993295,0.00063931,0.98605055,0.17432202,0.05119818,7.29e-06,0.00010662,0.00043106,2.325e-05,0.00069193,0.00033475,0.00110131,3.963e-05,2.473e-05
CR.1.3.12.2.1107.5.3.57.20200.11.201911041550210765.png,0.97389954,0.00029189,0.99929035,0.4776858,0.63877654,0.9009144,0.00145951,0.01995344,0.94801354,0.00307903,1.194e-05,0.00839089,0.00038856,0.00795695,3.372e-05,2.829e-05,0.00088037,0.00980767,0.00129739
CR.1.3.46.670589.26.602199.4.20191118.93418.334500.0.png,3.013e-05,0.00168614,0.00034999,1.907e-05,0.02260698,0.00120109,0.24301092,0.00232668,1.493e-05,0.00719988,0.03403217,0.02236426,3.57e-06,0.00010255,0.00050733,0.00012121,0.03428286,0.00024707,0.00023186
DX.1.2.00311300000340086720191024081725261699718.png,0.5101932,0.01159455,0.00066355,0.25276765,0.00036752,0.00097671,0.0260541,0.00113782,0.00038658,0.00024775,0.00029865,0.00100378,8.15e-05,0.00032846,0.00604641,0.09577476,0.0002996,0.00084928,0.00043303
5E02B74A141C403.png,9.689e-05,0.108861,7.075e-05,2.774e-05,0.0187076,0.0001338,0.23936062,0.00172918,8.73e-06,0.0011664,0.00167987,0.08505339,9.88e-06,6.051e-05,0.00122493,7.935e-05,0.03393295,0.00043515,1.861e-05
CR.1.3.46.670589.26.602199.4.20191113.81334.334436.0.png,0.00040868,0.00093419,0.00010239,0.00021482,0.4106818,0.00033613,0.8894336,0.04720286,2.609e-05,0.12528947,0.06108592,0.04735742,1.412e-05,7.094e-05,7.062e-05,8.357e-05,0.02338164,0.00078668,0.00026742
DX.1.3.46.670589.26.802544.25.20191111.80728.307852.0.png,0.00031455,0.00099871,0.00312295,5.618e-05,0.5971801,0.00038439,0.5841456,0.04818196,4.08e-06,0.00184876,0.0330963,0.06984953,2.46e-05,0.00010579,5.488e-05,0.00012246,0.00238674,0.00027701,0.0003567
DX.1.2.0030972200033962692019102209132792262000.png,0.00312363,0.01242223,0.0028355,0.1251508,0.1636712,0.00733719,0.1708643,0.10696148,1.462e-05,0.03303083,8.36e-06,0.07956348,0.00023511,0.0004446,4.787e-05,0.00307415,0.01488906,0.00118495,0.00014076
5C1DEC541FEC7CF.png,0.9571238,0.02049852,0.8283104,0.43435833,0.00563053,0.9847031,0.00065361,0.8630382,0.87343454,0.00023249,1.274e-05,0.00765528,0.00066523,0.00219641,3.68e-06,0.00029657,0.06988176,0.00190653,0.00059394
DX.1.2.392.200036.9125.4.0.487541901.1761633686.2795306561.png,0.4417988,0.00964306,0.7302632,0.01330287,0.01521403,2.378e-05,0.00630873,2.263e-05,0.00032634,9.8e-06,8.222e-05,0.00179952,5.83e-05,0.20665511,0.00153594,0.05176576,0.00010389,0.01577552,0.32025835
DX.1.2.840.113564.920101.20191114090645921900.1003000225002.png,0.03816242,0.00337728,0.00030113,0.0441169,0.04371239,0.00775687,0.04558329,0.0107866,7.393e-05,0.06072267,0.00232788,0.00118185,1.839e-05,8.451e-05,2.104e-05,0.00195646,0.00522731,0.0026627,1.523e-05
DX.1.2.840.113564.920101.20191111112207125440.1003000225002.png,0.01042664,0.01122194,0.00529469,0.00039082,0.9412703,0.00079002,0.86722094,0.09554072,0.00065019,0.00638085,0.00071804,0.08624791,2.217e-05,2.874e-05,2.033e-05,9.016e-05,0.00554744,0.00305502,2.79e-05
5D72102C11BC05F.png,0.00106456,0.02513864,0.00101984,0.00018846,0.01969054,2.225e-05,0.017017,0.00184142,1.441e-05,1.781e-05,0.02073672,0.00754015,3.04e-06,5.752e-05,0.00094804,0.00021071,0.00038886,0.00091682,0.0001121
DX.1.2.00311383000340213820191024145030285284734.png,0.00545297,0.0071552,0.00105888,0.04024324,0.03593487,0.022415,0.6769962,0.00045424,6.21e-05,0.2032278,6.792e-05,0.01616718,5.412e-05,0.00044771,0.00091275,0.0020696,0.00913927,0.0005473,8.113e-05
DX.1.3.46.670589.26.802544.25.20191106.113215.306805.0.png,0.00022197,0.02849837,0.00064881,0.00027598,0.01179393,0.0254485,0.01492066,0.02184677,1.829e-05,0.07604959,0.03855912,0.00618579,4.158e-05,5.673e-05,6.073e-05,4.741e-05,0.01130802,0.00011188,0.00014116
DX.1.2.0030977900033963112019102207451486969546.png,0.14376336,0.00181476,0.2444212,0.04013941,0.01579842,0.33156815,0.05149516,5.67e-05,0.01933815,0.04570945,1.295e-05,0.15535077,5.739e-05,0.00366584,0.00049999,0.00049202,0.00996063,0.0002244,0.0011509
CR.1.3.12.2.1107.5.3.57.20200.11.201910231014030468.png,0.01471246,0.04566752,0.00723415,0.00546832,0.00036233,0.5322061,0.00064467,0.00517802,0.0006687,0.7708575,3.255e-05,0.02328752,1.629e-05,0.00266852,0.00127495,2.22e-05,0.6608424,0.00050289,6.886e-05
DX.1.2.840.113564.920101.20191104083249906280.1003000225002.png,0.9981851,0.00063522,0.09138558,0.42542472,0.29685473,0.02833818,0.00086543,0.0642927,0.2488084,0.00073281,2.786e-05,0.00691733,0.00028564,0.00286426,1.332e-05,0.00103444,0.02642859,0.00352846,0.00015089
5C52A50810C82E9.png,0.01134398,0.04331788,0.00011763,0.00193668,0.9420383,0.00054417,0.89953727,0.9647265,0.00027816,0.00037712,0.00020041,0.00074869,6.677e-05,0.00016304,6.176e-05,0.00014095,0.00212845,0.00266281,0.00023102
CR.1.2.156.600734.516764694.1648.1573395659.1478.0.1.png,0.00036424,0.00027654,0.00176487,7.242e-05,0.36391088,3.293e-05,0.06145178,4.36e-05,4.52e-06,0.00047223,0.01305543,0.02325293,5.29e-06,7.556e-05,0.00191724,0.00163284,0.00075055,0.00053316,0.00016316
DX.1.2.392.200046.100.2.1.69131194618.191021162923.1.1.1.png,0.11919136,0.00142243,0.11061195,0.01341749,0.997547,0.00278599,0.14391315,0.02844009,0.00659623,0.00588498,0.00046397,0.06187894,6.614e-05,5.137e-05,3.914e-05,0.00044621,0.0092624,0.03902719,0.00014713
5DD4E4176E0F5A.png,0.9304173,0.06543694,0.52545965,0.76875794,0.67758656,0.96474975,0.09088928,0.9994085,0.10389115,6.175e-05,0.00017907,0.00019928,0.00133113,0.00158776,9.5e-07,0.00056767,0.00069238,0.02435168,0.0014424
DX.1.2.840.113564.920101.20191114101047609280.1003000225002.png,0.00340691,0.00038142,0.00800527,3.8e-05,0.39835927,6.359e-05,0.90524966,0.00076775,8.155e-05,0.00120625,0.00105155,0.29528213,1.972e-05,0.0048838,0.00017311,9.005e-05,0.17124042,0.00319317,0.00021117
5DF740A44D90CA4.png,0.9608356,0.00055934,0.07879888,0.5832617,0.16589487,0.02612097,0.0014579,0.00746566,0.043516,0.00014226,4.288e-05,0.00958576,2.176e-05,0.00095443,5.634e-05,0.00037301,0.00436096,0.00681403,0.0001558
DX.1.3.46.670589.26.802544.25.20191107.80142.307024.0.png,0.0195275,0.00029109,0.00045955,0.00024711,0.14476378,0.00581761,0.73849833,0.05759264,0.00017347,0.01037365,0.00045182,0.00189821,5.67e-05,0.00027618,2.486e-05,0.00013234,0.00141911,0.00296628,0.00096128
5DA7B2BA64D00CB.png,0.00691608,0.99409866,0.00399086,0.04358412,0.00039288,0.4090892,0.00023819,0.00748252,0.00021583,0.01663453,0.00022387,0.00058606,0.00024519,0.00020577,0.02272402,0.00298308,0.00165055,0.00106157,0.00075427
DX.1.2.840.113619.2.369.4.2147483647.1573448494.138493.png,0.41503435,0.0220758,0.09467041,0.00035173,0.01061813,0.00101629,0.20977011,0.00432764,0.00025778,2.148e-05,6.3e-05,0.02268094,8.527e-05,0.00412461,0.00028009,0.00093467,0.00015963,0.00398353,0.00012628
DX.1.2.840.113619.2.369.4.2147483647.1574039348.47252.png,0.81461126,0.06939686,0.02614841,0.9833735,0.88952315,0.65894353,0.0005987,0.35134467,0.08084172,0.01701753,0.00018028,0.02584385,0.00011672,0.00029486,0.00030997,0.00018211,0.00622298,0.00212013,8.976e-05
5D48CC9747101AC.png,0.22845992,0.02207594,0.00679179,0.07829956,0.03095936,0.00405598,0.0092649,0.7217022,0.05807998,3.77e-06,0.00098908,9.924e-05,0.00011928,0.00017776,0.00118593,0.0011009,0.00013443,0.0004504,0.00024686
DX.1.3.46.670589.26.802544.25.20191118.94240.310163.0.png,0.9910936,3.01e-05,0.9881772,0.95918286,0.14671858,0.08551297,0.0060251,0.00153768,0.7874775,1.077e-05,1.98e-05,0.00012815,3.94e-06,0.00350222,7.72e-06,0.00224047,0.00055289,0.01617062,0.00046172
DX.1.2.840.113619.2.369.4.2147483647.1573456495.133342.png,0.00484097,0.00512532,0.01102777,0.00032423,0.00926194,0.00078773,0.13982363,0.00200389,0.0002313,0.00046548,0.00028151,0.00188445,1.358e-05,0.00060546,0.00018807,0.00186639,0.00104913,0.00219054,2.555e-05
CR.1.2.156.600734.516764694.1648.1571880915.216.0.3.png,0.01205382,0.00724422,0.65505195,5.168e-05,0.02098735,0.00018607,0.00449719,1.257e-05,0.00045303,0.00092071,4.75e-05,0.98195314,2.857e-05,0.01067382,0.00127108,0.00046666,0.04054243,7.151e-05,7.691e-05
DX.1.3.46.670589.26.802544.25.20191114.111952.309247.0.png,0.00093025,0.0020725,0.00017442,0.00027618,0.05679127,0.00098943,0.6637394,0.07493626,9.273e-05,0.00512726,0.02100708,0.00155643,1.203e-05,2.868e-05,5.892e-05,0.00809143,0.00273921,0.00050118,0.000147
DX.1.2.840.113564.920101.20191111150142203850.1003000225002.png,0.03464347,0.00387725,0.0013589,0.00269551,0.05425323,0.00237854,0.03604418,0.00406348,0.00020338,0.00273146,0.00122525,0.00088975,3.204e-05,0.00023334,0.00024189,0.00936239,0.00082399,0.00490466,6.796e-05
DX.1.2.003059780003405924201910280909265886140.png,0.02302621,0.00168643,0.00205613,0.00163989,0.02922098,4.346e-05,0.66745573,0.00199047,1.673e-05,0.00010347,0.00025164,0.00178809,2.98e-06,0.00096416,0.00104988,0.0026582,0.00051338,0.00099221,0.00038239
5C4825811458B42.png,0.872849,0.3222007,0.00948886,0.16366951,0.00175286,0.2070059,5.021e-05,0.08503723,0.11872098,0.00010825,0.00015431,0.00029713,2.861e-05,9.532e-05,0.02223343,0.00013925,0.00043472,4.307e-05,0.00035051
5DFC40726704697.png,0.23230635,0.3635568,0.0002987,0.00294401,0.00314715,0.00416631,0.00012807,0.00725642,0.01017404,0.00056624,0.00213538,0.00291256,2.333e-05,0.00626242,0.00383214,0.00010895,0.00074886,6.735e-05,0.00028489
DX.1.2.0031196800034080962019102909171492754062.png,0.00022951,0.00055791,0.00070436,0.00015095,0.01991032,0.00013667,0.9263796,4.649e-05,4.09e-06,0.01121542,0.00787059,0.03446186,4.085e-05,0.00023604,0.00575542,0.00205696,0.00194572,0.00030804,0.00084087
5C9237991CC0787.png,0.42665008,0.0035389,0.04547348,0.00059844,0.69911265,0.0001546,0.18808287,0.00104484,0.00455161,0.00017163,0.00028305,0.00769853,4.114e-05,0.00036267,1.707e-05,0.00424175,0.00112542,0.0385017,0.01043177
5D311A1C30B01BF.png,0.54518056,0.00071939,0.21494833,0.01420518,0.37457624,0.04832672,0.08571621,0.8979987,0.01249432,0.00061563,0.00134053,0.01747374,0.00063286,0.00983504,1.586e-05,8.712e-05,0.0025676,0.0060813,0.00078897
DX.1.2.00311507000340221420191024152037287092109.png,0.6144764,0.01442337,0.03750812,0.79818016,0.04455468,0.00717989,0.00239515,0.00368288,0.00029957,0.00094433,1.984e-05,0.03046143,0.00010489,0.00059118,0.00180172,0.03030653,0.00138597,0.00315847,0.00024121
CR.1.2.156.600734.516764694.1648.1573178466.1316.0.1.png,0.0012196,0.00233688,0.9892705,0.00612525,0.99985874,0.00622022,0.01257343,0.05957988,0.00067158,0.00173146,6.385e-05,0.93867224,0.00040886,0.00037167,0.00010948,0.00403389,0.00120602,0.00889782,6.716e-05
CR.1.2.156.600734.516764694.1648.1571968221.279.0.1.png,0.98332465,0.0055015,0.9992095,0.74036795,0.92756873,0.90861386,0.00018049,0.0875386,0.43867615,0.00050826,4.8e-06,0.15600154,0.00391131,0.00522496,0.00027576,0.00066668,0.00099781,0.00355831,0.00386415
DX.1.2.840.113619.2.369.4.2147483647.1572239748.283859.png,0.8680826,0.01653326,0.00141583,0.08519701,0.0320185,0.00117224,0.0007054,0.01768902,0.00565599,0.00023105,0.00034038,0.00142818,0.00017192,0.00053547,0.0002572,0.00151671,0.00014089,0.00197312,0.0002788
DX.1.3.46.670589.26.802544.25.20191107.144654.307270.0.png,0.9986638,8.291e-05,0.9729284,0.84848535,0.18532947,0.692149,0.03437022,0.00824374,0.9958793,0.00096814,0.00023402,0.0548371,0.00103647,0.14069185,2.337e-05,0.00154827,0.09948162,0.00115491,0.00096054
5DFC3102238CA12.png,0.00010418,0.01027399,0.00045106,6.701e-05,0.29248914,0.00136286,0.15958083,0.02538712,1.75e-06,0.01801084,0.00941726,0.10962451,9.7e-06,4.636e-05,0.0001071,4.616e-05,0.08102878,0.00011242,2.638e-05
DX.1.2.840.113619.2.369.4.2147483647.1573432776.919360.png,0.97229594,0.05417196,0.02674278,0.97414106,0.01877685,0.4625276,0.00262846,0.26732257,0.30716318,5.9e-06,1.713e-05,0.0006732,2.26e-05,0.00049941,0.00041222,0.00870664,0.00023024,0.00040593,0.00013648
DX.1.2.392.200036.9125.4.0.487528576.3508954518.2795306561.png,0.26900786,0.012142,0.99956065,0.01342921,0.57664084,0.00835348,0.00959598,7.484e-05,0.00740231,1.035e-05,0.00014708,0.01747818,0.00021508,0.20810434,0.00040228,0.0043665,4.026e-05,0.09323302,0.24556488
CR.1.3.12.2.1107.5.3.57.20200.11.201911111143430500.png,0.8074079,0.14548138,0.39227805,0.9157691,0.00257032,0.99373746,9.516e-05,0.03194829,0.36916965,0.01129158,4.682e-05,0.00011948,0.0001623,0.00112815,0.00085404,3.596e-05,0.00222803,0.00163901,0.00161552
5DD34CE83AF08A9.png,0.29608962,0.02608698,2.57e-05,0.22438726,0.08674549,0.00606292,0.01906582,0.01414734,0.00088359,0.00475492,0.00224122,0.00105563,2.483e-05,3.377e-05,0.0003748,0.0064972,0.00458062,0.00051287,2.497e-05
DX.1.2.0031316300034135542019103116005730140156.png,0.6476741,0.00143204,0.00039475,0.18174563,0.02112093,0.00028897,0.16245233,0.00294428,0.00130746,0.00116761,0.00014636,0.00146435,5.539e-05,0.00022841,0.00477948,0.01498599,0.00015438,0.00036221,0.00033861
DX.1.2.392.200046.100.2.1.69131194618.191020081123.1.1.1.png,0.0011825,0.00070805,0.02233539,0.00237108,0.7265998,0.00088289,0.9695255,0.00269053,0.00010478,0.00470599,0.00107528,0.01887651,2.91e-05,0.00011464,0.00013549,0.00172827,0.00130422,0.03099472,0.00027651
5E0E8B5313044C8.png,0.96769506,0.00808282,0.07005766,0.02548897,0.00931487,0.02440008,0.00420292,0.0514441,0.1956317,0.00175763,5.93e-05,0.04489764,0.00015244,0.00044714,0.00100669,8.384e-05,0.03191981,0.00029476,0.00010738
DX.1.2.392.200046.100.2.1.69131194618.191030085639.1.1.1.png,0.3988922,0.00209567,0.0732716,0.00417156,0.9839263,0.00022261,0.0166039,0.01168185,0.00072689,0.0005832,0.00024105,0.01451784,4.021e-05,0.00181137,3.671e-05,0.00096715,0.00530469,0.04439922,0.00091088
DX.1.2.392.200046.100.2.1.69131194618.191016162338.3.1.1.png,0.9779041,0.00293712,0.00235491,0.57122886,0.9992386,0.00030972,0.00103871,0.15362667,0.00758492,0.01767206,0.00014021,0.00074032,0.00012075,0.00010453,3.971e-05,0.01897901,0.00376132,0.06843868,5.895e-05
5C79D15E1C742B8.png,0.31389073,0.01009196,0.7472817,0.06609094,0.7512574,0.00421553,0.0353248,0.01534648,0.01070534,6.616e-05,5.035e-05,0.0030614,2.17e-05,0.00036042,0.00030313,0.00038421,0.0010283,0.04554882,0.00019002
5BB5737C10D8ACB.png,0.00031651,0.13813552,0.00085897,7.865e-05,0.20011055,0.00077456,0.63905185,0.9552668,0.00013656,0.00021676,0.00112568,0.00153958,1.179e-05,1.047e-05,0.00034355,0.00010582,0.00070602,0.0016535,5.152e-05
DX.1.2.840.113619.2.369.4.2147483647.1568121034.203520.png,0.49748567,0.00498439,0.00691983,0.0080779,0.02220677,0.00026645,0.01251276,0.00144575,0.00034553,1.9e-05,0.02323436,0.00175401,5.215e-05,0.0002171,0.00029806,0.01196711,4.124e-05,0.00149651,0.00061751
5D1029502330375.png,0.09198505,0.01748439,0.00217294,0.04761434,0.00667531,0.00086235,0.0720776,0.00271622,0.00061236,0.00030149,0.00017159,0.00014265,6.62e-05,0.00019007,0.0027895,0.00034023,0.00018289,0.0223094,0.0008166
DX.1.2.840.113564.920101.20191111082231593140.1003000225002.png,3.808e-05,0.01451827,0.00013847,4.124e-05,0.90203214,0.00167426,0.44654605,0.02557012,5.74e-06,0.02670412,0.02043648,0.03122911,9.45e-06,1.36e-05,0.00050729,0.00036025,0.08296828,0.00114341,1.897e-05
5D12C3F0609C2E9.png,0.00190427,0.00183822,0.02648198,0.00011778,0.7298417,1.101e-05,0.0919755,0.00074967,7.54e-06,0.00018807,0.00076608,0.09695161,7.61e-06,0.0001268,0.0003257,0.00016772,0.00302998,0.00097249,2.472e-05
5E5863CD1D984C1.png,0.5768301,0.7876468,0.00676906,0.35598597,0.00169387,0.15827793,0.00017753,0.10099442,0.0338611,9.266e-05,0.00016746,0.00052844,0.00028023,0.0014193,0.02716026,0.00305206,0.00015341,0.00045465,0.00030269
5E1D1836188C133.png,0.08679824,0.5633925,6.84e-06,0.05431795,0.00765222,0.01020883,0.00014912,0.01689722,0.00072375,0.00369028,0.00229605,0.00025433,2.209e-05,3.907e-05,0.00650552,0.00016155,0.00248978,0.00015902,7.804e-05
CR.1.3.12.2.1107.5.3.57.20200.11.201910251026140937.png,0.00039677,0.00138617,0.0020843,4.012e-05,0.60411215,0.00030536,0.95978,0.0135258,0.00019323,0.02415225,0.00334972,0.02987587,3.956e-05,6.587e-05,0.00021514,0.00011496,0.00423634,0.00869546,0.00010983
5BEA1D5B21D8577.png,0.9272662,0.00594358,0.00014158,0.02348529,0.01192326,5.402e-05,0.00072501,0.00017075,0.00252823,3.719e-05,0.00680929,0.00104386,9.2e-07,3.584e-05,0.00160461,0.00031948,0.00231874,0.00033753,1.104e-05
DX.1.2.0030961900033961852019102208073188306453.png,0.001272,0.01477653,0.00028981,0.00770477,0.00160814,0.00148245,0.8387628,0.0053781,0.00024871,0.003459,0.00031998,0.02921992,0.00010574,0.00235576,0.0006032,0.0013048,0.0061644,0.00048477,0.00211111
DX.1.2.392.200046.100.2.1.69131194618.191021170506.1.1.1.png,0.01022979,0.01909128,0.00014255,0.00074684,0.18675418,0.00033539,0.08942874,0.00592033,1.421e-05,0.00384643,0.01349737,0.00484996,7.25e-06,0.00019021,0.00355859,0.00516618,0.00116934,0.00046964,0.00024882
CR.1.3.12.2.1107.5.3.57.20200.11.201910240855390828.png,0.06126796,0.00516811,0.58583295,0.00262443,0.02918297,0.2528392,0.01674275,0.0089853,0.00405206,0.17616,9.64e-06,0.01213601,0.00042086,0.00136382,0.00029542,2.027e-05,0.13896376,0.00436721,0.00037005
5D0D7C8C1CC4948.png,0.8100258,0.00080383,0.93663573,0.04166624,0.73192936,0.06323724,0.00127547,0.22886655,0.04978248,1.451e-05,6.771e-05,0.0039906,1.645e-05,0.00139109,1.047e-05,0.001231,0.00041536,0.02598858,0.00070105
CR.1.3.12.2.1107.5.3.57.20200.11.201910251004140921.png,0.07007847,0.03671108,5.22e-05,0.00063442,0.00142195,0.00586317,0.00246878,0.00109334,4.107e-05,0.00290377,0.01248234,0.00962916,9.165e-05,0.00015992,0.00438838,0.00934536,0.00879619,0.00183961,0.00037838
CR.1.3.12.2.1107.5.3.57.20200.11.201911130858320437.png,0.6455506,0.04648062,0.9980383,0.95680815,0.19368207,0.9990044,0.00941037,0.9472812,0.9915388,0.33272228,1.731e-05,0.00312755,0.00496262,0.22743934,0.00081218,6.544e-05,0.0102209,0.00668874,0.00270396
5CFDB08A6DC3DD.png,0.8701926,0.01656005,0.2694512,0.9985203,0.9752425,0.35020715,0.0017641,0.9209184,0.3988672,4.956e-05,4.16e-05,2.828e-05,0.00582126,0.00025694,5.551e-05,0.00602774,0.00010672,0.02816259,0.00075255
DX.1.2.840.113619.2.369.4.2147483647.1574062867.904110.png,0.76027286,0.03144516,0.00055429,0.00257028,0.00165348,6.769e-05,0.002864,0.00086681,0.00017656,1.878e-05,0.00033578,0.00209443,1.703e-05,0.00098374,0.0172569,0.00196283,0.00028206,0.00020231,0.00023416
CR.1.3.46.670589.26.602199.4.20190910.100859.331890.0.png,0.00050368,0.08780672,5.935e-05,3.732e-05,0.00031835,0.01304341,0.00183081,0.0002363,3.567e-05,0.1594263,0.02784715,0.00117392,3.219e-05,2.779e-05,0.00333154,4.024e-05,0.13918756,0.00061149,0.00012478
DX.1.2.00289075000343907820191118083259596109640.png,0.025535,0.15296571,0.00055083,0.02173287,0.00491705,0.00049078,0.02814538,0.00066984,5.521e-05,0.00051113,0.00046527,0.03077134,1.828e-05,0.00031104,0.00195229,0.1122022,0.00023341,9.923e-05,0.00031451
5B4152561F2CC40.png,0.8728244,0.43245587,0.07827807,0.9353244,0.00572467,0.53661716,0.00093485,0.6086747,0.09063911,0.0002737,1.54e-05,0.00042042,0.000155,0.00013554,0.00010035,0.00119637,0.00459656,0.00103146,0.00015719
CR.1.3.46.670589.26.602199.4.20191114.95803.334462.0.png,0.01485038,0.01990578,0.00093668,0.00081736,0.00327578,0.0018618,0.04123962,0.01925954,0.00039664,0.00064911,0.00782632,0.00035571,3.991e-05,6.246e-05,0.0001772,0.00012857,0.00463536,0.00034691,0.00024352
CR.1.3.12.2.1107.5.3.57.20200.11.201910181603280203.png,0.02057499,0.07150416,0.00470723,0.00173994,6e-05,0.18767273,0.01064772,0.00295786,0.00110348,0.0057251,8.458e-05,0.0083008,0.00016198,0.00570337,0.00039029,0.00013757,0.01312937,0.00065571,0.00348504
DX.1.3.46.670589.26.802544.25.20190910.210015.290713.0.png,0.00333036,0.0105079,0.00013899,0.00032243,0.00105559,0.00492944,0.0699774,0.00520714,2.894e-05,0.00172405,0.00212657,0.0008144,0.00026624,0.00025144,0.00041513,0.00197181,0.00143228,0.00020538,0.00034519
5C99E69224209EE.png,0.19208126,0.28109008,0.0001813,0.00145786,0.00106789,0.001386,0.00278011,0.05240015,0.00208911,1.633e-05,0.00111772,0.00254774,1.154e-05,0.00092113,0.01012087,0.00077815,0.00048499,8.58e-06,0.00013512
DX.1.3.46.670589.26.802544.25.20191107.120108.307193.0.png,0.00230776,0.0574453,0.00259108,0.00020645,0.04505477,0.01941736,0.08542868,0.21293017,6.81e-05,0.000391,0.00812276,0.01343772,6.806e-05,0.00025124,0.00014464,0.00017246,0.00200848,0.00071839,0.00086378
DX.1.2.840.113619.2.369.4.2147483647.1572824959.418785.png,0.00110509,0.00767159,8.243e-05,0.00045052,0.00300429,0.000572,0.21166256,0.00052454,5.695e-05,0.00050351,0.07575094,0.00330674,3.339e-05,0.00018584,0.00088893,0.00210868,0.00272948,0.00043559,3.093e-05
CR.1.2.156.600734.516764694.1648.1572440547.733.0.1.png,0.00096335,0.00098739,0.9672152,0.00072076,0.9820624,0.00248871,0.05580609,0.00294453,0.00014038,0.00186549,9.295e-05,0.96890765,0.00011398,0.00043755,3.33e-05,0.00021966,0.00702669,0.00278563,7.956e-05
DX.1.2.392.200036.9125.4.0.487539316.1069442454.2795306561.png,0.0765915,3.717e-05,0.00141296,0.00080824,0.07401564,0.00010827,0.9246481,0.00011857,0.00021083,0.0035152,0.00264169,0.03305366,2.361e-05,0.00094473,0.00117187,0.00037033,0.00396218,0.00026215,0.03778487
5B21BC6415003B.png,0.02016557,0.4371875,0.00175853,0.00162782,0.00020913,0.01221176,0.00035481,0.0007979,0.00026282,4.411e-05,0.00644572,0.00044565,8.82e-06,0.0003409,0.01473657,0.00410274,0.00025824,0.0001358,0.00031588
CR.1.3.12.2.1107.5.3.57.20200.11.201911071625240468.png,0.02186046,0.00897884,0.01951606,0.01114934,0.13389315,0.00050005,0.0113492,0.01062644,0.00057077,0.00197004,3.211e-05,0.01247089,4.794e-05,0.00096067,0.00885978,0.00037893,0.00223391,0.00256027,0.00025178
5B4845C0EA428D.png,0.0001944,0.02662665,0.00014939,1.299e-05,0.02230728,0.0001049,0.02159336,0.00050039,6.61e-06,0.00062402,0.04853414,0.01294373,2.75e-06,1.794e-05,0.00618888,3.758e-05,0.00920001,0.00012513,3.616e-05
DX.1.2.840.113564.920101.20191118081651390120.1003000225002.png,0.31656295,0.00018943,0.0026866,0.00015908,0.78577095,0.00046326,0.67307067,0.00414107,0.00086724,0.00053698,0.00054795,0.00434058,1.879e-05,0.00131714,0.00019757,0.00322914,0.00011189,0.00101919,0.0002849
DX.1.2.840.113564.920102.201911050839532185.1003000225002.png,0.0033192,0.00450121,0.00103932,0.00056556,0.00334576,0.00222879,0.12252693,0.00039046,7.733e-05,0.0444628,0.00541881,0.01210669,0.00024102,0.00082378,0.00183558,0.00919379,0.00426979,0.00403604,0.00050842
5B8CDB18160CECB.png,0.4401256,0.00225808,0.02266032,0.09566365,0.7328989,0.00199876,0.0028896,0.02082658,0.0001583,4.55e-05,0.00140937,0.00209493,9.52e-06,2.005e-05,0.00011124,0.01331314,0.00011087,0.00977833,5.072e-05
5B87A66C1F74E30.png,0.8998127,0.00062525,0.00040024,0.0471049,0.07030999,0.00227077,0.36557257,0.01106024,0.34381157,0.00083288,0.00031429,0.00227175,3.425e-05,4.441e-05,6.81e-06,0.0012442,0.00520671,0.00070697,0.00030369
DX.1.2.0030969300033962432019102208474990723750.png,0.17792761,0.00054746,0.01162693,0.02487288,0.00520493,0.00430372,0.94439965,4.204e-05,0.0099269,0.00326005,0.00018493,0.05231974,2.84e-05,0.00065507,4.605e-05,0.00098417,0.01166986,0.00015044,0.00214929
DX.1.2.0029252300034139032019110108575091152906.png,0.9762278,0.00015917,0.98620343,0.01164634,0.9738638,0.10717429,0.01330324,0.04715139,0.12184052,0.00022463,8.63e-06,0.23390941,0.0004741,0.00771554,1.131e-05,0.00035127,0.0065521,0.07017345,0.00054498
5DBD3EF754105CC.png,0.00202011,0.16411586,0.00151485,7.292e-05,0.000536,0.0002032,0.03281472,0.00037849,0.00017473,8.454e-05,0.00134772,0.00120721,1.566e-05,0.00055683,0.13900417,0.00012703,0.0008084,0.00088594,0.00750494
DX.1.2.840.113619.2.369.4.2147483647.1573448426.897323.png,0.00339122,0.00470188,0.00045521,0.00054389,0.745244,0.00014038,0.6839,0.03917319,4.07e-06,0.00016653,0.00237357,0.0096017,8.62e-06,6.747e-05,8.138e-05,0.00121949,0.00038103,0.0007514,4.276e-05
DX.1.2.00311095000340276520191025091946351841015.png,0.06899813,0.00329636,0.00181399,0.00675297,0.00306939,4.317e-05,0.05681442,0.0024489,0.00013032,0.00012268,0.00159533,0.00036467,5.307e-05,0.00027856,0.00745805,0.01155938,5.548e-05,0.00179375,0.0005951
5DFC2CBD4DF41A2.png,0.00950841,0.24331394,0.00189838,0.18623023,0.9057968,0.58252263,0.01378182,0.97470313,0.00067629,0.86669,1.704e-05,0.00958156,3.498e-05,0.003975,0.00037934,5.478e-05,0.9328094,0.0001217,7.284e-05
CR.1.3.12.2.1107.5.3.57.30003.11.201911120910030062.png,0.00294307,0.00372658,0.00341436,4.551e-05,0.502426,0.00080395,0.7572504,0.04189537,0.00010903,0.00481837,0.00200996,0.00130235,1.605e-05,1.798e-05,0.00031192,0.00015117,0.00092186,0.01475732,0.00020404
CR.1.2.156.600734.516764694.533640.1571623890.84.0.1.png,0.01967382,0.01259697,0.2044671,0.00947388,0.18096852,7.479e-05,0.0005567,0.00018394,8.629e-05,0.00011156,0.0004598,0.17678574,1.283e-05,0.00046819,0.04787384,0.00616424,0.00015338,0.00020279,8.63e-05
5C95E121146C860.png,0.9998224,0.07241784,0.29126078,0.99860674,0.03441599,0.92709315,0.02508418,0.98040146,0.993351,0.00044876,0.00020788,0.00222748,0.00471223,0.00297945,0.00070125,0.00322647,0.0006118,0.00052296,0.00085952
DX.1.2.0030973800033962832019102209584994984437.png,8.193e-05,0.01204588,6.09e-05,7.361e-05,0.00405315,0.00105467,0.43214828,0.00024329,1.492e-05,0.02277278,0.01348741,0.00391127,1.241e-05,8.022e-05,0.016833,0.00071642,0.01290358,0.00139448,0.00019514
CR.1.3.46.670589.26.602199.4.20191113.83131.334438.0.png,0.93918014,9.769e-05,0.02057694,0.00041411,0.15856847,0.00177853,0.00351358,0.00131734,0.7576076,0.00016339,0.0001024,0.01259809,1.337e-05,0.00084451,2.508e-05,3.572e-05,0.00949948,0.00049848,7.263e-05
CR.1.2.156.600734.516764694.1648.1573547268.1683.0.1.png,0.00043964,0.00029074,0.04600425,3.901e-05,0.38932672,0.00014929,0.11514816,0.00075173,3.17e-06,0.0006947,0.00185418,0.44575977,0.00022342,8.198e-05,0.00037989,0.00084862,0.00460209,0.00035993,0.00017177
CR.1.3.46.670589.26.602199.4.20190910.75525.331804.0.png,0.9414165,0.03085568,0.01255305,0.12514578,0.02601448,0.2570285,0.0015099,0.0264846,0.5807167,0.00679662,2.762e-05,0.00078739,0.00012066,0.00036061,1.435e-05,1.908e-05,0.0537445,0.00097566,6.247e-05
DX.1.2.392.200036.9125.4.0.487586187.264201622.2795306561.png,0.13570558,0.00078811,0.73571485,0.00020808,0.10539089,1.723e-05,0.39011157,4.409e-05,5.01e-05,3.549e-05,2.495e-05,0.01032108,6.141e-05,0.00902546,0.00031609,0.00435024,5.37e-05,0.08198714,0.01063255
DX.1.2.392.200046.100.2.1.69131194618.191016154415.1.1.1.png,0.01307433,0.00289695,0.00107087,0.00029003,0.9749996,0.00067397,0.60801715,0.0692403,6.451e-05,0.00954414,0.00014919,0.0402408,4.99e-06,0.00027522,3.893e-05,3.228e-05,0.0206531,0.0039633,1.145e-05
DX.1.2.840.113619.2.369.4.2147483647.1573107412.772273.png,0.1504381,0.08026666,0.00028765,0.01234303,0.5500129,0.00025948,0.01173363,0.00345742,9.688e-05,0.00040367,0.05582678,0.00134669,0.00075701,9.65e-05,0.00135932,0.01064745,0.00767648,0.00238863,0.00026741
5E17E3BF32900ED.png,0.00647053,0.00070786,0.90227455,0.00029901,0.99049544,0.0007864,0.09328887,0.03212464,0.00228929,0.00023462,0.00011408,0.1731916,6.06e-05,0.00050508,8.61e-06,0.00027456,0.00205624,0.12217543,0.00031838
CR.1.3.12.2.1107.5.3.57.20200.11.201910221440270312.png,0.00119665,0.00257206,0.0266258,8.316e-05,0.727715,0.00239658,0.70437753,0.01413579,0.00366151,0.00287231,0.00011498,0.00457389,0.00042221,0.00048954,2.81e-05,4.61e-05,0.00959452,0.0749668,0.00182219
DX.1.2.392.200046.100.2.1.69131194618.191031083352.1.1.1.png,0.00048847,0.00516901,0.00232706,5.936e-05,0.86843187,0.00012173,0.96063304,0.05180518,4.304e-05,0.00146394,0.00163245,0.0079536,2.895e-05,4.725e-05,0.00010626,0.00015076,0.00419033,0.01539185,0.00021689
DX.1.2.0030973600033962812019102209515894572875.png,0.00012994,0.00042752,0.00110404,5.883e-05,0.00981779,0.00011671,0.9641699,0.00027823,6.103e-05,0.00064496,0.00062069,0.00532403,2.267e-05,0.00143767,0.00117851,0.00043831,0.00725012,0.00057678,0.00238367
DX.1.2.0031212900034082422019102911100499524609.png,1.857e-05,0.00044658,0.00025942,1.034e-05,0.03765957,0.00035621,0.9307776,0.00011695,9.53e-06,0.00468365,0.01894244,0.00331739,1.012e-05,0.00012116,0.00093597,0.00013323,0.00277771,0.00086995,0.00093757
CR.1.3.12.2.1107.5.3.57.20200.11.201910241634150109.png,0.75394213,0.00339822,0.45008072,0.23061953,0.06215357,0.0627335,0.01539985,0.01873581,0.02406903,0.00501682,1.753e-05,0.08190991,8.701e-05,0.0012603,0.00082801,2.684e-05,0.0244427,0.00041414,0.00030785
DX.1.3.46.670589.26.802544.25.20191107.113541.307178.0.png,0.05376982,0.00040993,0.02044384,0.00144825,0.00330399,0.000311,0.1304068,0.00417193,0.00038197,7.338e-05,0.00161553,0.00052664,8.685e-05,0.00180269,8.524e-05,0.00022272,0.00048368,0.00244822,0.00951446
DX.1.2.840.113619.2.369.4.2147483647.1574035661.312927.png,7.03e-06,0.0435693,7.366e-05,8.34e-06,0.22253563,0.00311583,0.8109253,0.0261043,5.75e-06,0.01295296,0.00667775,0.02018377,2.287e-05,2.926e-05,0.00018945,9.427e-05,0.02357959,0.00176356,5.228e-05
DX.1.3.46.670589.26.802544.25.20191114.105626.309230.0.png,0.00568008,0.08676215,0.00170108,0.00316069,0.0008448,0.00187959,0.00311466,0.02884594,0.00014982,0.00186042,0.14038256,0.00017277,4.969e-05,0.00057514,0.01133423,0.0009684,0.00029259,0.0002375,0.01591633
DX.1.3.46.670589.26.802544.25.20191107.90710.307075.0.png,0.04302123,0.00044303,0.00072582,0.00188302,0.04322842,0.00374975,0.00309268,0.00050831,0.00028537,0.00159926,0.01242192,0.00110318,6.33e-06,0.00023963,7.539e-05,7.309e-05,0.01746115,0.00071566,3.993e-05
5D0D73A415188DD.png,0.03196594,0.04718158,0.00080329,4.919e-05,0.00134449,0.00026912,0.00660386,0.00031375,0.0005011,4.346e-05,0.03766924,0.00079681,4.66e-06,0.0003943,0.00097554,0.00079703,0.00041278,0.00100426,7.414e-05
CR.1.3.46.670589.26.602199.4.20191118.90144.334491.0.png,0.00015727,0.01333228,0.00013774,3.06e-05,0.00460389,0.01706105,0.01331243,0.00948323,4.953e-05,0.14759865,0.01970339,0.00028424,8.26e-05,2.191e-05,0.00021788,8.095e-05,0.08150074,0.00027299,0.00022145
DX.1.3.46.670589.26.802544.25.20191112.115945.308458.0.png,0.9899065,0.00014573,0.87393576,0.3979594,0.6720419,0.07846515,0.02384394,0.08650597,0.28241545,0.00013117,1.808e-05,0.0637166,0.00010435,0.03110466,1.9e-06,1.387e-05,0.01607161,0.02659022,0.00061321
DX.1.2.392.200046.100.2.1.69131194618.191104103548.1.1.1.png,0.06456627,0.0023089,9.95e-06,0.01347709,0.01323218,0.00042932,0.02407611,0.00179226,0.00045709,0.00191064,0.03364588,0.00177582,3.266e-05,0.00012635,0.00052486,0.0277606,0.00309629,0.00216364,0.00037422
CR.1.3.46.670589.26.602199.4.20190910.91159.331851.0.png,0.45278817,0.00233989,0.0024108,0.0059838,0.17931245,0.0024149,0.0117418,0.00226817,0.00407765,0.00278779,0.00094988,0.00113145,3.96e-06,3.791e-05,3.787e-05,9.97e-06,0.02083961,0.00330287,6.237e-05
DX.1.3.46.670589.26.802544.25.20191028.134450.303832.0.png,0.11765298,0.00302793,0.38766173,0.01393991,0.73142874,0.03490232,0.03920388,0.9454999,0.01230065,0.00042728,0.00014319,0.00727387,0.0001715,0.00118873,4.18e-06,2.52e-05,0.02206419,0.00174771,0.00018353
CR.1.2.156.600734.516764694.1648.1571821136.180.0.1.png,0.00191294,0.0004294,0.00252286,0.0002019,0.04391114,0.00087692,0.02099802,2.816e-05,5.07e-06,0.00318678,0.00073018,0.38907465,2.557e-05,0.00065122,0.00067644,0.00689671,0.00221734,0.00164594,0.00012561
5DBB893D36FC24C.png,0.00163338,0.00443077,0.00013971,0.00017038,0.07767138,3.109e-05,0.09660669,0.00065595,3.311e-05,0.0001959,0.11069836,0.00338595,3.44e-06,3.93e-05,0.00060207,0.00050014,0.00063564,0.00100175,7.977e-05
5CF85BA91248906.png,0.00048067,0.00347848,0.00479982,2.523e-05,0.00323612,0.00115127,0.06499248,0.00014319,4.029e-05,0.00043973,0.00166234,0.00343775,1.187e-05,0.00026263,0.01110176,2.971e-05,0.00415344,0.00256545,0.00035286
CR.1.3.12.2.1107.5.3.57.20200.11.201911091042010484.png,0.31687164,0.22091958,0.7002802,0.61079204,0.00033039,0.9737385,0.016059,0.02785819,0.01686617,0.5502902,2.293e-05,0.00851201,0.00697755,0.00246931,0.0015815,8.406e-05,0.63851696,0.01049955,0.00210876
DX.1.2.840.113619.2.369.4.2147483647.1572998261.263112.png,0.00348971,0.00431556,0.00012367,0.01634865,0.21653426,6.07e-06,0.2462261,0.00472108,6.29e-06,0.00073013,0.07581706,0.00554802,1.501e-05,0.0001819,0.00191457,0.00483699,0.00307314,0.00080084,0.000711
DX.1.2.840.113619.2.369.4.2147483647.1568162907.672273.png,0.00097207,0.03779347,6.705e-05,0.00017654,0.01433727,0.00155991,0.02350704,0.00365601,2.222e-05,0.00141573,0.00429537,0.00757741,1.394e-05,2.249e-05,0.0032881,0.00043293,0.00051887,9.527e-05,7.176e-05
DX.1.2.0030959000033961602019102207342786322171.png,0.00749697,0.00211344,0.00214296,0.00842644,0.01180168,0.02482054,0.41160497,0.00018157,0.00045056,0.35484976,9.326e-05,0.08675437,0.00059122,0.00073424,0.00134179,0.00426763,0.01602537,0.00018199,0.00070241
5D02E96D18E42DE.png,0.00837816,0.19744594,0.42642108,0.04955624,0.01551146,0.3666779,0.08205202,0.40501276,0.0003199,0.00045221,4.321e-05,0.00078261,6.716e-05,0.00031407,0.00039078,0.00020497,0.00025416,0.01108133,0.00036792
DX.1.2.392.200046.100.2.1.69131194618.191018162456.1.1.1.png,0.51113915,0.00067663,0.00303132,0.66707575,0.9996697,9.235e-05,0.0260144,0.58099294,5.999e-05,0.00010488,0.00016666,0.00083836,4.999e-05,8.264e-05,0.00066334,0.06042832,5.206e-05,0.08836228,9.523e-05
5E1D139727CC2E0.png,0.99860185,0.00078279,0.20537081,0.99970216,0.94110286,0.14203317,0.00132181,0.87855,0.43463373,8.265e-05,0.0001285,0.00010621,0.00018575,1.66e-05,0.00022048,0.02441142,5.713e-05,0.00105508,0.00022364
DX.1.2.392.200046.100.2.1.69131194618.191021085430.3.1.1.png,0.00414963,0.00191956,0.00261533,2.644e-05,0.74383473,0.00013974,0.38156563,0.00194925,0.00017061,0.00139771,0.01120268,0.11516237,1.962e-05,0.00039653,5.665e-05,9.014e-05,0.00965848,0.00537868,0.00048448
DX.1.2.840.113619.2.369.4.2147483647.1573451999.465752.png,0.09134587,0.39897653,0.00035275,0.0024166,0.00070802,0.00076065,0.0103748,0.00423567,9.15e-06,4.709e-05,0.00087081,0.00080084,3.475e-05,0.00168806,0.00399454,0.00935948,8.027e-05,0.00171136,0.00151581
DX.1.2.0031199000034081162019102909174292781671.png,7.124e-05,0.00163735,0.00010706,0.00011233,0.07519832,0.00084366,0.98442966,0.000257,2.53e-06,0.07649579,0.00080237,0.2884215,3.271e-05,0.00058631,0.00060257,0.00189615,0.02177755,0.00023375,0.00023852
5D8042315610195.png,0.00364507,0.0004931,0.01164231,0.00156571,0.4829055,0.00042588,0.21273439,0.02412959,0.00137668,0.00529164,0.01413052,0.0140668,1.012e-05,0.00039222,2.485e-05,2.044e-05,0.04765662,0.0033965,5.262e-05
DX.1.2.840.113564.920101.20191118083407765360.1003000225002.png,3.354e-05,0.00350192,8.889e-05,1.239e-05,0.00483629,0.00155799,0.10784218,3.138e-05,9.66e-06,0.01160556,0.02081238,0.01081968,3.114e-05,8.374e-05,0.00063018,0.00093234,0.00398564,0.00094739,0.00016618
DX.1.2.840.113619.2.369.4.2147483647.1572919522.883600.png,0.2486193,0.36023015,0.00078842,0.28507832,0.01505427,0.40810925,0.00016284,0.09331288,0.00159592,0.02134739,2.653e-05,0.00207043,1.163e-05,6.81e-06,0.00101582,5.988e-05,0.0051032,0.0011012,3.39e-06
DX.1.2.840.113564.920101.20191111100145484550.1003000225002.png,0.00366297,0.00098727,0.00148555,0.00012709,0.3213468,0.00055364,0.25984544,0.00423121,7.553e-05,0.00327868,0.03138612,0.00624156,2.868e-05,0.00017933,0.00050794,0.00067952,0.00226764,0.00656168,0.0004681
DX.1.2.840.113619.2.369.4.2147483647.1574043600.319614.png,0.98474497,0.00888294,0.00582054,0.10880625,0.06298434,0.00013288,0.00178232,0.0012618,0.0007186,1.56e-05,0.00028086,0.001939,1.972e-05,0.00088348,0.00245046,0.01128,0.00094645,0.00305863,0.00172991
DX.1.2.840.113619.2.369.4.2147483647.1573542635.479257.png,0.03904203,0.00023263,0.00096878,0.00014096,0.04675744,8.559e-05,0.20019558,0.00093633,5.571e-05,0.00133064,0.09750159,0.04733516,2.747e-05,0.00325807,0.00030351,0.00032639,0.00486344,0.00244107,0.00378418
DX.1.3.46.670589.26.802544.25.20191112.140856.308517.0.png,0.00618064,0.00177773,7.239e-05,0.00061739,0.02188552,0.00938508,0.03958066,0.00107736,4.284e-05,0.00078204,0.02930654,0.00068094,1.346e-05,7.938e-05,0.0003395,0.00068997,0.00105406,0.00049544,0.00034705
DX.1.2.003087080003405822201910280837093949562.png,0.00560995,0.00098283,0.06582769,0.00059157,0.22098826,0.00148939,0.9785847,0.00078338,0.0006276,0.02609641,5.755e-05,0.21543875,0.00043433,0.00083929,0.00027639,0.00147818,0.00147209,0.00030358,0.00086917
DX.1.2.392.200046.100.2.1.69131194618.191025144945.1.1.1.png,0.5064915,0.00435821,0.08188048,0.20753412,0.19913413,0.05794435,0.0281754,0.02045184,0.26650462,0.00730405,0.00062686,0.00081581,3.364e-05,7.787e-05,9.6e-06,0.00065414,0.00221494,0.02268399,0.00014505
CR.1.2.156.600734.516764694.1648.1572047125.336.0.1.png,0.00022909,0.00172257,0.7225304,2.509e-05,0.7309762,5.765e-05,0.02682062,0.00011619,2.103e-05,0.00032702,0.00096764,0.91592467,0.000107,0.00018983,0.0001856,0.00058157,0.00110001,0.00190756,6.431e-05
DX.1.2.0030956100033961342019102210223696410671.png,0.00307306,0.21529523,6.712e-05,0.00195321,0.00026432,0.10317465,0.00721082,0.00141548,2.093e-05,0.61592716,0.00121435,0.00202071,3.635e-05,0.00025433,0.04366506,0.00023161,0.04839932,0.00014325,0.00024395
5DCBC152DB4636.png,0.8766028,0.00215617,0.32905173,0.01737861,0.09498335,0.83139634,0.0217754,0.72997314,0.67430687,0.00010395,3.967e-05,0.0078341,3.241e-05,0.00577256,1.3e-05,8.292e-05,0.03538938,0.00034749,6.834e-05
DX.1.2.00306126000340468120191026101303441438312.png,0.05049325,0.00024391,0.00401729,0.00571999,0.02911912,0.0001547,0.9045714,0.00128779,0.00019047,0.00018256,0.00028141,0.00516622,3.115e-05,0.00110134,0.00133589,0.00907084,0.0002832,0.00061304,0.00122014
5DD341C25078431.png,0.1523652,0.0020341,0.07060348,0.00280717,0.98865086,0.00326668,0.75141144,0.94558,0.00083685,0.00023618,6.549e-05,0.09131892,8.264e-05,0.00220561,4.317e-05,0.00017944,0.05060173,0.01592489,7.198e-05
5DEF52482964549.png,0.88424575,0.03714415,0.9886354,0.99019074,0.9824337,0.2824363,0.00012844,0.14917664,0.5487686,0.00217222,7.73e-06,0.00464189,0.00072704,0.00017701,0.00012704,0.00144477,0.00080213,0.07167352,0.00035821
DX.1.2.840.113619.2.369.4.2147483647.1573538966.594643.png,0.00148204,0.00072988,0.00020268,2.581e-05,0.00897231,1.337e-05,0.34104747,7.26e-06,6.9e-06,8.395e-05,0.0330391,0.02191082,3.65e-06,7.263e-05,0.00449965,0.00033271,0.0008433,0.00099774,9.633e-05
DX.1.2.00278031000344091320191118161458623828484.png,0.00020723,0.0161034,0.0020284,5.013e-05,0.00819653,0.00069322,0.9356947,0.00031691,6.303e-05,0.00363917,4.75e-05,0.3014833,4.723e-05,0.00141445,0.00035217,0.00066062,0.00542057,0.00081145,0.00019662
DX.1.3.46.670589.26.802544.25.20190911.100357.290812.0.png,0.00040591,0.01529292,0.00051132,0.00154416,0.15977058,0.10054126,0.35222596,0.9721966,0.00010161,0.07208231,0.00051094,0.00115052,9.323e-05,2.809e-05,2.482e-05,0.00013633,0.01990122,0.00049722,3.008e-05
DX.1.2.00286913000343211220191113080943162712718.png,3.836e-05,0.01879094,0.00019104,0.00022591,0.02885681,7.095e-05,0.99092275,0.00157739,1.407e-05,0.00927165,0.01442132,0.0073052,5.225e-05,0.00039785,0.00319304,0.00303483,0.00298038,0.00085535,0.00035978
CR.1.3.46.670589.26.602199.4.20190910.82604.331824.0.png,0.0175392,0.03358824,0.00279367,0.00046365,0.04103643,0.01179552,0.26352635,0.4250405,0.00105107,0.00360688,0.00016957,0.00134227,1.373e-05,4.245e-05,1.329e-05,7.512e-05,0.00276267,0.00077291,0.00031222
DX.1.2.840.113564.920101.201911181024478434.1003000225002.png,0.08161869,0.02188501,0.00067452,0.01803805,0.36284012,4.283e-05,0.09398041,0.00329125,0.00021997,0.00028888,0.00857502,0.00432478,2.003e-05,4.842e-05,0.00145175,0.00545545,0.00062962,0.0012852,6.104e-05
DX.1.2.840.113619.2.369.4.2147483647.1573007050.12017.png,0.00781716,0.07041178,0.00167742,7.219e-05,0.00771925,0.00036379,0.2262463,0.02374159,6.329e-05,7.095e-05,0.00467083,0.00051845,5.45e-06,4.14e-05,0.00719507,0.00036182,0.0004295,6.813e-05,0.00010182
DX.1.2.392.200046.100.2.1.69131194618.191108114040.2.1.1.png,0.00059638,0.0010387,0.00393703,0.00014545,0.8556262,6.396e-05,0.5591826,0.00179948,0.00013991,0.00015823,0.00650942,0.00941569,3.202e-05,0.00023999,0.00307999,0.00104931,0.00077006,0.00755002,0.00504309
DX.1.3.46.670589.26.802544.25.20191104.133829.306169.0.png,0.00252419,0.52338123,7.222e-05,0.00327573,0.00025918,0.787047,0.00036348,0.01528866,0.00016931,0.5750787,7.488e-05,0.00084027,1.728e-05,0.0003392,0.02368118,6.57e-06,0.24043426,0.00010423,7.808e-05
DX.1.2.840.113619.2.369.4.2147483647.1573534878.248273.png,2.803e-05,0.43776175,3.381e-05,6.769e-05,3.645e-05,0.01131872,0.0013655,0.00011431,6.09e-06,0.11453521,0.00509322,0.0006911,3.867e-05,3.204e-05,0.08215396,0.00067097,0.02142226,0.00068273,0.00040705
DX.1.2.840.113619.2.369.4.2147483647.1572834312.497293.png,0.47611937,0.00301083,0.00045366,0.00229131,0.01604924,0.00010563,0.10702167,0.00259586,0.00018669,7.07e-05,0.00064901,0.00214359,2.189e-05,0.0004746,0.00512556,0.00013852,0.00024107,0.0005133,0.00168216
DX.1.2.392.200036.9125.4.0.487535216.1069180310.2795306561.png,0.00823106,0.00926749,0.04151008,0.00027231,0.00070999,2.409e-05,0.01157662,1.153e-05,0.00026275,6.619e-05,0.0009213,0.00094453,8.695e-05,0.00592056,0.00188788,0.00184362,6.916e-05,0.00728271,0.15810676
DX.1.2.840.113619.2.369.4.2147483647.1572837189.86556.png,0.22212204,0.08623023,0.00328089,0.01050175,4.237e-05,0.01066101,0.0009605,6.642e-05,0.00110605,0.00020808,0.00861598,0.00172473,9.706e-05,0.00033389,0.00694948,0.02757196,0.00175525,0.00043881,0.00190357
DX.1.3.46.670589.26.802544.25.20191113.105824.308890.0.png,0.8929766,0.00064811,0.20650862,0.01728359,0.04825294,0.00336141,0.00856829,0.0071417,0.02845486,0.00013321,0.00028789,0.01175542,4.963e-05,0.00263427,0.0001104,0.00010526,0.00921307,0.00221837,0.00065095
DX.1.3.46.670589.26.802544.25.20191118.113707.310246.0.png,0.02379044,0.4022618,0.00792854,0.02098536,0.00070289,0.27878729,0.0063759,0.01198588,0.00147864,0.00019677,0.00047059,0.00034956,8.034e-05,0.00028901,0.0012992,0.00011083,0.00092506,0.00021066,0.0005401
CR.1.3.12.2.1107.5.3.57.20200.11.201910180811380921.png,0.06235408,0.03567713,0.31071728,0.17653316,0.09640352,0.86612433,0.00569943,0.10791553,0.02092592,0.7439264,2.588e-05,0.00281691,0.00109044,0.00172471,0.00384614,2.133e-05,0.00902385,0.00127997,0.00373313
5D71BE2E2328065.png,0.00016143,0.2687292,0.00013753,0.00019166,0.007731,0.00031247,0.0763014,0.00020031,4.672e-05,0.00276599,0.00769372,0.00195555,2.804e-05,5.619e-05,0.03973934,0.00012216,0.00099383,0.001121,0.00013821
DX.1.2.0031209900034082142019102909095592315359.png,0.00013052,9.622e-05,0.00618679,6.886e-05,0.4559591,2.983e-05,0.9744607,0.00011809,5.7e-06,0.00019544,0.00352162,0.08380328,2.189e-05,0.00115828,0.00080066,0.00065554,0.00073303,0.00254207,0.00163429
DX.1.2.840.113619.2.369.4.2147483647.1573605704.36560.png,0.36638275,0.02665624,0.9121736,0.26936954,0.61827475,0.60999894,0.00730634,0.04347862,0.8991143,0.00031446,1.174e-05,0.00195136,0.00015934,0.00268962,8.18e-06,3e-05,0.00133773,0.01568588,0.00072405
DX.1.2.840.113619.2.369.4.2147483647.1574036982.703598.png,0.02421287,0.11077555,0.00044963,0.00147425,0.00120628,0.00079907,0.00489736,0.00508152,0.00047914,5.11e-06,0.00313435,0.0003129,2.838e-05,0.00033415,0.01962374,0.00209761,0.00011277,0.00070574,0.0005002
5DEAF69E47C08F7.png,0.9880243,0.05205908,0.03878972,0.10197338,0.05138572,0.01057958,0.00038801,0.13823295,0.04194177,0.00010358,8.783e-05,0.01558425,3.767e-05,0.00033959,0.00145186,3.041e-05,0.0014594,4.864e-05,9.647e-05
5CF9B42814C0DCC.png,0.39501205,0.5403778,0.02495808,0.04075234,0.00023278,0.02108396,0.00081075,0.00024786,0.00326937,0.00063702,4.196e-05,0.00266307,5.235e-05,0.00266042,0.00229584,0.00010836,0.00400482,0.0008563,0.00019018
DX.1.2.00285622000340453020191026085010436465328.png,0.01141671,0.00016766,0.00568086,0.00324884,0.00350491,6.271e-05,0.82034546,2e-05,0.00013834,0.00070472,0.00199584,0.0234689,7.14e-06,0.00190914,0.00330933,0.02805897,0.00041376,0.00032007,0.00860015
DX.1.2.00317581000343222120191113082129163418734.png,0.00655624,0.03498526,0.00492007,0.00331082,0.02288723,0.00564573,0.8127331,0.00134387,0.00059901,0.02955545,0.00030626,0.14583932,0.00028626,0.00026667,0.00019136,0.00023474,0.04267723,0.00040492,0.00024828
DX.1.2.840.113619.2.369.4.2147483647.1568177224.780308.png,0.0188418,0.0076484,0.00010126,0.05423707,0.01201852,0.00013856,0.00986579,0.00099281,4.983e-05,0.00022362,0.0010985,0.00127103,5.09e-06,0.00022724,0.00080314,0.014347,0.00029207,0.00066793,0.00015938
DX.1.3.46.670589.26.802544.25.20191028.110512.303733.0.png,0.0282177,0.0124712,0.00130081,0.00013076,0.00020565,0.10851671,0.01021064,0.01936314,0.01373753,0.00015769,0.00299027,0.00589373,0.00030673,0.01213622,8.877e-05,0.00014779,0.00125183,5.089e-05,0.00333358
DX.1.3.46.670589.26.802544.25.20191028.111440.303740.0.png,0.02906325,0.10524737,0.00033761,0.2223363,0.00200616,0.96863014,0.00010173,0.02512303,0.00114094,0.99390906,1.768e-05,0.00719356,8.914e-05,0.0012896,0.0032994,2.6e-05,0.9600282,0.00204178,0.00027068
5CC2B0192668A31.png,0.8319684,0.0820122,0.02607598,0.00095762,0.01633063,0.00262748,0.0007447,0.00679986,0.00703878,5.3e-06,0.00048006,0.00925121,3.19e-06,0.00010902,0.0001219,0.00021145,0.00014293,0.00042289,8.32e-06
DX.1.3.46.670589.26.802544.25.20191106.95748.306750.0.png,0.9399897,0.00018681,0.9897943,0.00633901,0.10718077,0.04579234,0.00392941,0.00665279,0.64183915,0.00018294,0.00015364,0.01457177,0.00014447,0.00517961,4.262e-05,5.136e-05,0.0034037,0.00244338,0.00125041
DX.1.2.00317019000342650420191109081331434355843.png,0.00157234,0.10030165,0.00066945,0.56698596,0.53477097,0.04168302,0.33786288,0.02044088,3.53e-06,0.282984,0.00019162,0.00302078,3.073e-05,5.211e-05,0.00074606,0.0319133,0.00556152,0.00337029,7.692e-05
CR.1.3.12.2.1107.5.3.57.20200.11.201910181533480453.png,9.054e-05,0.00064341,0.00244675,7.858e-05,0.27129886,0.00072139,0.04053074,0.01077606,2.103e-05,0.00798705,0.01297057,0.0109973,6.886e-05,0.00037962,0.00062904,0.00135145,0.00369351,0.0096466,0.00029631
DX.1.2.00292221000339236820191019084153255527390.png,0.05230664,0.00323041,0.01146022,0.05999406,0.65847373,0.00034201,0.90946966,0.0091168,0.00067563,0.00417948,0.00014691,0.00325638,0.00010628,4.122e-05,0.00011776,0.00317154,0.00038999,0.00218757,0.00016626
DX.1.3.46.670589.26.802544.25.20190911.144531.290915.0.png,0.01128551,0.00247584,0.00026693,0.0016327,0.0028346,0.00059609,0.19137754,0.00611591,1.246e-05,0.00042209,0.02237745,0.00073619,0.00024595,0.00087614,0.00054201,0.02212828,0.00092752,0.00033026,0.00111432
CR.1.2.156.600734.516764694.1648.1573546260.1682.0.1.png,0.00754971,0.07450586,0.00081874,0.00028475,0.00217778,3.136e-05,0.00248706,2.221e-05,2.54e-05,4.239e-05,0.02441836,0.01009329,1.135e-05,5.161e-05,0.10426174,0.00077655,0.0003652,0.0002398,0.00084662
CR.1.2.156.600734.516764694.1648.1572476159.737.0.1.png,0.00651974,0.00012859,0.98817295,0.00030151,0.9895691,0.00063064,0.01064668,9.881e-05,0.00040358,0.00153846,7.758e-05,0.9987855,0.00056711,0.00388464,7.338e-05,0.00016352,0.03345613,0.00271861,6.463e-05
DX.1.2.0030602300033888632019101709041284066078.png,0.00105915,0.00038606,0.00091264,0.00020513,0.01621114,0.00097582,0.86367583,4.263e-05,5.545e-05,0.10285222,0.00023194,0.35893643,6.564e-05,0.00088392,0.0015209,0.00043438,0.01595634,0.00013966,0.00246501
CR.1.3.46.670589.26.602199.4.20191107.84522.334285.0.png,0.00118365,0.00038716,0.00149412,1.712e-05,0.0031989,0.11254323,0.01768492,0.00036504,0.00046855,0.45368165,0.0026606,0.01519367,0.00012117,0.00045705,1.049e-05,2.462e-05,0.8307553,0.00076642,0.00028376
CR.1.3.12.2.1107.5.3.57.20200.11.201910301526170296.png,0.04859983,0.00204677,0.9812174,0.0017607,0.98489386,0.02926685,0.06781412,0.02416976,0.0387362,0.00387009,3.803e-05,0.3283004,0.00010265,0.0005346,2.468e-05,1.082e-05,0.00170794,0.10843093,7.453e-05
DX.1.3.46.670589.26.802544.25.20191106.123923.306841.0.png,0.16008604,0.00053442,0.00149181,0.0006979,0.03534646,0.0007182,0.10843414,9.803e-05,9.686e-05,0.03509097,0.00098948,0.00756077,0.00030649,0.00031262,2.121e-05,0.00010583,0.11801332,0.00088852,0.00115706
DX.1.2.00312903000343447120191114095138255228140.png,0.989146,0.00061499,0.9843903,0.6270672,0.51164967,0.90532905,0.00042951,0.00338434,0.96364737,0.00024921,1.616e-05,0.01017078,0.00015932,0.000772,0.00012253,0.00253625,0.00065049,0.00577468,0.00024131
5E0306CB2AB0E35.png,0.5357569,0.02720182,0.01484476,0.28502733,0.00877645,0.12408132,0.00017319,0.00174266,0.00729334,0.00024715,6.984e-05,0.00090373,1.649e-05,0.00013659,0.00267689,0.002195,0.00183314,0.00040245,4.691e-05
DX.1.2.00318585000343909420191118082152595441921.png,0.00025596,0.00168952,0.00027932,0.00019481,0.02946614,0.00025341,0.57446164,0.00104628,4.99e-06,0.0016711,0.03828234,0.00545432,2.541e-05,0.0001282,0.0034194,0.00357786,0.00364234,0.00187468,0.00011085
DX.1.2.392.200036.9125.4.0.487545480.1202873750.2795306561.png,0.95880175,0.00143159,0.40244663,0.4504198,0.13591062,0.00081909,0.00214405,0.0004984,0.0116139,3.253e-05,0.00015953,0.01873794,4.997e-05,0.11270022,0.00202804,0.05514705,0.00072896,0.00680064,0.02251764
5CB537DB1DC090A.png,0.57453096,0.64844525,0.0005091,0.76549214,0.00243327,0.54785496,0.00023372,0.02690332,0.07058772,0.00064659,0.00043784,5.756e-05,0.00015375,4.905e-05,0.0065847,0.00027867,0.00182041,0.00034814,0.000548
DX.1.3.46.670589.26.802544.25.20191105.142412.306603.0.png,0.00718001,0.01093118,0.19414572,0.00067915,0.31541896,0.00271015,0.7926484,0.9448556,0.00133001,0.00132681,0.00260873,0.00459094,0.00238645,0.03809082,3.516e-05,0.00013709,0.00406137,0.00704611,0.05761669
CR.1.2.156.600734.516764694.1648.1571712066.72.0.1.png,0.99989027,0.00246227,0.9981187,0.78671,0.0472089,0.97673655,0.00014985,0.06178788,0.9850043,2.147e-05,6.811e-05,0.560718,0.00071548,0.14494449,0.00013898,0.00358409,0.0088112,0.00098206,0.0073037
DX.1.2.0030956700033961392019102210191396207687.png,0.00012967,0.00052233,0.00056917,8.206e-05,0.04845342,0.00022373,0.9104002,0.00050938,4.48e-06,0.00478772,0.00231277,0.25695667,8.31e-06,0.00154515,0.00084438,0.00068658,0.00765987,8.246e-05,9.708e-05
5B9B02B6169CC2F.png,0.97023183,0.00034294,0.92103255,0.7608778,0.98494494,0.014416,0.00430036,0.16281596,0.12198415,5.11e-05,0.00024909,0.00203245,0.00022069,0.00055626,1.196e-05,0.00726119,0.00126475,0.08284173,0.00122635
DX.1.2.392.200036.9125.4.0.487525739.770729366.2795306561.png,0.99670994,0.00100394,0.00202632,0.6771999,0.4665869,3.735e-05,0.02241903,0.00849005,0.00983723,8.54e-06,3.054e-05,0.00085226,7.262e-05,8.056e-05,0.00022498,0.07133765,0.00056765,0.00225425,0.00057725
DX.1.2.840.113619.2.369.4.2147483647.1573019858.539118.png,0.13729224,0.00620783,0.00044259,5.893e-05,0.00410428,0.00022594,0.00684234,3.345e-05,0.00146565,0.00014121,0.00684489,0.01573049,2.172e-05,0.00103077,0.00142308,0.00065353,0.00583631,0.00037069,5.506e-05
DX.1.2.392.200036.9125.4.0.487548799.1603560854.2795306561.png,0.83550864,0.00054731,0.9689492,0.33701155,0.96197814,0.01138462,0.0079785,0.00038064,0.00881769,6.667e-05,0.0004923,0.03843477,0.00044029,0.00183824,0.00031306,0.07453176,0.004793,0.35227028,0.02009763
DX.1.2.840.113619.2.369.4.2147483647.1574055314.416220.png,0.00062707,0.03224941,0.00012164,0.00630372,0.9285864,0.02783989,0.21319763,0.82622474,0.0006765,0.05838502,0.00025077,0.00398323,1.512e-05,3.301e-05,4.983e-05,4.471e-05,0.00483035,0.00065377,6.81e-06
CR.1.3.12.2.1107.5.3.57.20200.11.201911141507070031.png,0.99807894,0.00012104,0.9981035,0.7737948,0.53935796,0.96527827,0.00221985,0.00679181,0.97105,0.01806008,4.075e-05,0.0137085,0.00265694,0.00620399,0.00118065,0.00025926,0.0323971,0.01063259,0.00047726
DX.1.2.00289125000339059420191018074809165903187.png,0.02904074,0.00507368,0.34687075,0.13494825,0.53726393,0.71440154,0.11922267,0.06987998,0.00536621,0.12052728,1.835e-05,0.00139724,8.579e-05,6.091e-05,0.00019722,0.00023844,0.00240274,0.00417732,0.00026007
5E0D403044A05ED.png,0.00818512,0.04199269,0.00506496,0.00101574,0.7434981,0.00049249,0.39456433,0.58263683,0.0001861,0.00010866,0.0004902,0.04915066,5.24e-06,5.214e-05,1.079e-05,8.597e-05,0.00991029,0.00188362,2.343e-05
DX.1.3.46.670589.26.802544.25.20191104.141046.306191.0.png,0.03811922,0.04236536,0.05492248,0.06645662,0.1374852,0.7017697,0.02030419,0.9262157,0.03817108,0.033309,0.00048582,0.0010157,0.00108599,0.00039392,5.46e-06,2.867e-05,0.00129511,0.0004928,0.00070696
CR.1.3.12.2.1107.5.3.57.20200.11.201911041523450562.png,0.0001518,0.96023494,0.00151136,0.00464052,0.00263472,0.8977613,0.00355626,0.18522514,3.771e-05,0.9441857,6.59e-06,0.01010819,6.405e-05,0.00032618,0.01041965,2.049e-05,0.07417497,0.00092972,0.00020024
DX.1.2.0031318900034138712019110108181288775187.png,0.00600901,0.00645342,0.00447885,0.01141218,0.20993827,0.00196188,0.9255712,0.0022056,0.00031236,0.01913227,9.185e-05,0.01858292,0.00020271,0.00069422,0.0001002,0.00038536,0.00251551,0.00433103,0.00073914
DX.1.2.00312859000341046220191030084955177515015.png,0.99956685,0.00203005,0.7949887,0.9717004,0.2526149,0.18401268,0.00175057,0.01526716,0.8255077,0.00034261,6.26e-06,0.04257796,0.00034583,0.00011175,9.987e-05,0.00900609,0.00219614,0.00043483,0.00030026
DX.1.2.0031183100034137982019110108033087893093.png,0.7914702,0.00512176,0.01379933,0.18041793,0.06061616,0.05525354,0.20533434,0.00462793,0.00459383,0.01901714,2.998e-05,0.04038033,0.00013974,0.00028442,5.667e-05,0.00046288,0.01288498,0.00048244,6.448e-05
DX.1.3.46.670589.26.802544.25.20191114.134014.309284.0.png,0.03196724,0.00113361,0.00018717,0.00213784,0.00373609,0.00108718,0.05928618,0.0034614,6.496e-05,0.00172988,0.00233528,0.00104111,3.381e-05,0.00034008,0.00025282,0.02434012,0.00116533,0.00014922,0.0005826
5DD1EBC5820E9A.png,0.5945794,0.01844398,0.03437594,0.0023784,0.00433523,0.0039383,0.0014885,0.00237558,0.01926841,2.483e-05,0.00020401,0.00799386,1.29e-06,0.0002981,0.00022035,0.00259904,0.0013256,0.00017603,2.051e-05
DX.1.2.840.113619.2.369.4.2147483647.1573431021.806407.png,0.97632015,0.2068802,0.00125437,0.39439937,0.00395385,0.01635307,0.00020658,0.00491788,0.0070852,1.713e-05,0.00017914,0.00021553,8.57e-06,0.00037855,0.00243135,0.00355967,0.00031579,6.528e-05,3.816e-05
DX.1.2.840.113619.2.369.4.2147483647.1573436676.577753.png,0.22236982,0.00080197,0.00102543,0.00119077,0.00361426,0.00109218,0.04404502,0.03192515,0.00042766,2.681e-05,8.851e-05,0.00347756,8.913e-05,0.00133794,9.317e-05,0.00301545,6.523e-05,0.00383241,0.00020786
DX.1.2.840.113619.2.369.4.2147483647.1573537829.511592.png,0.03323472,0.01131169,0.00116948,0.00169605,0.00339056,0.00011772,0.00480212,0.00077117,0.00021637,2.793e-05,0.00011678,0.00200623,3.543e-05,0.00160935,0.00170606,0.00143433,0.00036318,0.00485648,0.00091912
DX.1.3.46.670589.26.802544.25.20191028.141109.303849.0.png,0.53762037,0.00122078,0.0437274,0.7108329,0.03207979,0.00714893,0.03419124,0.00701984,0.0004858,0.00049557,0.00039375,0.00020719,7.92e-06,3.685e-05,2.148e-05,0.00046679,0.00115549,0.05193876,0.00011665
DX.1.2.840.113619.2.369.4.2147483647.1573024804.43992.png,0.02296994,0.5421433,0.00034666,0.00644632,0.00168697,0.00493306,0.00039188,0.00061731,0.00016787,0.00196113,0.00097306,0.00362269,5.06e-06,3.889e-05,0.00952321,0.00212879,0.00362303,0.00011004,7.935e-05
DX.1.2.840.113619.2.369.4.2147483647.1572932148.957749.png,0.00114042,0.1902095,0.00012678,0.00020215,0.00027782,0.00189924,0.01929269,0.00034613,1.861e-05,0.00034949,0.00360796,0.00310177,6.95e-06,0.00019679,0.0962665,0.00041734,0.00397682,0.00048513,0.00027107
DX.1.2.392.200046.100.2.1.69131194618.191108114040.1.1.1.png,0.00241391,0.00322971,0.00474231,0.00035094,0.96297497,0.0007892,0.9356445,0.19685112,0.00015476,0.00595192,0.00162058,0.00668777,0.00015975,0.00017276,0.0004267,0.00025836,0.00347384,0.02850923,0.00273594
DX.1.2.0030685000033842272019101708395282606656.png,0.46537393,0.00193647,0.0418639,0.7803067,0.98804873,0.13716349,0.3037986,0.2195983,0.0007638,0.02173962,2.7e-05,0.01106118,9.589e-05,0.00050378,8.065e-05,0.00050889,0.00736952,0.00376344,0.0008849
5B5BB48415C4DDD.png,0.00454797,0.0951288,0.00199754,0.00104478,0.00100196,0.14693253,0.01507128,0.00147296,0.00278237,0.2365966,0.00041385,0.00250935,1.597e-05,4.496e-05,9.323e-05,2.276e-05,0.11557384,0.000535,6.787e-05
DX.1.2.0030980700033963362019102208245189345984.png,0.0096309,0.00197151,0.01292056,0.04140086,0.01728513,0.38489932,0.68351626,0.00424214,0.00015501,0.21872202,0.00010585,0.01055067,0.00019991,0.00121015,0.00078821,0.0020911,0.00660942,0.0007061,0.00023786
DX.1.2.840.113564.920101.20191028143838062120.1003000225002.png,0.05465016,0.00279642,0.00015579,0.00013852,0.02107094,1.475e-05,0.07996666,0.000152,0.00065565,0.00019544,0.00856284,0.0242509,2.29e-06,0.00010211,0.00014735,0.00129954,0.00569743,0.00041515,4.154e-05
DX.1.2.840.113564.920101.20191111113748062540.1003000225002.png,0.30863085,0.00347484,0.23714583,0.01036569,0.8940615,0.01047925,0.00257549,0.11124896,0.08369368,7.183e-05,4.661e-05,0.00062752,0.00014648,0.00028658,0.00017433,0.00030104,0.00010946,0.01700169,0.00013431
5DFACE5D30B4314.png,0.17226942,0.90617746,0.00055644,0.07150486,0.00265223,0.00784889,2.489e-05,0.00691375,0.00033403,2.861e-05,0.00414753,4.593e-05,8.96e-06,0.00062515,0.01578695,0.006308,4.335e-05,0.00019336,0.00176676
5C7F21C52774197.png,0.02782267,0.26631138,0.00036157,0.00051797,0.00023453,0.00399863,0.00692595,0.00717562,4.052e-05,1.47e-05,0.00040674,0.00230234,7.88e-06,0.00072126,0.00024217,0.00102733,0.00088642,0.00048755,3.196e-05
5C8A049513D0F73.png,2.357e-05,0.10931097,0.00543179,0.00143735,0.9656526,0.01216278,0.89044106,0.6657108,2.635e-05,0.01436436,0.00102848,0.0014106,2.143e-05,8.671e-05,0.00062809,0.00050002,0.00248986,0.00255536,0.0002725
DX.1.2.840.113619.2.369.4.2147483647.1572241557.267994.png,0.00067838,0.15848026,0.00037301,0.0010117,0.096739,0.1029289,0.12061375,0.02070949,0.00010948,0.08572984,0.00016866,0.02895344,1.439e-05,4.528e-05,5.362e-05,2.107e-05,0.11468997,0.00157025,7.09e-06
DX.1.2.00317576000343215120191113081417162986953.png,0.00525602,0.02930495,0.00059353,0.07771858,0.07747761,0.00107738,0.48015964,0.07190083,1.981e-05,0.00034043,0.00051255,0.00125927,3.12e-05,5.423e-05,0.00095571,0.00256493,0.00048257,0.00059906,0.00030672
DX.1.2.840.113564.920101.20191118094435718250.1003000225002.png,0.08058595,0.00013163,0.03588678,3.183e-05,0.8355238,0.00031557,0.06191486,0.00076075,0.00117157,0.00074209,0.0001672,0.8397424,9.523e-05,0.03603285,9.238e-05,0.00018312,0.24639064,0.00035327,7.556e-05
5E0E89C53968C94.png,0.66439104,0.02983583,0.950273,0.3447208,0.05421168,0.6140177,0.00648376,0.9267762,0.36015657,3.103e-05,1.087e-05,0.00531511,0.00089004,0.00159747,4.568e-05,0.00129063,0.00019775,0.00033224,0.00088681
5C9C6A931BACF1F.png,0.03155744,0.00075963,0.12889937,0.00097979,0.8483007,1.802e-05,0.4259128,0.0508922,0.0001618,0.00020055,6.575e-05,0.00536027,0.00031812,0.00070123,5.572e-05,0.00047034,0.00067663,0.02828064,0.00261564
DX.1.2.840.113619.2.369.4.2147483647.1573626549.636097.png,0.9958944,0.00043567,0.9716565,0.98402435,0.19821392,0.76185983,0.0005274,0.01979018,0.8522221,4.483e-05,1.462e-05,0.00798004,1.077e-05,0.00712978,7.139e-05,0.00274116,0.00415523,0.00209795,0.00018484
5D022ACD1B74595.png,0.8822515,0.00068915,0.6652063,0.71990526,0.09816127,0.00249399,0.07174719,1.992e-05,0.01918822,3.21e-06,3.494e-05,0.00450522,0.00052428,0.0044972,0.00062282,0.4049787,0.00019267,0.11217882,0.00165752
DX.1.2.840.113619.2.369.4.2147483647.1573523750.990895.png,0.00857255,0.18512733,0.0001859,0.00028824,0.00045885,0.00014115,0.00545527,0.00027453,0.00018391,4.567e-05,0.01351286,0.00163792,5.48e-06,0.00012362,0.09778287,0.00045265,0.0003754,0.0001236,0.00011544
DX.1.2.00291562000341028720191030082726176166328.png,0.00144158,0.00618742,0.02455322,0.00012826,0.2212899,0.00456128,0.9585436,0.00675893,3.16e-05,0.00516222,1.344e-05,0.09729546,0.00084883,0.00083104,8.696e-05,9.883e-05,0.00195653,0.00111507,0.00128561
DX.1.2.840.113619.2.369.4.2147483647.1573087190.349950.png,0.00017346,0.01059725,0.00012576,6.239e-05,0.00748686,0.00039244,0.48480955,0.00144918,2.4e-06,0.0001185,0.01433837,0.00143118,5.92e-06,7.047e-05,0.00197042,0.00015335,0.00090007,0.00123147,0.00015986
DX.1.2.0031376000034190582019110508494790932015.png,0.72715735,0.00139704,0.08773683,0.15852681,0.01743966,0.00499686,0.799403,0.00298262,0.01204831,0.00018844,1.396e-05,0.00830229,3.341e-05,0.00069591,3.866e-05,0.00905074,0.00051119,0.00059662,0.00045619
DX.1.2.392.200046.100.2.1.69131194618.191021083645.1.1.1.png,0.00896147,0.0014479,0.00044769,0.00023473,0.6106972,0.00033836,0.1672381,0.01829561,4.498e-05,0.00126977,0.00033966,0.00359186,2.189e-05,0.00013858,6.083e-05,0.00162016,0.00026283,0.04836987,0.00016356
DX.1.2.840.113619.2.369.4.2147483647.1572912954.368847.png,0.09398384,0.00771793,0.00164563,0.00274509,0.00281658,8.351e-05,0.277216,0.00067979,0.00068928,8.934e-05,0.00144275,0.06815114,6.51e-06,0.001338,0.001077,0.00954612,0.0018032,7.654e-05,3.378e-05
DX.1.2.840.113619.2.369.4.2147483647.1573690870.831856.png,0.5382508,0.00234499,8.286e-05,0.01577208,0.00260423,9.631e-05,0.00317427,5.552e-05,0.00013671,8.172e-05,0.0002306,0.00660609,4.62e-06,0.00020897,0.00423351,0.003363,0.00449595,0.00012867,5.287e-05
5E266866260CD90.png,0.06234145,0.01711153,0.00017934,0.00073455,0.00011535,0.0003035,0.00071208,1.036e-05,0.00376018,1.383e-05,0.01378388,0.000455,4.7e-06,0.0001413,0.00101538,0.00094237,0.00072304,0.00049725,0.0002182
DX.1.2.0031211000034082252019102910253996859562.png,5.12e-05,0.00077239,0.00172928,1.592e-05,0.2716951,0.00038373,0.84651786,0.00055182,4.54e-06,0.01407274,0.00151855,0.0257566,3.006e-05,5.024e-05,0.00045362,7.03e-05,0.00246062,0.00062756,0.00022425
DX.1.3.46.670589.26.802544.25.20191106.105922.306783.0.png,0.3757994,0.00472504,0.00011374,0.00138864,0.0006189,9.735e-05,0.01108062,0.00131999,0.00012474,0.00013377,0.30858833,0.00014266,0.00024671,0.00070869,0.00331967,0.00641398,0.00043909,0.00026118,0.00254139
5D15673710CC09F.png,0.30396608,0.3421746,0.23676217,0.02420373,0.00284416,0.00151846,0.00067648,0.00225435,0.0014465,1.832e-05,9.268e-05,0.00099447,0.00013957,0.00321046,0.01485818,0.00072335,9.109e-05,0.00234048,0.00253172
DX.1.2.392.200036.9125.4.0.487565452.1270769046.2795306561.png,0.49097952,0.00723263,0.27529174,0.17678761,0.00574165,0.00029929,0.00165038,0.00016977,0.00200035,3.049e-05,6.476e-05,0.00280879,0.00019493,0.23529173,0.00355811,0.18581034,0.00019139,0.02118732,0.03057346
DX.1.2.840.113619.2.369.4.2147483647.1572243151.980461.png,0.00679977,0.004419,0.01877149,8.8e-06,0.00876938,3.154e-05,0.23433799,0.00080299,8.559e-05,9.559e-05,0.00051371,0.03133646,2.371e-05,0.00107335,0.00192884,3.17e-05,0.00166361,0.0004851,0.00010128
DX.1.3.46.670589.26.802544.25.20191118.131521.310306.0.png,0.7101697,0.00014901,0.0004961,0.01067367,0.01254279,7.358e-05,0.02242701,0.00218831,0.00098198,2.54e-05,0.00131717,0.00217108,5.373e-05,0.00127653,0.00050613,0.00149512,0.00315166,0.00238425,0.00063277
DX.1.2.392.200046.100.14.40479798473957187188536033314461758912.png,0.6192958,0.00571714,0.49580312,0.01656823,0.00088561,0.00502134,0.01705452,0.00051469,0.03257308,0.00048929,0.00027503,0.00553097,0.0008483,0.02103524,0.0048775,0.17429772,0.00028213,0.02242831,0.00736849
CR.1.3.46.670589.26.602199.4.20191113.94825.334453.0.png,5.604e-05,0.00224794,0.00026167,2.684e-05,0.28467447,0.00222982,0.9018649,0.12472203,1.505e-05,0.15163158,0.00404766,0.04003943,3.805e-05,2.923e-05,3.734e-05,5.293e-05,0.01283929,0.00045761,0.00013954
DX.1.2.840.113619.2.369.4.2147483647.1572843064.570450.png,1.064e-05,0.12650959,0.00169373,1.024e-05,0.0604564,0.00436619,0.36137456,0.05256068,2.9e-06,0.01983916,0.00073553,0.00231334,0.00010341,1.659e-05,0.00100421,0.00026833,0.00619526,0.00185551,0.00017021
DX.1.3.46.670589.26.802544.25.20190911.103111.290832.0.png,0.844798,0.00014177,0.3445274,0.09909473,0.5511612,0.00949216,0.03169551,0.721684,0.0159031,8.9e-06,5.94e-05,0.0137799,0.00134186,0.00906367,6.45e-06,0.0001803,0.00846901,0.0148691,0.00052183
CR.1.3.12.2.1107.5.3.57.20200.11.201910231508090875.png,0.04196343,0.25993317,0.11784906,0.11746408,0.35686105,0.74174494,0.00434714,0.5750232,0.11127093,0.31130728,1.215e-05,0.00409007,0.00034329,0.00102216,0.00030583,2.287e-05,0.00255666,0.00187419,0.00294481
DX.1.2.0030639500033887682019101708265181825250.png,0.04242202,0.00033567,0.0666738,0.1006934,0.82640344,0.0105764,0.5961475,0.00193734,0.00045969,0.0151867,0.00010736,0.12926914,0.00045739,0.00029523,0.00027826,0.00535421,0.00935278,0.00909599,0.00060054
DX.1.3.46.670589.26.802544.25.20191113.91910.308823.0.png,0.0406932,0.00197368,0.00035178,0.00137007,0.00950108,0.00082769,0.00415522,0.00082297,0.00043181,0.00254221,0.09955383,0.00085093,2.71e-05,0.00029812,0.0002444,0.00140478,0.00436014,0.00109663,0.00037445
DX.1.2.0031182800034188452019110508184489069015.png,0.0024272,0.02557662,0.0049365,0.09636724,0.42375684,0.02588964,0.92522573,0.01230525,8.033e-05,0.62709093,0.00069966,0.23926745,0.00017771,0.00023537,0.01311805,0.00548773,0.05942548,0.002324,0.00069964
CR.1.3.46.670589.26.602199.4.20191111.92935.334405.0.png,0.00971961,0.00976167,0.00045539,0.00027686,0.0041458,0.03046162,0.08615022,0.01667984,0.00176489,0.02515784,0.00109983,0.00320403,1.038e-05,0.00011054,0.0001083,7.589e-05,0.00842296,0.00017267,0.00012318
CR.1.3.12.2.1107.5.3.57.20200.11.201910241557170781.png,0.00011754,0.00117096,0.3660288,8.079e-05,0.8312678,0.00252489,0.35602185,0.00931237,0.00117191,0.02528326,6.913e-05,0.32683688,4.771e-05,8.925e-05,2.329e-05,3.333e-05,0.02682168,0.00539998,0.00021963
DX.1.3.46.670589.26.802544.25.20191111.153735.308167.0.png,6.457e-05,0.5216037,0.0001203,4.502e-05,0.00023146,0.25925177,0.00144886,0.1301419,2.306e-05,0.12152542,0.00722253,0.00036815,0.00041867,0.00052557,0.0050644,0.0003099,0.00554066,0.00027581,0.000884
DX.1.3.46.670589.26.802544.25.20191107.82602.307041.0.png,0.0008124,0.00013407,0.00051641,6.63e-06,0.00424159,0.00137071,0.0976853,3.424e-05,6.357e-05,0.00775975,0.06110086,0.00494953,1.441e-05,0.00024572,0.00012849,0.00113052,0.00578916,0.00069484,0.00036452
5CE5436A181078B.png,0.9172164,0.1723733,0.00486866,0.0726248,0.00121109,0.04938656,0.5847936,0.45930535,0.04109752,0.00105913,0.00055431,0.04658542,0.02664328,0.5431345,0.00019275,0.00029478,0.11588957,0.00495257,0.02403382
5E350EF9545CEC7.png,0.6596475,0.41427204,0.09246498,0.9988238,0.08561883,0.8802224,0.00084825,0.76000285,0.34738287,0.01175807,2.271e-05,0.00083784,0.00196933,0.00011253,0.00044674,0.00256362,0.00141216,0.00059706,0.00177109
DX.1.2.840.113619.2.369.4.2147483647.1572241748.284762.png,0.00426998,0.35107473,5.742e-05,0.00081517,0.00060359,0.00169994,0.00087804,0.00021527,2.982e-05,0.00230273,0.0018273,0.00441102,6.15e-06,0.00016143,0.10146153,0.00012679,0.00271383,0.00020739,0.00011148
5D10321D1658C0D.png,0.00010386,0.1513892,0.00023989,9.601e-05,0.18322244,0.00025541,0.1702342,0.03995576,1.83e-06,0.00133281,0.02051807,0.00090862,6e-06,3.1e-06,0.00037392,3.758e-05,0.00144185,0.00216006,0.0001611
DX.1.2.00282579000343587220191115082740336589890.png,4.568e-05,0.0044813,0.00398132,0.00013691,0.0321525,0.00011768,0.89226294,0.00041851,8.51e-06,0.00055623,8.251e-05,0.03889328,2.87e-05,0.00223034,0.00386311,0.00026671,0.00234587,0.00161641,0.00164221
DX.1.3.46.670589.26.802544.25.20191118.113829.310247.0.png,0.995901,0.01196021,0.9009948,0.99983066,0.40920368,0.9988803,0.0020021,0.9963387,0.9971963,0.01524627,1.612e-05,9.459e-05,0.01012367,0.01239631,0.00014893,0.00020051,0.00068704,0.00329678,0.00429956
DX.1.2.392.200036.9125.4.0.487556241.467756438.2795306561.png,0.03466006,0.0054517,0.2768121,0.00637913,0.01896439,0.0007887,0.10364962,6.736e-05,0.00011143,0.0011974,0.00022067,0.00993678,0.0001318,0.01294285,0.00071575,0.00115964,0.00057607,0.04485537,0.1027936
DX.1.2.840.113619.2.369.4.2147483647.1572931698.721191.png,0.00240554,0.00538872,0.00010066,2.939e-05,0.00235577,0.00022757,0.06686238,8.046e-05,1.561e-05,0.00017478,0.0717365,0.00884759,3.538e-05,6.708e-05,0.00231466,0.00040482,0.00048652,0.00029628,0.00025867
DX.1.2.392.200036.9125.4.0.487563892.1461413270.2795306561.png,0.09115407,0.00039881,0.8657065,0.00221764,0.5518572,9.162e-05,0.02074351,0.00105741,0.0011178,1.486e-05,0.00011139,0.05207373,4.484e-05,0.01755828,0.00020695,0.04115706,0.0002945,0.20244253,0.00809615
DX.1.2.0030969500033962442019102208495190846156.png,1.651e-05,0.00032342,0.00011791,3.828e-05,0.0520376,0.00420987,0.8598542,0.00010113,2.084e-05,0.31607863,0.05234866,0.1620084,3.858e-05,0.00034619,0.00146611,0.00022827,0.2018043,0.00049009,0.00142622
DX.1.2.840.113619.2.369.4.2147483647.1573604173.179353.png,0.9532947,0.00345164,0.01518946,0.09599308,0.87759143,0.00675405,0.07447882,0.96752334,0.02393048,0.00037304,0.00010801,0.00136101,0.00078717,0.00011753,0.00022494,0.00286308,0.00012282,0.00530886,0.00086337
DX.1.2.00308329000342095420191106080908174893390.png,0.00083008,0.00344828,0.00642998,0.00063154,0.00865725,0.00238816,0.94245064,0.00024431,3.573e-05,0.0482238,0.00027377,0.19933632,0.0001354,0.00141976,0.00065076,0.0004096,0.00788921,0.00028755,0.00098371
DX.1.2.00316037000342505420191108090605351110062.png,0.00648036,0.06254256,0.00108984,0.00720086,0.02433825,0.00266178,0.4573326,0.17823382,6.954e-05,0.00088712,0.0003165,6.433e-05,0.00020556,0.00023441,0.0023211,0.00034036,0.00055299,0.00315853,0.00043615
DX.1.2.00313822000342642920191109080503433847687.png,0.00209343,0.48359755,0.00012378,0.05222957,0.01772011,0.55775213,0.07514666,0.27743894,1.836e-05,0.57747996,6.326e-05,0.00109575,0.00018515,0.00025149,0.00037783,0.00050719,0.01219373,0.00336226,0.00022385
CR.1.2.156.600734.516764694.533640.1571618201.42.0.3.png,0.07475542,0.07649124,0.47576493,0.06011741,0.39973435,0.07070076,0.00013146,0.06714414,0.00026783,0.00041229,4.57e-06,0.13148071,4.93e-05,0.00175213,0.00067174,0.00290298,0.00023686,0.00355882,0.00039318
CR.1.3.12.2.1107.5.3.57.20200.11.201911181108330578.png,0.001989,0.0018997,0.41037208,0.00017208,0.8610448,0.00058523,0.41785607,0.0014691,0.00094638,0.00548932,0.0002752,0.17369749,0.00035527,0.00107791,0.00014057,2.526e-05,0.00486931,0.02013572,0.00121994
5E1915BE1AD8F24.png,0.00088491,0.9923304,3.681e-05,0.00291681,0.00090497,0.00440601,0.00294594,0.03916446,6.307e-05,0.00048691,0.00039635,0.00013398,3.104e-05,1.346e-05,0.25913876,0.00018739,0.00020468,0.0001256,0.00024179
DX.1.2.840.113619.2.369.4.2147483647.1573007602.985096.png,0.06412242,0.6360144,0.00016088,0.0044898,0.00097088,0.00342782,0.00011547,0.00129254,0.00017345,0.00090831,7.469e-05,0.00141989,3.064e-05,0.00026909,0.13264322,0.00041691,0.0033665,0.00020651,0.00033235
5BEB734F16582A7.png,0.03820412,0.01431616,0.01871256,0.40196,0.00125471,0.08311712,0.10150104,0.00208688,0.00019157,0.00126497,0.00023012,0.0004209,3.911e-05,0.00075226,0.00043903,0.00663284,0.000177,0.00922963,0.00302455
DX.1.2.0031207200034081902019102911163799917062.png,1.768e-05,0.00114169,0.00033018,0.00014427,0.35554677,0.00096482,0.9851996,0.00036597,9.1e-06,0.07008478,0.00094624,0.06017666,7.392e-05,0.00041669,0.00161416,0.00105655,0.01094788,0.00202164,0.00054932
DX.1.2.00292708000340250120191025083016348871250.png,0.00126452,0.00684339,0.03650331,0.00227474,0.7568942,0.00383938,0.8750784,0.00368883,0.00019883,0.0034246,8.788e-05,0.1522756,0.0002126,0.00021506,0.00038635,0.00054669,0.00201123,0.00102352,0.00018867
DX.1.2.840.113619.2.369.4.2147483647.1573085029.205524.png,0.12704326,0.03738778,8.9e-05,0.00942705,0.00724174,0.00029442,0.01869197,0.00055979,0.0005706,9.833e-05,0.00134227,0.00086452,8.9e-06,3.068e-05,0.00225394,0.00082001,0.00107181,0.00057186,0.00021303
DX.1.2.0030970100033962502019102208343289927312.png,5.381e-05,0.00058278,0.00044112,6.101e-05,0.0503808,0.00042229,0.9627144,0.00043937,8.29e-06,0.01361525,0.00477994,0.01253345,1.566e-05,0.00047049,0.00063513,0.00018371,0.04181195,0.00048176,0.00086925
DX.1.2.0030835200034138532019110108465490496687.png,0.68015337,0.00148733,0.00091962,0.04921532,0.02616638,0.00015699,0.11003631,0.00233241,0.00154741,0.00022886,6.689e-05,0.01994045,4.62e-06,0.00062163,0.00022052,0.00830503,0.00309842,0.00037576,0.00112918
5C886DFC1DE82F0.png,0.7944567,0.01040575,0.06691496,0.29500863,0.8433457,0.04127229,0.00669331,0.9880349,0.69098127,0.00683598,1.933e-05,0.00024102,0.0001712,0.00045578,6.8e-06,0.0001228,0.00069835,0.0005721,6.419e-05
5C36FBD819FC340.png,0.07037872,0.00060685,0.9880612,0.00996738,0.9714649,0.00622342,0.0350741,0.02225046,0.00532528,6.694e-05,5.676e-05,0.00118482,0.00013285,0.0007375,2.391e-05,0.00034376,6.309e-05,0.06656634,0.00792321
CR.1.3.12.2.1107.5.3.57.20200.11.201911051015110859.png,0.13113578,0.00082246,0.27927208,0.01508712,0.02153225,0.6872732,0.01306466,0.00026155,0.00490127,0.09210664,8.72e-06,0.194891,0.00023109,0.00253369,0.00038899,7.39e-06,0.3865404,0.00060173,0.00170017
CR.1.2.156.600734.516764694.1648.1573821119.1900.0.1.png,0.00149897,8.887e-05,0.9097541,0.00115942,0.9935395,0.00034601,0.0123901,0.00034588,0.00032623,0.00037262,0.0001489,0.98920983,0.0002916,0.00759444,0.00072834,0.00038204,0.00521013,0.00401614,0.00013679
DX.1.2.840.113564.920101.20191113093725437370.1003000225002.png,0.08949801,0.0051521,0.00057162,0.005048,0.00295012,0.00902416,0.08540303,0.00223554,0.00024319,0.0023609,0.06916427,0.00135838,0.00028207,0.00026774,0.0005665,0.00879084,0.00072885,0.00295145,0.00055516
DX.1.2.840.113619.2.369.4.2147483647.1572834957.114083.png,0.42105487,0.0004721,0.00189165,0.00312637,0.03670158,0.00013947,0.10344446,0.00180712,0.00085224,7.05e-06,0.00085802,0.00654118,2.32e-06,0.00036884,0.00077466,0.00508879,0.00019232,0.00106561,5.144e-05
DX.1.2.00258363000342496720191108085443350427656.png,0.00993828,0.00051851,0.11552079,0.00140197,0.04726237,0.00067074,0.9634376,0.00332475,0.00027833,0.00014044,0.00050976,0.02804886,6.551e-05,0.00064443,0.00010524,0.00365144,9.028e-05,0.00143223,0.00066677
CR.1.3.12.2.1107.5.3.57.20200.11.201911141102220828.png,0.00016584,0.03848921,0.00707928,0.01158995,0.00199489,0.9522689,0.00094405,0.00068062,0.00027243,0.996987,2e-05,0.01281303,0.00034478,0.00258416,0.01125406,2.559e-05,0.97791153,0.00098537,0.00118322
CR.1.3.12.2.1107.5.3.57.20200.11.201910230915020265.png,4.609e-05,0.00317714,0.0006475,3.101e-05,0.5125934,0.00068903,0.60926324,0.0010529,0.00073283,0.09499454,0.00141802,0.02562535,2.35e-05,4.432e-05,0.00011552,2.015e-05,0.02258668,0.00117252,0.00016121
DX.1.2.00315077000342049420191106082415175800437.png,0.00031416,0.00111838,0.00123468,0.00041531,0.00652958,0.00084427,0.998347,0.0005002,1.728e-05,0.02100104,0.00037615,0.01363437,6.137e-05,0.00145918,0.000619,0.00089626,0.00398592,0.0016611,0.00075112
DX.1.2.00292630000340076220191024083949263043750.png,0.04515532,0.00472015,0.6968284,0.0524186,0.9717068,0.08809048,0.13199213,0.02883868,0.00309278,0.00419327,1.102e-05,0.00753432,0.00020128,0.00011499,2.242e-05,6.235e-05,0.0015672,0.04475604,0.00053823
CR.1.2.156.600734.516764694.1648.1574036075.2027.0.1.png,2.461e-05,0.01808784,0.00429496,5.993e-05,0.75460696,0.00011881,0.1053087,0.00047451,2.54e-06,0.01277524,0.00141987,0.35565433,3.11e-05,1.8e-05,0.00206619,0.00040965,0.01508426,0.00181873,1.018e-05
DX.1.2.840.113564.920101.20191106081613593450.1003000225002.png,0.02923028,0.00097482,0.01949289,0.00025729,0.9913526,0.00023871,0.82105255,0.5339993,0.00121518,5.038e-05,0.00019772,0.04885552,1.525e-05,6.282e-05,9.631e-05,0.00084888,0.00024033,0.00229433,6.842e-05
DX.1.2.392.200046.100.2.1.69131194618.191115081420.1.1.1.png,0.14351948,0.0435246,0.000375,0.005451,0.10359314,0.00916657,0.00173582,0.05229207,0.00011182,0.04317524,0.00031329,0.00097364,1.69e-05,0.0002065,0.00041028,0.00507204,0.00108548,0.00062807,3.247e-05
DX.1.2.840.113619.2.369.4.2147483647.1573628674.794675.png,0.07729634,0.0097547,0.00034446,0.00180405,0.00172537,0.00012208,0.43231833,0.00115977,7.586e-05,3.36e-05,0.00103592,0.00088435,1.164e-05,0.0001289,0.0012715,0.0055756,0.00037323,0.00164577,0.00023943
DX.1.2.840.113619.2.369.4.2147483647.1574054126.914620.png,0.9359179,0.5195667,0.04198192,0.9443144,0.22440723,0.00240023,0.00293254,0.6122552,0.00169579,0.0002572,9.38e-06,0.00274559,0.00014107,0.00043823,0.00089158,0.0017747,0.0008107,0.00163081,0.00054324
DX.1.2.392.200036.9125.4.0.487549824.3708577174.2795306561.png,0.2941145,0.00319401,0.9797127,0.0002742,0.02229946,2.289e-05,0.00848592,1.331e-05,0.00022161,1.267e-05,1.599e-05,0.04895646,4.311e-05,0.7891211,0.00676633,0.001246,0.00038576,0.00173834,0.10548425
DX.1.3.46.670589.26.802544.25.20191104.135113.306179.0.png,0.72699,0.00158898,0.0063271,0.23627982,0.0022474,0.7112091,0.01333875,0.05461345,0.06491592,0.18663442,7.376e-05,0.02128101,0.00310155,0.00800058,0.00021164,7.317e-05,0.2978736,0.0004788,0.00409481
5E32866C59A85E7.png,0.00036485,0.12493673,0.00028236,0.00101617,0.27233872,0.00238612,0.23397888,0.0374489,2.615e-05,0.00948133,0.00063124,0.00125971,3.12e-06,0.00010435,0.00016141,0.00030361,0.00595453,0.00470086,3.356e-05
DX.1.2.840.113619.2.369.4.2147483647.1573008172.792539.png,0.00021873,0.15985377,2.599e-05,3.242e-05,0.00251669,0.00073426,0.7380264,0.00596866,9.621e-05,0.00032984,0.02408824,0.00118227,0.00010505,0.00017671,0.00176016,0.00243599,0.002022,0.00042722,8.911e-05
5D04871DF54327.png,0.00307326,0.9519724,0.00257753,0.01053826,0.0003591,0.01205582,0.00011723,0.00366192,8.998e-05,0.00089831,2.567e-05,0.00030528,8.99e-05,0.00024844,0.2889057,0.00237735,0.00042705,0.00113799,0.00523703
DX.1.2.840.113619.2.369.4.2147483647.1573106808.485428.png,0.00693247,0.00363333,0.00015163,8.312e-05,0.05362428,0.0010232,0.18352059,0.00270937,3.093e-05,0.00066696,0.00131054,0.05486513,2.183e-05,0.00032772,1.979e-05,6.303e-05,0.03856624,0.00140984,3.717e-05
DX.1.2.392.200046.100.2.1.69131194618.191028102925.1.1.1.png,0.18711703,0.00053414,0.00018111,0.13441718,0.19678268,0.00103022,0.17324628,0.00023912,0.000647,0.10520513,0.0001634,0.00605138,3.264e-05,9.317e-05,1.897e-05,0.00125826,0.11303848,0.02032816,5.736e-05
DX.1.2.00310932000339866720191023103734183708843.png,0.01457958,0.01200792,9.574e-05,0.01120015,0.00622687,0.00130152,0.4659039,0.00114723,3.925e-05,0.11100639,5.35e-05,0.0076402,2.035e-05,0.00010406,0.00244155,0.00061412,0.01041278,3.185e-05,0.00012563
CR.1.2.156.600734.516764694.906304.1571530664.268.0.1.png,0.00080929,0.00122788,0.00027993,0.0006804,0.07979393,9.016e-05,0.05957626,0.00112209,1.09e-06,0.00023286,0.03565132,0.00634643,1.717e-05,4.97e-06,0.00162914,0.00870428,9.407e-05,0.00104124,0.00013206
DX.1.3.46.670589.26.802544.25.20191113.145122.309000.0.png,0.00040851,0.00240442,0.00010506,0.00011029,0.06893277,0.02016508,0.0371428,0.00032899,1.682e-05,0.37548923,0.00063969,0.04035211,0.00013824,0.00093703,3.988e-05,3.358e-05,0.8103344,0.00101388,0.0001583
5D05FD1B658328.png,0.98800266,0.05346752,0.00048341,0.26608998,0.00482651,0.00148246,0.3156729,0.68639535,0.02422676,9.86e-06,2.679e-05,0.0005507,0.00031237,0.000313,0.00023731,0.00197074,0.00034175,0.00034469,0.00071024
DX.1.2.00267373000343434220191114085739251988859.png,0.00014759,0.00119722,0.00731011,5.417e-05,0.57556534,0.00045616,0.5726289,0.0020702,7.7e-06,0.00169128,0.00013169,0.01818214,3.841e-05,9.508e-05,0.00016194,0.00018765,0.00073816,0.00351546,0.00027421
DX.1.3.46.670589.26.802544.25.20191104.130734.306150.0.png,0.07232099,0.00907499,0.0034312,0.26453555,0.03058255,0.96284,0.00378828,0.2463976,0.00551348,0.81817824,2.753e-05,0.00150779,5.893e-05,0.00020249,2.023e-05,1.515e-05,0.3203354,0.00038909,0.00010751
DX.1.2.00289051000339241820191019080748253482437.png,0.00074697,0.007172,0.05837515,0.00185316,0.09548531,0.03124356,0.4737088,0.002384,0.00016806,0.00650964,3.396e-05,0.00623838,3.121e-05,0.00023098,1.389e-05,0.00012789,0.00060384,0.01107352,0.00045722
DX.1.2.840.113619.2.369.4.2147483647.1572836296.844615.png,0.00059748,0.0212654,0.0013013,4.738e-05,0.28040522,0.00023973,0.9821369,0.3171698,5.063e-05,0.00264244,0.00038761,0.04271674,4.208e-05,2.489e-05,0.0003008,0.00024897,0.00146265,0.00028383,5.059e-05
DX.1.2.840.113619.2.369.4.2147483647.1572248693.543044.png,0.11805549,0.43081403,0.00022475,0.0067442,0.00499094,0.00388755,0.00087829,0.06269139,0.00046097,4.893e-05,0.00227872,6.242e-05,5.489e-05,0.00032332,0.00463167,0.00350392,4.918e-05,0.00025579,0.0003075
DX.1.2.840.113619.2.369.4.2147483647.1574059019.606307.png,0.00242851,0.14150077,0.00013746,0.00016431,0.00106489,0.00154089,0.31282327,0.0142664,7.568e-05,0.00014678,0.00186601,0.00133085,1.696e-05,0.00012051,0.00336372,0.00048645,0.00069372,0.00014837,0.0001088
DX.1.3.46.670589.26.802544.25.20191118.142659.310348.0.png,0.46199217,0.00043904,0.88334185,0.14255165,0.07959218,0.18388456,0.1770116,0.6841943,0.13564827,0.00228856,0.00025195,0.00399338,0.0054459,0.00990561,0.00044762,0.0005164,0.00304975,0.02503455,0.00438877
DX.1.3.46.670589.26.802544.25.20191028.133855.303827.0.png,0.8980604,0.00176956,0.05310389,0.49456915,0.06736524,0.753657,0.00372898,0.64301145,0.77846587,0.00351047,1.285e-05,0.00252359,0.00538204,0.00294646,0.00013744,0.00010199,0.02545926,0.00066849,0.00061068
DX.1.2.00308515000342095620191106074801173625656.png,0.12343866,0.00234542,0.00135148,0.01473094,0.00354042,8.803e-05,0.4566714,0.00016993,0.00015693,4.935e-05,0.00052648,0.01040035,1.796e-05,0.00041069,0.00092121,0.0152701,0.00062979,0.00058435,0.00043327
DX.1.3.46.670589.26.802544.25.20191106.141814.306904.0.png,0.00448356,0.00131194,0.00107543,0.00232493,0.2081076,0.00064256,0.4115602,0.02012086,2.536e-05,0.00068987,0.00627975,0.00036366,1.238e-05,1.538e-05,9.96e-06,0.0003613,0.00043801,0.00427655,0.00036813
DX.1.2.840.113619.2.369.4.2147483647.1573438883.388226.png,0.9925368,0.00755882,0.01004976,0.97294766,0.0707293,0.00080688,0.01917283,0.01136769,0.0045273,9.28e-06,0.00019644,0.00046148,6.693e-05,0.00106108,0.00532139,0.19624943,0.00016614,0.00652565,0.00121568
DX.1.3.46.670589.26.802544.25.20190911.110837.290865.0.png,0.08348634,0.03888114,0.00166062,0.915607,0.00134591,0.93711454,0.00361977,0.1921568,0.00317453,0.08947988,6.963e-05,0.00037933,6.547e-05,0.00032788,0.00033365,6.678e-05,0.06487838,0.00151109,6.7e-05
DX.1.2.392.200036.9125.4.0.487536508.1764451734.2795306561.png,0.8754476,0.00041849,0.3487001,0.2943817,0.4451615,0.00110427,0.01003193,0.00140862,0.04006536,0.00031754,2.728e-05,0.02247818,0.00033883,0.00133025,5.872e-05,0.00320019,0.00044977,0.01244055,0.00075714
DX.1.2.840.113619.2.369.4.2147483647.1573698409.745590.png,0.6278171,0.04058722,0.02254721,0.01607388,0.00138142,0.00309528,0.00125805,0.00078108,0.00269455,6.94e-06,3.661e-05,0.00357244,6.457e-05,0.04079065,0.00046369,0.00054055,0.00034439,0.00069987,0.00261786
5E0EA27F2408C2F.png,0.9962579,0.00323949,0.42065415,0.73076624,0.16456617,0.7721366,0.00028797,0.15647562,0.94908273,0.00748589,1.742e-05,0.00159695,0.00042632,0.00197778,2.435e-05,2.18e-05,0.00503082,0.00065834,0.0003024
5E3B5DE340707E0.png,0.977532,0.04995404,0.00029138,0.130823,0.00121569,0.00275073,0.00099119,0.00066053,0.41747275,9.49e-06,0.00183071,0.00053953,2.565e-05,5.825e-05,0.00347801,0.01237496,0.0006839,0.00267018,0.0001179
DX.1.2.392.200036.9125.4.0.487561585.366372246.2795306561.png,0.6215843,0.00036234,0.96097,0.00460309,0.6912574,0.00152735,0.42212248,0.00090018,0.00696668,0.00018405,0.00046704,0.05595807,0.0003146,0.39986157,1.679e-05,0.00264164,0.05274309,0.4762279,0.02516129
5E24FAD325A0242.png,0.00233666,0.00364554,0.7192398,0.00191724,0.9984925,0.00212709,0.05016238,0.208616,0.00286199,0.00135893,6.67e-05,0.00384759,0.0001316,0.00022356,4.385e-05,0.00021559,0.00051524,0.21981993,6.717e-05
5E05A5575A4C6DC.png,0.00054245,0.5813704,0.00014814,0.00263834,0.00236881,0.03352329,0.01083298,0.01134103,0.00014019,0.00443192,0.00038213,0.00060849,1.822e-05,1.481e-05,0.00700562,6.888e-05,0.00273659,0.00058988,0.00012856
DX.1.2.00292057000339114920191018092751171884937.png,0.01029475,0.00040787,0.00120674,0.00178035,0.00312136,0.00030423,0.72333026,0.00017671,1.109e-05,0.00043672,0.0004807,0.00745305,2.682e-05,0.00118194,0.00016038,0.00261866,0.00069669,0.00077483,0.00052092
5E01A8F24DA4262.png,0.9986444,0.00126194,0.99960107,0.67569995,0.02110094,0.6272936,0.00216065,0.00229555,0.8795252,1.958e-05,3.616e-05,0.01552642,1.727e-05,0.00673732,5.253e-05,0.00570121,0.00035009,0.01078756,0.00066919
DX.1.2.840.113619.2.369.4.2147483647.1572912271.94330.png,0.01448164,0.14796603,0.00242458,0.30979213,0.09324697,0.00731292,0.05513772,0.20991802,0.00011322,0.019397,2.357e-05,0.03133116,0.00034049,0.00026229,0.00062921,0.00030599,0.00271999,0.00034803,8.325e-05
DX.1.2.840.113619.2.369.4.2147483647.1568179390.78374.png,0.03654216,0.01691412,0.00010051,0.00142231,0.00597222,0.00056357,0.41675004,0.00422224,8.33e-06,0.0005045,0.00045178,0.05060228,2.563e-05,0.000618,3.655e-05,0.00010304,0.00198586,0.00034661,0.00021521
DX.1.2.840.113564.920101.20190911084958250780.1003000225002.png,0.12582572,0.00248405,0.0007926,0.00233995,0.40974957,0.00020363,0.00240233,0.00159668,0.00079703,0.00037249,0.00300257,0.00376349,6.571e-05,0.00219824,0.00034768,0.00465361,0.00296896,0.00291772,0.00095811
DX.1.2.003129320003411809201910310823222685578.png,0.01170047,0.00019965,0.00814626,0.00086952,0.7681378,5.387e-05,0.820619,0.00237362,0.00023686,9.558e-05,0.00019034,0.01216269,9.187e-05,0.00035577,9.698e-05,0.00169992,0.00048463,0.01323467,0.00025436
5E24F3571AA429D.png,0.00160291,0.17237043,0.00192234,0.01868255,0.00565696,0.00027706,0.01175214,0.0009942,1.802e-05,0.00302647,0.00048302,0.00779742,3.59e-06,0.00014994,0.00530692,0.00055835,0.00071462,0.00054639,9.964e-05
CR.1.2.156.600734.516764694.1648.1572493288.767.0.3.png,0.03662076,0.14422664,0.00050858,0.00161446,0.00437877,0.00018484,0.00319691,0.00159712,3.928e-05,6.963e-05,0.03976441,0.00614634,6.946e-05,2.98e-05,0.02047838,0.00806293,0.0001633,0.0002907,0.00031669
CR.1.3.46.670589.26.602199.4.20191113.90534.334448.0.png,0.2352918,0.01852718,0.00064471,0.04735093,0.00252948,0.4245668,0.00179877,0.00056149,0.03181717,0.14057203,0.01215798,0.00118184,5.876e-05,0.00024778,0.00030996,0.00022066,0.2973512,0.00065494,0.00042729
5DC0DE9D2C9C001.png,0.0002218,0.40972573,0.00153605,0.00179725,0.02656978,0.21334244,0.0150452,0.6896722,0.00477631,0.00958533,3.892e-05,0.00750642,0.00012758,0.0001457,9.73e-06,4.234e-05,0.15540043,0.00086336,7.432e-05
DX.1.2.840.113564.920101.20191114083632343220.1003000225002.png,0.00230116,0.00324119,0.0008499,0.00057917,0.986945,5.662e-05,0.9303102,0.17177224,1.17e-05,0.00176509,0.00030171,0.35334292,4.002e-05,1.791e-05,0.00022999,0.0004899,0.00881638,0.00212297,5.107e-05
DX.1.2.392.200036.9125.4.0.487529847.4281230742.2795306561.png,0.01698457,0.0030819,0.2143952,0.0099853,0.31116262,0.00042096,0.05216998,9.906e-05,1.394e-05,0.00010255,0.00019878,0.00199136,8.351e-05,0.02731828,0.00101124,0.00864555,0.00074999,0.25954697,0.0267417
CR.1.3.46.670589.26.602199.4.20191118.90257.334492.0.png,0.10413775,0.01972302,0.00106933,0.01190506,0.00121743,0.03517045,0.00049019,0.0010789,0.00821589,0.04267049,0.00454459,0.00103921,1.78e-05,0.00023205,0.00252599,0.00013275,0.11009526,0.00045039,0.00016918
5E001B7F333C779.png,0.00452823,0.07926567,0.00053647,1.829e-05,0.01599049,0.00048336,0.00257162,0.0077426,0.0006198,0.00015973,0.0045995,0.03251904,8.13e-06,0.00038577,0.00033707,0.00018371,0.04968232,0.00022194,2.375e-05
CR.1.3.12.2.1107.5.3.57.20200.11.201910241031550468.png,0.00070616,0.0146143,0.2149508,0.02612286,0.02987911,0.98470485,0.00778206,0.01066281,0.00213819,0.9608532,4.352e-05,0.00834857,0.00023843,0.00088721,0.00092547,4.578e-05,0.77163184,0.00498647,0.00057424
5D2E7CCC2F3C2A3.png,0.99578273,0.0007446,0.90926474,0.2031861,0.40544125,0.80358154,0.00026147,0.12516461,0.7080285,2.215e-05,1.295e-05,0.00548809,3.17e-05,9.253e-05,4.66e-06,0.00037048,0.0032033,0.00476804,0.00010287
CR.1.3.12.2.1107.5.3.57.20200.11.201911011004420750.png,0.00013477,0.30579948,0.00408876,0.00766564,0.00584307,0.68732864,0.00268116,0.00937893,1.195e-05,0.9394138,0.00011244,0.03704702,8.834e-05,0.00061928,0.00062442,4.204e-05,0.33658564,0.00374358,6.69e-05
CR.1.3.46.670589.26.602199.4.20190910.82226.331822.0.png,0.26566836,0.37751785,0.00025078,0.06815516,0.02283949,0.661558,0.00944926,0.26084268,0.06382337,0.00057065,0.00019972,0.00021633,5.43e-05,3.744e-05,8.383e-05,2.361e-05,0.00294514,0.00046213,6.11e-05
5E12A61720C0200.png,0.99407226,6.358e-05,0.97512347,0.05455748,0.030281,0.0191378,0.00342092,0.0013846,0.21249342,3.145e-05,4.437e-05,0.04683413,0.00051751,0.27145597,6.209e-05,0.00010453,0.10297707,0.35293403,0.00363747
CR.1.3.12.2.1107.5.3.57.20200.11.201910280851250546.png,0.21940985,0.01624136,0.00012493,0.0080663,0.00994078,0.00752951,0.01317036,0.00103371,0.00081998,0.04288524,0.01852408,0.00888922,6.735e-05,0.00010832,0.00072632,0.0005975,0.26746583,0.00047996,6.313e-05
DX.1.2.00283928000343415620191114085453251822968.png,0.00230311,0.00054962,0.02454398,0.00032296,0.9327969,0.00047777,0.6239189,0.00030628,3.444e-05,0.00128484,0.00013799,0.32902488,5.68e-05,9.775e-05,8.696e-05,0.00046846,0.00135268,0.00148556,0.00010311
DX.1.2.392.200046.100.2.1.69131194618.191026093600.1.1.1.png,0.00211907,0.00064405,0.00182371,0.0002509,0.6148987,0.00014811,0.9382999,0.00052685,1.676e-05,0.00449461,0.00335443,0.12679508,6.352e-05,9.085e-05,0.00266496,0.00041494,0.00385655,0.00118374,9.818e-05
5CF5BD5B1D4474A.png,0.9994324,0.00100291,0.9490379,0.24953195,0.03590727,0.13109823,0.00068874,0.04746082,0.8676137,3.196e-05,1.138e-05,0.05147094,4.124e-05,0.00203834,4.333e-05,0.00242238,0.00086331,0.01940856,0.00060522
5B5533C61360812.png,0.00621664,0.027326,0.00190958,0.0001675,0.0932403,0.0001555,0.06048576,0.07926024,2.588e-05,4.029e-05,0.553429,0.00210635,1.167e-05,2.411e-05,0.00169841,0.00010533,0.00020777,0.0003164,7.184e-05
5B39A0011D6015F.png,0.00126931,0.01912895,0.00505839,9.953e-05,0.05888904,0.00230197,0.08028994,0.025911,6.648e-05,0.00018847,0.0007875,0.00323748,2.468e-05,0.00049366,0.00255101,0.00028955,0.0015537,0.00429596,0.00017761
CR.1.3.12.2.1107.5.3.57.20200.11.201910261500250796.png,0.00918331,0.0613312,0.00229057,0.00602043,0.00101954,0.21692564,0.03597488,0.00589873,0.00050105,0.65351635,0.00097633,0.00277168,0.00013639,0.00031354,0.00065198,0.00031672,0.1276876,0.00657126,0.00117626
5DF58B161C2C2F8.png,0.8253981,0.00300101,0.10773011,0.04556909,0.01406765,0.01412453,0.00370107,0.0009178,0.18055119,6.99e-06,0.00043769,0.00429295,2.06e-06,0.00047433,1.037e-05,0.00038218,0.00223784,0.00312143,0.00019563
DX.1.2.840.113564.920101.20191113081751843630.1003000225002.png,0.01600339,0.00054399,0.00015665,0.00029637,0.00703487,0.00026584,0.11474228,0.00051168,1.387e-05,0.00017954,0.00289184,0.0021652,9.75e-06,0.00022095,0.00120562,0.00150075,0.00027272,0.00130504,0.00070576
5DF97869296457B.png,0.00313147,0.06072306,2.359e-05,0.00384197,0.00032096,0.00290792,0.0006039,0.00015566,7.51e-06,0.00864327,0.00332042,0.0029598,1.188e-05,2.241e-05,0.01628871,0.0018407,0.01908003,6.759e-05,2.587e-05
DX.1.2.0030660900033889822019101708490683159750.png,0.00600952,0.00735811,0.0006041,0.0414208,0.04919927,0.00069785,0.5559356,0.02720675,2.766e-05,0.00209564,0.00060553,0.00017391,8.627e-05,3.367e-05,0.00338905,0.00070318,9e-05,0.00113582,0.00228869
DX.1.2.840.113619.2.369.4.2147483647.1573541412.756153.png,0.8523245,0.00939802,0.00201859,0.03270992,0.03321181,0.00014508,0.05180028,0.0242085,0.00342871,3.52e-06,0.00045467,0.00145739,1.601e-05,0.00021507,0.00032811,0.01340441,2.951e-05,0.00097115,0.00056214
DX.1.2.00309933000340454720191026090449437344171.png,0.00119204,0.03738262,0.00078371,0.01466836,0.12450957,0.06795552,0.50114405,0.01292736,0.00025616,0.01342181,0.00012914,0.01636715,0.00012597,0.00115567,0.00012178,0.00166882,0.05898757,0.00041362,0.00029864
CR.1.2.840.113564.199912075.2019102321565598249.1203801020003.png,0.00033921,0.00693879,2.981e-05,5.93e-06,0.00372724,0.00302304,0.04831452,0.0001123,7.07e-05,0.01077576,0.018413,0.011695,0.00016028,0.00019609,0.00022069,6.39e-05,0.02923952,0.00141544,0.00035895
5CF7160321C4316.png,0.00049379,0.6055918,1.061e-05,0.00084297,4.811e-05,0.01049315,0.00029955,0.00064292,3.422e-05,0.00158618,0.10971394,0.00025714,1.466e-05,2.611e-05,0.03628995,0.00015702,0.00488304,0.00012618,0.00010307
CR.1.2.156.600734.516764694.906304.1571272998.71.0.1.png,0.8805354,0.00019315,0.97237074,0.23030145,0.98992926,0.00126245,0.00532221,0.00146789,0.00488263,2.595e-05,3.995e-05,0.89731944,5.049e-05,0.00048907,5.774e-05,0.01727309,0.00024144,0.00114992,0.00041226
DX.1.2.840.113619.2.369.4.2147483647.1573517783.637356.png,0.18243355,0.10106082,0.00044392,0.00574376,0.00077345,0.0023013,0.00011841,1.681e-05,8.806e-05,0.00383083,6.791e-05,0.01982639,3.6e-06,9.654e-05,0.01138709,0.00316178,0.02275943,0.00012698,7.202e-05
5C9C769424EC717.png,0.06366043,0.01624325,0.00359083,0.00121426,0.3746491,0.00045253,0.02618407,0.30991733,0.00191437,7.318e-05,0.00033915,0.01447302,2.114e-05,0.00019211,0.00016879,6.362e-05,0.00662271,0.00036088,3.211e-05
DX.1.2.840.113619.2.369.4.2147483647.1572846817.170865.png,0.02863867,0.15980351,0.00017677,0.00135741,0.00054091,0.00248528,0.00368189,5.109e-05,5.114e-05,0.0004027,0.00615922,0.0336496,6.84e-06,0.00019722,0.00169236,0.00235192,0.00084956,0.00039039,0.00019611
5D07466D2514C28.png,0.00208151,0.83189386,6.006e-05,0.00103243,0.00014893,0.00168852,0.00077892,0.00046067,1.334e-05,0.00215127,0.00402578,0.0018918,1.63e-05,7.701e-05,0.03490303,0.00010689,0.00221932,0.00080782,0.00011645
5CFDC7751F54499.png,2.236e-05,0.05529849,0.02162051,0.00019042,0.28378204,0.00493969,0.07098689,0.05410647,0.00032331,0.00074452,0.00036645,0.01171962,1.056e-05,7.097e-05,0.00032283,6.039e-05,0.0028713,0.00298798,7.148e-05
5DD5EC12384CB0C.png,0.95537055,0.1071146,0.0169151,0.05353443,0.00201382,0.00180949,2.077e-05,0.00096066,0.05849408,3.06e-06,0.00011826,0.00233421,3.152e-05,0.0003937,0.0001106,0.00173602,0.00065251,0.00051746,9.76e-05
DX.1.2.00228107000343402720191114081125249215578.png,4.615e-05,0.0003507,0.08971032,6.769e-05,0.9433736,0.00014951,0.90955406,0.00094189,1.55e-05,0.00227466,0.00035225,0.6777492,2.092e-05,0.00039668,0.00049691,0.00072399,0.00273428,0.00090645,0.00020711
DX.1.2.840.113619.2.369.4.2147483647.1572998997.167231.png,0.9825768,0.09167511,0.02934236,0.12974192,0.00604591,0.00718853,0.0002774,0.00419194,0.06093146,3.826e-05,3.302e-05,0.00455604,4.196e-05,0.11223321,0.00261941,0.00098705,0.00032092,0.00021965,0.01074966
DX.1.2.840.113564.920101.201911050917026097.1003000225002.png,0.09707384,0.6635881,0.00029884,0.772579,0.00490494,0.6596107,0.00064448,0.38626793,0.00014807,0.78458554,3.932e-05,0.0149824,0.00010641,0.00062631,0.00019371,7.516e-05,0.3848465,0.00123197,3.305e-05
DX.1.2.840.113619.2.369.4.2147483647.1573603361.314608.png,0.00356186,0.01118032,6.251e-05,0.00015615,0.09186632,0.00028681,0.37115425,0.00737584,1.364e-05,0.00092994,0.00147999,0.01395191,4.82e-06,2.182e-05,0.00024971,0.00057085,0.00034152,0.00042799,1.983e-05
CR.1.3.46.670589.26.602199.4.20190910.94247.331872.0.png,0.00224671,0.04677866,2.819e-05,0.00016013,0.00078165,0.02165564,0.00817842,0.00083805,0.00010206,0.03729045,0.003455,0.0018641,1.115e-05,2.215e-05,0.00354432,0.0001403,0.01939732,0.00023261,4.348e-05
DX.1.2.840.113619.2.369.4.2147483647.1573455590.437301.png,0.05128181,0.01299748,7.194e-05,0.03791357,0.039494,0.001198,0.01476435,0.00081842,1.683e-05,0.00685918,0.00035539,0.00383925,4.26e-06,6.167e-05,0.00050687,0.00239409,0.00417452,0.00025212,4.075e-05
CR.1.2.156.600734.516764694.1648.1571889138.237.0.1.png,0.00033439,0.00197816,0.9758146,0.00010146,0.992605,0.00048418,0.00989687,0.00028138,9.265e-05,0.00216452,5.552e-05,0.9919793,0.00013963,0.00093933,0.00020203,0.00020306,0.03453007,0.00379393,5.478e-05
DX.1.2.840.113619.2.369.4.2147483647.1573021350.907059.png,0.00128255,0.12998532,2.049e-05,0.00017948,0.00112824,0.00637979,0.01323713,0.00765721,8.236e-05,0.00114019,0.00061846,0.00167921,1.444e-05,4.519e-05,0.00014452,0.00019261,0.02112975,0.00257952,8.32e-06
5DF5DA09E5413C.png,0.94736606,0.00115463,0.00189383,0.00391665,0.0466737,0.00049655,0.00548292,0.0277414,0.03489923,6.581e-05,0.00083417,0.00470734,0.00036734,0.02241211,5.42e-05,0.00139837,0.00475258,0.00052819,0.00570749
DX.1.2.840.113619.2.369.4.2147483647.1574050638.25536.png,0.96737367,0.6710894,0.00103403,0.00805843,0.00010201,0.11472625,0.00022934,0.01173766,0.00680632,0.00014632,0.00063208,0.01294856,2.196e-05,0.00251782,0.0017785,0.00016448,0.01559695,4.12e-05,3.415e-05
DX.1.3.46.670589.26.802544.25.20191111.80558.307851.0.png,0.6662122,0.00023176,0.22975136,0.06480826,0.76925427,0.07007236,0.10131212,0.87163574,0.0099552,3.486e-05,3.953e-05,0.0065068,0.00022364,0.00253711,2.97e-06,2.574e-05,0.01290312,0.00166026,0.000259
DX.1.3.46.670589.26.802544.25.20191118.131807.310308.0.png,0.04357965,0.21999882,0.01180532,0.00357953,8.329e-05,0.09318959,0.00327766,0.00361179,0.00224194,0.00186283,8.882e-05,0.0227415,3.088e-05,0.002681,0.00030563,3.412e-05,0.09414615,0.00039254,0.00013261
5D12BB8B580CF3B.png,0.1057071,0.10493877,0.0054408,0.00789958,0.00848695,0.00232084,0.00462322,0.12106441,0.00051079,1.707e-05,0.00036523,0.00010801,8.121e-05,0.0011762,0.01000493,0.00121988,2.881e-05,0.00538685,0.00082331
CR.1.2.156.600734.516764694.1648.1571918763.256.0.1.png,0.3263124,0.00358301,0.01350036,0.00174967,0.01221491,0.0005632,0.03409804,0.00160097,0.00104943,0.00023005,0.00926993,0.01206149,0.00389947,0.00206574,0.00421716,0.09347822,0.00057235,0.0014515,0.01566582
5B42A8491DAC0C3.png,0.0475925,0.94888175,0.00597868,0.04059156,0.0012137,0.0090185,0.00047015,0.07314092,0.00102567,0.00019796,0.00097807,0.00053962,3.883e-05,0.00072057,0.12506522,0.00029966,0.00022125,0.0002022,0.00046133
DX.1.2.840.113564.920101.20191106134520031300.1003000225002.png,0.85325694,0.00258287,0.00070489,0.00197094,0.05724893,0.00096552,0.00276218,0.00081297,0.0030211,8.127e-05,0.00015846,0.02308316,1.644e-05,0.00100375,0.001454,0.00029792,0.00457766,0.00019725,8.302e-05
5AFA4FB9264FF4.png,0.9940988,0.00553038,0.59347284,0.9430201,0.94599986,0.62489045,0.02507752,0.9680948,0.40049165,0.00056079,7.788e-05,0.00055633,0.0155746,0.00065366,4.619e-05,0.00756651,0.00050376,0.00602173,0.00897931
DX.1.2.0030961800033961842019102208070688281109.png,6.845e-05,0.00502882,0.00019122,0.00058786,0.07767988,0.00250311,0.9737323,0.00227464,1.442e-05,0.08864305,0.00689227,0.03128856,4.214e-05,0.00026525,0.00064997,0.00111201,0.02974901,0.00046318,0.00126856
DX.1.2.392.200036.9125.4.0.487526020.52061590.2795306561.png,0.03790558,0.00190934,0.5065985,0.00016042,0.43367255,2.395e-05,0.03059032,5.497e-05,1.935e-05,5.677e-05,0.00021423,0.02716786,2.377e-05,0.01048461,0.0003895,0.00233563,0.00025379,0.09355205,0.02884819
CR.1.3.12.2.1107.5.3.57.20200.11.201910231528160000.png,0.24741045,0.00033158,0.80277616,0.00167159,0.33941263,0.10513811,0.00942358,0.00268703,0.07561113,0.00273465,4.372e-05,0.16284244,6.095e-05,0.00135376,2.341e-05,6.76e-06,0.02540342,0.0019035,7.187e-05
DX.1.2.00313270000341480220191102075423173745812.png,0.1063676,0.01448785,0.00057272,0.06210983,0.01525596,0.00026149,0.6629154,0.0080288,3.626e-05,0.00199034,0.00113029,0.00247026,3.643e-05,0.00064393,0.01140115,0.00063382,0.00096374,0.00016108,0.00026562
DX.1.2.840.113619.2.369.4.2147483647.1573007879.243369.png,0.00644125,0.00191862,0.00239969,0.00103837,0.01855667,0.00099326,0.15616374,6.542e-05,0.00012902,0.00121496,0.00147442,0.02934302,0.00016908,0.0001696,0.00015021,0.00090087,0.00075562,0.00250688,0.00036666
DX.1.2.840.113619.2.369.4.2147483647.1573448298.364890.png,0.68983346,0.18580867,0.02027604,0.155765,0.00286015,0.00505478,0.00016687,0.00121147,0.00061181,8.042e-05,1.245e-05,0.0048528,0.0001024,0.01213298,0.01131371,0.00407637,0.00045426,8.213e-05,0.00144178
DX.1.2.840.113564.920101.20191118093208468130.1003000225002.png,9.117e-05,0.00290811,9.622e-05,1.04e-05,0.00315816,0.00116354,0.37573743,0.00022958,5.73e-06,0.01738725,0.06327752,0.00342397,3.2e-05,7.465e-05,0.00129652,0.00064882,0.00256103,0.00139631,0.00022266
DX.1.2.840.113619.2.369.4.2147483647.1572247213.889588.png,0.06133466,0.00277973,0.0001867,0.00041591,0.00250526,0.00029808,0.00887549,4.302e-05,0.00014331,8.09e-05,0.00190372,0.00701202,6.84e-06,0.00037711,0.01134427,0.00164688,0.00084824,0.00014492,8.834e-05
5E06A6B6402804F.png,0.9742604,0.29901898,0.8975298,0.95482326,0.0007382,0.9917356,0.00020404,0.02265219,0.990411,0.00010634,1.878e-05,0.00050977,0.00291572,0.00088134,0.00125595,0.00051391,0.00222895,0.00077346,0.00048187
DX.1.3.46.670589.26.802544.25.20191107.111345.307162.0.png,0.35510057,0.00286674,0.03312148,0.03819538,0.03534445,0.00861654,0.02841778,0.00261436,0.00469525,1.676e-05,0.00053995,0.00059518,3.222e-05,0.00029219,0.00031418,0.00012423,0.00049473,0.00371322,0.00036457
DX.1.2.840.113619.2.369.4.2147483647.1572241703.68529.png,0.9581472,0.01860992,0.48514268,0.90840375,0.38144267,0.4884017,0.00057197,0.4061945,0.98439234,0.00011805,5.16e-06,0.00038464,0.00012115,0.00315043,0.00049992,0.00023955,0.00129975,0.00247365,0.00098096
DX.1.2.392.200046.100.2.1.69131194618.191019080939.2.1.1.png,0.00155746,0.00121972,0.00173379,0.00016783,0.9046089,3.388e-05,0.8677333,0.00460486,0.00073254,0.00325972,0.00035505,0.20906705,5.285e-05,0.00014677,5.325e-05,8.317e-05,0.0133941,0.00574382,0.00021508
5D140A4210B40E8.png,0.00157002,0.18021753,0.02548402,0.00464432,0.18182299,0.07301849,0.00296491,0.02096099,8.106e-05,0.25597775,6.576e-05,0.00783902,2.886e-05,0.00100759,0.00014287,0.00013959,0.07852388,0.05342729,8.823e-05
DX.1.2.840.113619.2.369.4.2147483647.1573018095.435375.png,0.00113152,0.01489125,0.00018135,0.01555647,0.9708916,0.00439265,0.8574149,0.81851935,0.00012777,0.00666413,0.00036236,0.00142975,2.069e-05,1.066e-05,3.859e-05,0.00015287,0.00231979,0.0020804,1.69e-05
DX.1.2.840.113619.2.369.4.2147483647.1572238007.6767.png,0.00078885,0.00608185,0.04345914,0.0002383,0.8936383,0.00028042,0.11518378,0.09077668,2.033e-05,0.00052444,0.00030261,0.01469924,1.654e-05,4.066e-05,0.00023013,0.00038956,0.00038257,0.00658746,5.289e-05
DX.1.2.00292516000339245220191019080518253332171.png,0.9323127,0.00023825,0.2649048,0.26266587,0.37931728,0.23070215,0.00312075,0.00164831,0.11803073,0.00491057,5.093e-05,0.100115,1.123e-05,0.00047466,1.461e-05,0.0051986,0.0663199,0.00366132,0.0002303
DX.1.2.392.200036.9125.4.0.487578001.1268278678.2795306561.png,0.01180991,0.00165497,0.23249002,0.00240544,0.00566815,0.00032962,0.04573021,0.000574,0.00016125,0.0003356,0.00018107,0.00142128,0.00025833,0.00607301,0.00110236,0.00332024,0.00038658,0.0256834,0.00449632
DX.1.2.392.200046.100.2.1.69131194618.191105153429.4.1.1.png,0.44500408,0.00825541,0.00036926,0.00698347,0.68031466,4.478e-05,0.01332147,0.00633301,0.00010768,0.00359779,0.00010679,0.12279797,2.3e-05,0.00192722,5.829e-05,0.00095477,0.01869408,0.00215736,0.00026732
CR.1.2.156.600734.516764694.1648.1572764115.971.0.1.png,0.01872517,0.00905682,0.03870626,0.04480956,0.10178802,0.00109258,0.00197702,0.00020499,7.466e-05,0.0005812,0.00036569,0.03600636,0.00015756,0.00031347,0.01241496,0.15623629,0.00018358,0.00435886,0.00148289
5E001DC94D4C79D.png,0.01962552,0.09385391,0.00317231,0.06585776,0.9545197,0.00907095,0.02218546,0.9502325,0.00039065,0.02593648,0.00079751,0.00087136,1.673e-05,0.00042695,5.197e-05,6.618e-05,0.01722623,0.04710196,0.00021051
CR.1.3.12.2.1107.5.3.57.30003.11.201911070818480093.png,0.89479285,0.00283713,0.00165644,0.6438725,0.00147919,0.00055114,0.00998179,0.00689191,0.00203537,5.74e-06,0.00138876,0.00016257,4.37e-06,9.183e-05,0.00041624,0.13911486,0.00010939,0.00330894,6.294e-05
DX.1.2.840.113619.2.369.4.2147483647.1573437161.605374.png,0.00612566,0.06523938,0.00321574,0.00977395,0.38605893,0.09224516,0.7615312,0.95085806,0.00070108,0.09435525,0.00047196,0.00235766,0.00032183,0.00010003,9.032e-05,0.00114089,0.08745228,0.00097827,0.00044463
5B5A77E015F046C.png,0.00550301,0.07288217,0.00874929,0.00034823,0.23643225,0.00791132,0.2685618,0.48413745,0.00029942,0.0001348,0.00074521,0.00477255,4.45e-06,7.831e-05,0.00015628,0.00030639,0.00097451,0.0009282,4.466e-05
5C05D95E22E0F3B.png,0.7645618,0.00092648,0.28604057,0.00626803,0.50481874,0.00818641,0.12227713,0.02618487,0.0141516,3.64e-05,0.0002251,0.05468788,1.439e-05,0.00032017,2.61e-06,0.00014339,0.00363273,0.00105845,2.769e-05
CR.1.2.840.113564.199912075.2019102811390012135.1203801020003.png,0.00099716,0.00063443,0.0021528,2.439e-05,0.05041996,0.00019885,0.54419196,0.00158661,1.064e-05,0.00161986,0.00405298,0.01000165,2.423e-05,0.00168897,0.00094066,0.00019107,0.00080492,0.00156448,0.00017951
DX.1.2.840.113619.2.369.4.2147483647.1572846348.604637.png,0.00663771,0.00379577,0.00965868,6.65e-05,0.02962291,0.00276914,0.12058894,0.00045531,0.00025035,0.00031092,0.00015748,0.00682033,1.403e-05,0.00012928,0.00017761,0.00055537,0.00101778,0.01189948,3.092e-05
5C256ADF277417B.png,0.0007062,0.10047577,0.00153391,0.00017054,0.00383811,0.0034218,0.0240952,0.00256558,2.484e-05,0.00029191,0.00172875,0.01418388,1.1e-06,1.547e-05,0.00250339,0.00019763,0.00145892,0.00022719,1.44e-05
DX.1.2.840.113564.920101.20191113092323671980.1003000225002.png,0.00665996,0.0077835,0.0009485,6.617e-05,0.59905165,0.00013639,0.13697636,0.02568694,0.00018268,0.00012839,0.01732904,0.01653027,5.17e-06,7.3e-06,0.0007026,0.00016231,0.00067951,0.00032875,1.25e-05
DX.1.3.46.670589.26.802544.25.20191104.101742.306031.0.png,0.0081302,0.00673288,4.244e-05,0.00023573,0.00585765,0.00043871,0.01666228,0.005579,2.776e-05,0.00019949,0.01877478,0.00191471,2.42e-05,0.00028191,0.0002596,0.00113644,0.00064137,0.00029034,0.00024713
DX.1.2.00289505000342491020191108091237351502062.png,0.00029351,0.01496387,7.067e-05,0.0008656,0.0768024,0.00228899,0.7001736,0.01097564,2.41e-06,0.01293163,0.00184415,0.00502853,2.147e-05,7.182e-05,9.493e-05,0.00090245,0.00280364,0.00156856,4.954e-05
5BB56B581CFC071.png,0.00978025,0.95117354,0.00058348,0.00072756,0.00537008,0.05852072,0.08192588,0.9754984,0.00043714,0.00241889,0.00010439,0.00052467,6.983e-05,0.00015239,0.00079946,0.00026484,0.00169525,0.00036832,0.00019157
DX.1.2.392.200046.100.2.1.69131194618.191111165542.2.1.1.png,0.6623285,0.00509191,0.00357855,0.00219026,0.92886686,4.533e-05,0.01402294,0.0204213,0.00025461,6.695e-05,0.00011952,0.00323653,1.485e-05,0.00010818,0.00013338,0.00167886,0.00097107,0.00341394,0.00050235
DX.1.2.0030963800033962022019102210165096065187.png,0.57519174,0.01776042,0.22947194,0.96524173,0.30118293,0.1256206,0.0155661,0.34019932,0.0023817,0.00073859,4.549e-05,0.0005688,0.00040849,0.00104733,0.00012943,0.00088773,0.00203707,0.02651239,0.00025316
DX.1.2.840.113619.2.369.4.2147483647.1573516824.123589.png,0.0421871,0.02983586,0.00028529,0.02967757,0.00291488,0.00011337,0.00316654,0.00025886,0.00018178,2.694e-05,0.00043297,0.00540828,1.492e-05,6.315e-05,0.026793,0.02238014,0.00239073,0.00041035,0.00026077
DX.1.2.00308076000339237220191019082835254729328.png,0.9237838,0.00059413,0.6001284,0.07281649,0.2785275,0.02567471,0.2218866,0.0120618,0.02577912,0.00025797,5.35e-06,0.01215541,0.00012686,0.00171376,8.47e-06,0.0006329,0.00175877,0.0714699,0.00033237
DX.1.2.392.200046.100.2.1.69131194618.191115082811.1.1.1.png,0.6512316,0.00226979,0.03127678,0.4033757,0.8423666,0.1848202,0.00123945,0.00754122,0.00376784,0.00448814,0.00063269,0.00106803,8.619e-05,8.032e-05,0.00319317,0.01500774,0.00024221,0.02704085,0.00062897
DX.1.2.840.113564.920101.20191107113302140710.1003000225002.png,9.404e-05,0.00299934,0.00141138,6.361e-05,0.9469818,0.00038014,0.0755258,0.0041725,5.195e-05,0.00440462,0.03794123,0.011802,5.01e-06,2.918e-05,0.00014647,6.949e-05,0.00308471,0.00354984,1.638e-05
DX.1.2.00315305000342154820191106100806182031390.png,0.8826298,0.0004867,0.0402054,0.50355995,0.2476617,0.00506061,0.06664356,0.01001082,0.06197783,0.00075614,9.028e-05,0.00016812,3.421e-05,5.142e-05,1.704e-05,0.00043925,0.00024366,0.01038787,8.1e-05
5CE6068A96C371.png,0.9446896,0.0672188,0.6995181,0.2770715,0.00393999,0.10038752,0.00180685,0.77878946,0.12992783,0.00118224,0.00013056,0.00160532,0.00562241,0.09840128,6.022e-05,0.00096003,0.0050704,0.00223106,0.0460637
5CF5BA244442F2.png,0.03435216,0.00300634,0.97742975,0.00010937,0.84512633,0.00034749,0.04125272,0.0059974,0.00156947,0.00024402,3.672e-05,0.00592877,0.00011115,0.0098679,6.066e-05,5.15e-05,0.00083584,0.8462605,0.00372812
5E0EA8E514106CE.png,0.00024569,0.03177358,5.883e-05,0.00032906,0.00519855,0.0659399,0.04525725,0.00382804,0.00037152,0.502959,0.00154518,0.01262679,1.533e-05,2.156e-05,7.477e-05,3.103e-05,0.25343484,0.00097077,3.36e-06
DX.1.2.00289602000343593620191115090913339083640.png,0.00097573,0.00489162,0.00050318,0.00016481,0.8026417,0.00076798,0.5417345,0.00549322,3.633e-05,0.00228414,0.00027223,0.01770632,1.895e-05,0.00014462,0.00020694,0.00015609,0.00421976,0.00497528,1e-04
5E1FB5D23BC089C.png,0.6659614,0.03535789,0.00378604,0.20193905,0.00484969,0.26455006,0.00366844,0.01126304,0.15566543,0.00513633,1.824e-05,0.00100101,4.533e-05,3.341e-05,1.696e-05,2.847e-05,0.00802389,0.00081551,2.179e-05
DX.1.3.46.670589.26.802544.25.20191105.102419.306480.0.png,0.00822934,0.0013577,0.00013481,0.0008662,0.0220166,0.00121579,0.06693298,0.0006758,4.07e-05,0.00638964,0.00202426,0.02747893,3.8e-06,0.00064809,4.283e-05,0.00024519,0.03901303,0.00044327,3.16e-05
DX.1.2.392.200046.100.2.1.69131194618.191117154043.1.1.1.png,0.12381434,0.00322358,0.12009124,0.00995021,0.9440729,0.00062056,0.02367905,0.00569726,0.12895402,0.00022275,0.00025213,0.00566598,2.86e-05,2.17e-05,3.272e-05,0.00093584,0.00083711,0.06702218,6.758e-05
DX.1.2.00311030000339874620191023092953179648484.png,0.0737106,0.00094998,0.00121492,0.00324151,0.01645205,0.00085793,0.43772572,2.66e-05,9.803e-05,0.00044264,0.00072983,0.05004197,3.612e-05,0.00075911,0.00057209,0.00292348,0.00242614,0.00064551,0.00038922
5D6E24502D2C1BF.png,0.00037637,0.15557419,0.02412229,0.00172009,0.86696345,0.00186403,0.01371698,0.12114959,7.023e-05,0.00121455,0.00484893,0.00561638,5.2e-06,2.787e-05,0.00012686,0.00010416,0.00048599,0.02103774,1.954e-05
CR.1.2.840.113564.199912075.2019111417103282225.1203801020003.png,0.47518927,0.00316582,0.00204544,0.00109903,0.09195095,4.062e-05,0.06973838,0.00147052,0.00429752,9.282e-05,0.00090333,0.00061578,7.576e-05,0.00027471,0.00246048,0.0022564,0.0003323,0.00207781,0.0002847
CR.1.2.156.600734.516764694.1648.1573519164.1630.0.1.png,0.01374422,0.00087775,0.1488191,0.00053057,0.14705671,0.02739035,0.01032513,0.00270374,0.01964355,0.00661393,1.277e-05,0.33956057,0.00020147,0.00019574,0.00034874,3.579e-05,0.00267196,9.424e-05,0.00021567
CR.1.2.156.600734.516764694.1648.1573955420.1986.0.1.png,0.08469619,0.00057242,0.9998833,0.03608555,0.9967396,0.02999738,0.00385213,0.00634311,0.00519935,0.00019226,1.862e-05,0.9058264,0.00011707,0.00066942,0.00011161,0.00125797,0.00049598,0.01064974,0.00057569
DX.1.2.840.113619.2.369.4.2147483647.1573603987.302231.png,0.34885567,0.00046118,0.00040301,0.00830593,0.01026112,6.93e-05,0.17644583,0.00053266,0.0002354,0.00014978,0.00054502,0.26422143,2.4e-06,0.00173304,0.00090571,0.00137547,0.00928538,0.00011968,7.433e-05
5C1B3AA12344A82.png,0.97638446,0.0038541,0.0004309,0.03608319,0.00158163,8.932e-05,0.00238744,0.00011325,0.00244338,1.086e-05,0.00062574,0.00087669,1.65e-06,0.00049278,0.00101021,0.18146576,0.00045516,0.00033068,0.00021472
5C5E7FFD10D8BE5.png,0.00615339,0.6204863,0.00014681,0.00091876,0.00140746,0.03377092,0.02657626,0.0279732,0.00012965,0.0141753,8.963e-05,0.06018712,3.01e-06,8.068e-05,1.894e-05,1.964e-05,0.25106195,0.00059451,5.09e-06
DX.1.2.392.200046.100.2.1.69131194618.191103085423.1.1.1.png,0.00935552,0.00072083,0.00200944,0.00155305,0.9527782,0.00134893,0.07167822,0.00087699,0.00371619,0.02281371,0.00182773,0.03658862,3.651e-05,8.059e-05,3.295e-05,8.686e-05,0.07676149,0.00543445,4.884e-05
5BF60DD4170CFE9.png,0.87051064,0.0063714,0.59864044,0.436197,0.19346961,0.07092648,0.00566072,0.01105912,0.02823244,0.00013792,1.168e-05,0.00733731,3.167e-05,0.0012423,4.04e-06,0.00075323,0.001029,0.14795223,0.00037478
DX.1.2.00258507000342487920191108093659352963625.png,0.00089224,0.00021621,0.0571769,0.00043622,0.4836726,0.00042361,0.9637157,0.00170696,2.693e-05,0.00119476,0.00021525,0.05947566,6.209e-05,0.00089617,4.652e-05,0.00047864,0.00114785,0.02324851,0.00076999
CR.1.2.156.600734.516764694.533640.1571620577.61.0.1.png,0.0005841,0.00010292,0.6729956,0.00012482,0.69323105,0.00082103,0.10526682,0.01354251,0.00021797,0.00026194,0.00014941,0.69500893,0.00010521,0.00098822,5.922e-05,0.00018649,0.00268884,0.00300107,0.00014303
5CBFB50AACC0F0.png,0.9852868,0.00995959,0.19421495,0.82944286,0.07238662,0.4828208,0.00638626,0.10740357,0.9177341,9.011e-05,0.0002213,0.00031429,1.191e-05,3.627e-05,2.843e-05,0.00050802,0.00106016,0.00098386,4.202e-05
DX.1.2.00311032000339874820191023093101179716484.png,0.00044954,0.00237694,0.00421053,0.00221149,0.3579453,0.00091896,0.9164125,0.00150039,8.59e-06,0.03196856,0.00020466,0.11769476,0.00013697,0.00018684,0.001572,0.0131479,0.00071245,0.000402,0.00043475
DX.1.3.46.670589.26.802544.25.20191107.90009.307070.0.png,0.18092686,0.2809914,0.02744166,0.00451157,0.00104079,0.05963402,0.02522545,0.32151732,0.01830435,0.00020785,0.01059265,0.00056621,0.00253932,0.00341246,0.00023072,5.74e-05,0.00013044,0.00101762,0.00429706
5D073AB4D805B.png,0.97669625,0.02703071,0.00515444,0.4660177,0.0002825,0.00519051,0.00048417,0.00680013,0.0249581,1.053e-05,5.45e-05,0.0024786,7.082e-05,0.01812555,0.00460981,0.00111281,0.02471962,0.00030047,0.00037455
CR.1.2.156.600734.516764694.1648.1572402345.684.0.5.png,6.509e-05,0.00188416,0.28882125,0.00011827,0.11987163,0.00022173,0.0116331,8.246e-05,1.787e-05,0.00507855,0.00448279,0.25885573,0.00017589,0.00074602,0.00492204,9.116e-05,0.00409579,0.0026512,0.00071952
DX.1.3.46.670589.26.802544.25.20191112.93953.308377.0.png,0.0010493,0.00130686,3.459e-05,6.043e-05,0.00397365,0.00224387,0.07278948,0.00098674,9.72e-06,0.01369059,0.02485968,0.00644305,7.268e-05,7.765e-05,0.00109859,0.00079236,0.00780983,0.00218889,0.00011893
DX.1.2.840.113619.2.369.4.2147483647.1572842761.747971.png,0.06404254,0.00978857,3.285e-05,0.02376012,0.0039711,0.00022027,0.6924,0.00233648,0.00058361,0.00013147,0.00555857,0.00232111,1.938e-05,0.00016535,0.00074012,0.01104758,0.00024106,0.00143819,0.00014472
5C63CA701320B54.png,0.93111765,0.01962067,0.00152685,0.50412375,0.02563752,0.00669997,0.00388088,0.31971258,0.01647897,4.059e-05,0.00112309,8.849e-05,0.00017551,0.0035906,0.00135811,0.00190328,7.286e-05,0.00033284,0.00657649
5DF7186E444864D.png,0.8826389,0.1889071,0.00986253,0.01857959,0.00198495,0.00791005,0.00147057,0.0468917,0.00393275,2.022e-05,0.00020813,0.0078304,4.287e-05,0.003469,0.00094011,6.547e-05,0.00610075,7.279e-05,0.00128773
CR.1.2.156.600734.516764694.1648.1572348930.644.0.1.png,0.02054807,0.00025366,0.9957459,0.00124823,0.9060249,0.00056567,0.00421914,3.551e-05,0.00074761,0.00043436,0.00019707,0.9804906,5.932e-05,0.00050649,6.487e-05,0.00061374,0.00035588,0.00209982,8.262e-05
5BA44CE91350DBA.png,0.01665146,0.13681069,0.00064952,0.00028092,0.01278591,0.00084552,0.01809856,0.12282848,0.00063731,2.979e-05,0.00128856,0.00489655,3.01e-06,8.875e-05,0.00020741,3.997e-05,0.00254299,0.00024161,1.428e-05
CR.1.3.12.2.1107.5.3.57.20200.11.201910220913450671.png,1.83e-05,0.00178211,0.00828289,1.636e-05,0.91864586,0.00019149,0.87482166,0.01696462,1.243e-05,0.01499949,0.00226367,0.12841305,6.483e-05,0.00021407,0.00021929,5.851e-05,0.0365605,0.00263063,0.0001198
DX.1.2.840.113619.2.369.4.2147483647.1574063332.244112.png,0.5176674,0.01113992,0.00398053,0.00528388,0.5396929,0.00029537,0.0784613,0.14567938,0.00158383,1.568e-05,0.00021479,0.00260399,4.376e-05,0.00014273,6.618e-05,0.00047125,0.00016836,0.00523198,0.0002594
DX.1.3.46.670589.26.802544.25.20191112.152748.308566.0.png,0.81847936,0.00016665,0.00997409,0.06020658,0.01764627,0.00733816,0.00190532,0.00323076,0.00329648,0.00015609,0.00114059,0.00014534,3.356e-05,0.00058177,0.00012647,0.00060575,0.00081805,0.00125169,0.00105114
DX.1.2.840.113564.920101.20191106141322203540.1003000225002.png,0.00138798,0.00282201,9.132e-05,0.00045833,0.23324542,0.00102964,0.10520967,0.01111306,1.431e-05,0.00556065,0.01683807,0.00263308,2.506e-05,3.852e-05,0.00046047,0.00059287,0.00202026,0.00134557,0.0002386
DX.1.2.840.113619.2.369.4.2147483647.1572829433.630605.png,0.00053967,0.07467142,0.0002893,7.694e-05,0.02659869,7.56e-05,0.2621692,0.02036454,6.99e-06,1.349e-05,0.00252924,0.00084131,1.488e-05,0.00029712,0.01392338,0.0002447,0.00020068,0.0009652,0.00047992
CR.1.2.156.600734.516764694.1648.1572594062.863.0.3.png,0.02451929,0.0047996,0.8973241,0.01702086,0.98089474,0.03731022,0.01591972,0.04107636,0.00088745,0.00028821,0.00020291,0.02732547,0.00041761,0.00078069,8.513e-05,0.00226187,0.00040948,0.04380256,0.00074353
DX.1.2.0030957300033961452019102210250596560468.png,0.00038769,0.01121297,0.00031009,0.00012377,0.00263366,0.00022671,0.7783435,0.00042187,7.68e-06,0.00533654,0.01574118,0.00360167,2.401e-05,0.00034523,0.01115963,0.00262421,0.00232737,0.00018374,0.00044326
DX.1.2.00292198000339056520191018080909167163000.png,0.0001569,0.00280732,0.0019764,0.00031505,0.07179339,0.0042058,0.9490604,0.00028006,1.815e-05,0.2685345,8.855e-05,0.2891801,0.00011447,0.001292,0.00041035,0.00053417,0.04717104,0.00061175,0.00013468
DX.1.2.0030653500033885642019101708521383347203.png,0.00200873,0.01730912,0.0002415,0.00134885,0.01790828,0.00030015,0.9955568,0.00326844,3.733e-05,0.00317913,0.00216569,0.01592468,5.217e-05,0.00010256,0.00098542,0.0050455,0.00127704,0.00034979,0.00033383
DX.1.2.840.113619.2.369.4.2147483647.1572844999.171900.png,0.26827937,0.02830778,4.995e-05,0.00170676,0.0010282,8.749e-05,0.00849046,6.227e-05,4.856e-05,8.822e-05,0.00592733,0.00409797,2.22e-06,0.00012218,0.00322102,0.00216978,0.00139696,0.00018135,1.843e-05
DX.1.2.840.113564.920101.20190911101518140510.1003000225002.png,1.552e-05,0.00322355,0.00063084,1.546e-05,0.028979,0.07671874,0.1236557,0.00221936,4.445e-05,0.03352749,0.00023029,0.43306005,0.00109616,0.00116596,0.00043624,0.00010872,0.44664836,0.0001373,0.00034378
DX.1.2.00311863000340261020191025083305349039718.png,0.13638882,0.00042793,0.3537138,0.00262418,0.9877496,0.0097664,0.25994438,0.0334266,0.0002487,0.00145656,1.702e-05,0.189085,4.961e-05,0.00083822,2.123e-05,0.00024068,0.00643623,0.00700587,3.281e-05
DX.1.2.0030975900033962932019102208510390917984.png,0.03195115,0.00037845,0.01736512,0.00091381,0.00565133,3.513e-05,0.39761275,0.00038411,0.00038717,0.00192023,0.00174121,0.30238456,0.0001378,0.02219978,0.00019025,0.00090674,0.00116055,0.00024191,0.00035935
DX.1.2.392.200046.100.2.1.69131194618.191107114755.2.1.1.png,0.43887347,0.00284659,0.02998203,0.00254218,0.9909012,7.092e-05,0.0863571,0.01855171,0.00157613,0.00089068,0.0001206,0.0012489,0.00010296,0.00028604,3.344e-05,0.0006338,0.00070092,0.02204957,0.00138356
DX.1.2.840.113619.2.369.4.2147483647.1572844563.558545.png,0.609362,0.00086988,0.00564428,0.00143039,0.20104209,8.946e-05,0.00397644,0.00020711,0.00041017,4.166e-05,0.00257467,0.00198141,5.4e-06,0.00017086,0.00030847,0.00065392,0.00029839,0.00314813,1.928e-05
DX.1.2.840.113619.2.369.4.2147483647.1572846487.643130.png,0.993696,0.01793548,0.08532007,0.9408849,0.34496677,0.36531952,0.00022146,0.25074616,0.6331725,0.00032628,3.72e-06,0.00279183,0.00013176,0.00074699,5.11e-05,0.00032468,0.00220985,0.00023805,0.00021778
CR.1.3.12.2.1107.5.3.56.2539.11.201909101410490953.png,0.4806735,0.00012107,0.9926642,0.00484273,0.997825,0.00564965,0.06920596,0.00562885,0.00952999,0.00055735,0.00019261,0.15298651,0.00094928,0.06505982,6.34e-06,0.00282192,0.00125323,0.35505283,0.00303442
DX.1.2.840.113619.2.369.4.2147483647.1573019980.207857.png,0.04400136,0.00419782,0.00013529,0.00051862,0.00060365,0.00059792,0.09550749,0.000849,0.00034399,9.532e-05,0.00613218,0.00156765,3.586e-05,0.00032883,0.00049237,0.00206785,8.105e-05,0.00116281,0.00051142
5D309D7B37ACC05.png,0.16734912,0.0007375,0.01903014,0.00224174,0.8356672,0.00077892,0.02571878,0.0493442,0.00338817,0.00129826,4.247e-05,0.03160248,2.62e-05,0.00140216,7.02e-06,0.00134889,0.00199205,0.00361261,0.00014902
DX.1.2.840.113564.920101.20191105101350125690.1003000225002.png,0.00490382,0.29484743,0.00026435,0.00114209,0.01795051,0.09884549,0.006926,0.1263097,5.463e-05,0.02517334,9.26e-05,0.00681398,1.542e-05,5.31e-06,9.747e-05,0.00022953,0.00908695,0.00071318,8.5e-06
DX.1.2.00288756000343921520191118091621598711406.png,0.00059101,0.00606318,0.00068577,0.00020849,0.17593218,0.0149413,0.16266981,0.01551033,2.11e-05,0.00308776,0.0025388,0.00880729,9.555e-05,7.247e-05,0.00035561,0.00059227,0.00040297,0.00038555,0.00022799
DX.1.2.840.113619.2.369.4.2147483647.1572829174.332057.png,0.00029954,0.00146622,0.00037809,8.353e-05,0.0303413,0.00028924,0.0680616,0.00058236,2.54e-06,0.0010434,0.58777714,0.01066082,6.25e-06,3.384e-05,0.00088905,0.00020194,0.00178205,9.801e-05,0.00033313
DX.1.2.840.113564.920101.20191112080424281140.1003000225002.png,0.34696236,0.0003889,0.00848634,0.00015841,0.15616947,0.002873,0.12117006,0.00128785,0.02124907,0.00043129,0.00051365,0.12038682,1.023e-05,0.00018929,2.11e-06,1.319e-05,0.0406882,0.0034475,8.446e-05
5C008FCE98C1FA.png,8.944e-05,0.08097982,0.00031233,0.00018397,0.2077817,0.0010671,0.08673216,0.21092032,5.421e-05,0.00209986,0.01022878,0.0008551,2.236e-05,3.021e-05,0.00019693,4.786e-05,0.01502937,0.00036795,1.428e-05
DX.1.2.840.113619.2.369.4.2147483647.1574046337.327717.png,0.56718034,0.01030739,0.00205604,0.01596933,0.19347993,0.0001742,0.01011007,0.01437924,0.00057412,5.65e-06,2.413e-05,0.00251956,2.7e-06,8.902e-05,0.00077316,0.0008875,0.00020235,0.00052531,4.98e-05
DX.1.2.392.200046.100.2.1.69131194618.191020093637.1.1.1.png,0.01912668,0.01863502,8.54e-06,0.00292276,0.05672312,0.00034269,0.00967091,0.00736275,0.00102655,0.01554104,0.27867645,0.00068253,5.209e-05,0.00023166,0.00105615,0.00592906,0.00220357,0.00192793,0.000549
DX.1.2.392.200046.100.2.1.69131194618.191021102808.1.1.1.png,0.22432785,0.00047999,0.00421738,0.00413196,0.9057208,0.00011879,0.15833916,0.00081364,0.00041592,0.00048719,0.00300847,0.03212214,8.14e-06,7.336e-05,6.549e-05,0.00156034,0.00112358,0.00485245,3.483e-05
5D1083BB207807F.png,0.99991786,0.0066286,0.37774268,0.9926184,0.30018258,0.85828024,0.00012981,0.7960503,0.9725461,0.00159468,1.785e-05,0.00379144,0.00045859,0.00709631,5.161e-05,0.00069681,0.00356034,0.00110531,0.00090372
DX.1.2.00311039000339875420191023094926180820781.png,0.00240063,0.0083043,0.00015667,0.00208046,0.01652251,0.00032045,0.7427321,0.00257811,2.994e-05,0.00341447,0.001359,0.00115805,3.016e-05,7.898e-05,0.00011133,0.00031938,0.00428388,0.00104192,0.00011985
DX.1.2.00317583000343225920191113082239163489250.png,0.03854079,0.17048858,0.00331425,0.08501859,0.00080446,0.00089102,0.00216901,0.00181271,0.0003627,7.318e-05,0.0005744,0.00035782,3.487e-05,0.00024686,0.08546352,0.00655431,1.26e-05,4.649e-05,0.00582449
CR.1.2.840.113564.199912075.2019101915281998725.1203801020003.png,0.00683997,0.0347082,0.00072828,0.02359212,0.1819306,0.00288782,0.3812465,0.0040468,8.491e-05,0.02325869,0.00596274,0.00636795,0.00038722,0.00071289,0.01716782,0.02755467,0.00985533,0.00592837,0.00097206
DX.1.2.00312395000340454820191026090320437254906.png,0.00142791,0.00027083,0.00145988,0.00023821,0.03215115,0.00019155,0.9518654,0.00027781,0.0001222,0.00038814,0.00076306,0.00785306,4.11e-06,0.00022012,5.156e-05,0.00061589,0.00063911,0.00133808,0.00088329
CR.1.2.156.600734.516764694.1648.1571918292.255.0.1.png,0.05190866,0.00024302,0.9802203,0.00123579,0.88457733,0.00037816,0.01039698,0.00031747,0.00162778,0.00037969,0.00012978,0.99699426,0.00035519,0.04585454,0.00070344,0.00093007,0.02371989,0.00061355,0.00046727
DX.1.3.46.670589.26.802544.25.20190911.135744.290909.0.png,0.00437892,0.00134262,0.00131231,0.00425351,0.02671605,0.45753023,0.29868886,0.17825368,0.00049858,0.6261382,0.00019715,0.00629555,0.00026423,0.00057374,1.893e-05,4.043e-05,0.37499475,0.00017843,0.00023121
5CEB8F681DE43CB.png,0.4108008,0.36732668,0.00346997,0.13917881,0.30677733,0.01206186,0.0008761,0.68903035,0.07883843,0.00073692,9.47e-06,7.763e-05,0.0002839,2.498e-05,0.0038397,0.0007651,0.00011317,0.00013908,0.00018569
CR.1.2.156.600734.516764694.1648.1573004987.1180.0.1.png,0.02781523,0.00014493,0.9777188,0.00072659,0.98652065,0.00089493,0.02387922,0.00384575,0.00126772,3.968e-05,3.04e-05,0.34730145,0.00024882,0.0004279,0.000223,0.00051322,6.639e-05,0.00329172,0.00048735
CR.1.3.12.2.1107.5.3.57.20200.11.201911070948420484.png,0.00128007,0.07537532,0.00192787,0.00019334,0.00018467,0.07361116,0.00058676,4.604e-05,0.0002958,0.3449426,0.00021571,0.01861439,1.582e-05,0.00033676,0.0385369,1.315e-05,0.16993864,0.00026366,0.00118749
DX.1.2.840.113564.920101.20191113101554031990.1003000225002.png,3.547e-05,0.04777854,2.769e-05,7.04e-06,0.00485671,0.01225912,0.23639406,0.00240562,4.34e-06,0.010322,0.01921606,0.00111222,7.14e-06,1.052e-05,0.00353825,0.00042089,0.00181747,0.00113991,0.00011336
5D79C1D6435021D.png,0.947808,0.00193924,0.0106732,0.25204366,0.000281,0.00014537,0.00237065,0.00010329,0.00682207,7.11e-06,0.01701844,0.00035895,0.00012751,0.00402418,0.00380037,0.87316257,3.603e-05,0.0003773,0.00606085
DX.1.2.00318717000344095320191118163044624774625.png,0.07453354,0.0018138,0.00600652,0.07615368,0.38536328,0.04234916,0.4783654,0.00554082,0.00029644,0.15131384,0.00016179,0.00351776,5.114e-05,0.00013218,0.00016767,0.00081523,0.00814968,0.00542764,0.00021082
5E2254FA43C69D.png,0.9568684,0.00612823,0.14458331,0.6833102,0.00056695,0.13268435,9.531e-05,0.00010544,0.7976079,0.00022534,2.673e-05,0.00482406,3.252e-05,0.00032207,0.0019448,0.00863198,0.0015136,9.711e-05,0.00022058
DX.1.3.46.670589.26.802544.25.20191111.104820.307968.0.png,0.00105677,0.78708535,0.00040801,0.01635864,0.00290526,0.7038572,0.00209727,0.25911543,0.00040989,0.8342064,4.606e-05,0.0008669,0.00014184,0.00069063,0.02464225,1.551e-05,0.09042735,0.0002588,0.00100279
DX.1.3.46.670589.26.802544.25.20191107.151449.307284.0.png,0.683295,0.00789523,0.00360348,0.01489538,0.01003887,0.01753145,0.00771695,0.28472653,0.00672321,0.00015811,0.00065633,5.219e-05,9.664e-05,0.00055875,1.704e-05,0.00010471,8.054e-05,0.00028928,0.00347804
CR.1.2.156.600734.516764694.533640.1571619347.52.0.1.png,0.04627216,0.01093388,0.5318447,0.0599265,0.9504204,0.00498448,0.00390961,0.19964704,0.00664816,0.0007594,7.076e-05,0.55686307,6.161e-05,3.959e-05,7.868e-05,0.00059878,0.00036779,0.00022151,9.312e-05
DX.1.2.00289528000343212120191113091134166424562.png,0.00245292,0.0052736,0.00776448,0.00077843,0.323028,0.00022803,0.99361205,0.01133203,0.00011795,0.00777244,0.0003483,0.01893172,5.635e-05,0.00010515,0.0001328,0.00054773,0.00115898,0.00163434,0.00053178
CR.1.2.156.600734.516764694.1648.1573870103.1924.0.1.png,0.14066175,0.10161276,0.7820425,0.00452578,0.04282771,0.10343515,0.00175537,0.10362665,0.07928882,0.00040602,1.59e-06,0.6267356,3.592e-05,0.00074683,0.00076633,4.488e-05,0.00274978,2.454e-05,0.00013741
5E19132D53D4F88.png,0.86090887,0.01791077,0.00052576,0.01872206,0.0054379,0.00010038,0.00832204,0.00022833,0.00230611,5.07e-06,0.00131638,0.0008354,1.78e-06,2.425e-05,0.00499975,0.00590117,0.00025798,0.00045671,4.59e-06
5DD337FD20600D2.png,0.01623503,0.49686545,0.00048241,0.00037672,0.00088042,0.0016332,0.0004887,0.00120399,3.358e-05,1.1e-05,0.00055049,0.00075973,3.44e-05,0.00158376,0.02663506,0.00017912,0.0001195,0.00015022,0.00027867
CR.1.3.12.2.1107.5.3.57.20200.11.201910220807510421.png,0.9915326,0.00337602,0.9793473,0.91733336,0.03886564,0.99070734,0.0002697,0.01417311,0.6258944,0.05657928,3.54e-06,0.0211811,0.00084153,0.00067232,0.00129404,3.446e-05,0.05257824,0.00086384,0.00011845
5B052864500531.png,0.7285666,0.4082099,0.00596298,0.4113092,0.02400377,0.69511807,6.997e-05,0.5976989,0.02429703,0.00026993,0.00012854,0.00118073,0.00012076,0.00055727,0.00323547,0.00039622,0.00027128,0.00014798,0.00055174
DX.1.2.840.113619.2.369.4.2147483647.1573690126.993893.png,0.83011264,0.00841983,0.01377535,0.13877521,0.42858124,0.00046695,0.00068931,0.00054618,0.00338905,2.181e-05,5.256e-05,0.00067582,2.654e-05,0.00090581,0.00205882,0.00295106,0.00010424,0.0028833,0.00049242
DX.1.2.392.200046.100.2.1.69131194618.191017112824.1.1.1.png,0.9809959,0.00135032,0.00547184,0.04311962,0.97355634,0.00064254,0.02622298,0.25246775,0.01973738,0.00359032,8.62e-05,0.00080723,0.0004334,0.00041409,1.499e-05,0.00022841,0.00092207,0.02673374,0.00083409
DX.1.2.392.200046.100.2.1.69131194618.191021151302.2.1.1.png,0.41841185,0.00057196,2.876e-05,0.00199016,0.01407258,0.00037996,0.16174057,0.00044688,0.00152258,0.00071229,0.01756409,0.0049161,9.24e-06,0.00024819,0.0001827,0.04418512,0.0003268,0.00444544,0.00075269
5DE9A5331E704A6.png,0.282073,0.00426686,0.0806174,0.01181335,0.22464547,0.00103248,0.00036592,0.00614301,0.00174127,4.98e-06,0.00011732,0.00432429,1.587e-05,0.00045825,0.0009287,0.00276723,0.0006993,0.00118605,6.968e-05
DX.1.2.0030870700034138602019110108360989851703.png,0.00021636,0.01909714,0.00038701,0.00044302,0.15357468,0.00714183,0.991941,0.03402229,0.00012387,0.07642216,0.00042146,0.02711159,2.978e-05,0.00018025,0.00023794,0.0002936,0.02416254,0.00194679,0.00011008
5DF1A209457CC5D.png,0.9866879,2.045e-05,0.99794894,0.8362425,0.4296413,0.99291056,0.00139955,0.04479698,0.997088,0.00110068,3.992e-05,0.00156307,0.0003417,0.001421,6.215e-05,0.00011809,0.01020153,0.00246878,0.00033195
DX.1.2.840.113564.920101.20190911143636828470.1003000225002.png,0.00079502,0.15950626,1.167e-05,0.00032878,0.0168614,0.00118013,0.00384744,0.00303964,8.91e-06,0.00257929,0.01991091,0.00100056,1.001e-05,3.9e-05,0.00892804,0.00095032,0.00096957,0.0010225,0.00011613
DX.1.2.840.113619.2.369.4.2147483647.1573007412.860582.png,0.6376074,0.56657624,0.0028524,0.07887758,0.00173553,0.1143499,9.7e-05,0.00845,0.0229206,6.623e-05,1.029e-05,0.00036547,1.417e-05,2.738e-05,0.003567,0.0004399,0.00068338,0.00020258,2.874e-05
DX.1.2.840.113564.920101.20191028151734796320.1003000225002.png,0.00098169,0.6127348,0.00011532,0.00223347,0.00267134,0.28226918,0.00069553,0.00560835,6.471e-05,0.018832,0.00035277,0.00057616,6.16e-06,5.56e-06,0.0174494,0.00024707,0.00392959,0.00013783,9.48e-06
DX.1.2.840.113564.920101.20191111090103328580.1003000225002.png,0.00016574,0.01731799,1.893e-05,2.699e-05,0.01331755,0.00104994,0.10515731,0.00070483,2.68e-06,0.0371056,0.01629887,0.02459212,5e-06,4.19e-06,0.00048437,0.00031968,0.02001078,0.00054784,2.384e-05
DX.1.3.46.670589.26.802544.25.20191107.92353.307084.0.png,0.41640887,0.0446919,0.00081456,0.01213111,0.00089106,0.00179165,0.01493264,0.18164603,0.00077067,3.383e-05,0.00155329,4.608e-05,0.00025587,0.00035843,4.234e-05,0.00206487,0.0004966,0.00157733,0.00022812
CR.1.3.12.2.1107.5.3.57.20200.11.201910220813000375.png,0.02444166,0.0427073,0.00272571,0.0100552,0.00568305,0.00796743,0.00021801,0.00552579,0.0001008,0.00788362,0.00029874,0.0071649,4.267e-05,0.00346961,0.00137256,0.000114,0.01014586,0.00025229,0.00053438
DX.1.2.840.113619.2.369.4.2147483647.1572243200.977399.png,0.42125997,0.00127666,0.00134582,0.01298241,0.0209442,6.132e-05,0.0199978,0.00034322,0.00022277,4.171e-05,0.00012777,0.00119352,3.05e-06,0.00012106,0.00077169,0.01041386,0.00012818,0.00086982,0.00032504
DX.1.2.840.113619.2.369.4.2147483647.1572232730.480306.png,0.00016152,0.9787693,4.732e-05,0.00161605,3.71e-05,0.41460973,0.00583348,0.01005253,8.39e-06,0.2620879,0.00028375,0.00586257,3.922e-05,6.172e-05,0.00502386,0.00013789,0.09332448,0.00059509,3.952e-05
DX.1.2.840.113619.2.369.4.2147483647.1572825742.605481.png,0.00329263,0.01667937,6.177e-05,2.79e-05,0.18418197,3.739e-05,0.5886875,0.00057992,6.9e-06,0.00026665,0.02702189,0.03918696,4.16e-06,3.102e-05,0.00152385,0.00041874,0.00091507,0.00010304,2.776e-05
DX.1.2.840.113619.2.369.4.2147483647.1572842952.321689.png,0.00024257,0.01560445,0.00027156,0.00023638,0.92739725,0.00081778,0.9883867,0.9613911,1.979e-05,0.00344436,0.00197684,0.00618375,3.07e-05,6.32e-05,0.00010166,0.00011879,0.00742268,0.0008381,8.608e-05
CR.1.3.12.2.1107.5.3.57.20200.11.201911111639010718.png,0.6067525,0.06796387,0.97449625,0.58815134,0.02132484,0.9274335,0.00711879,0.42088068,0.16121472,0.04177737,4.03e-06,0.01068816,0.00031838,0.00259632,0.00046786,4.683e-05,0.00614056,0.00147324,0.00057714
5CEDE2A92330C17.png,0.98697215,0.0002603,0.27857515,0.06343419,0.4429496,0.00113214,0.00064143,0.01553489,0.00705415,4.4e-05,3.07e-06,0.00143304,3.451e-05,0.00026899,7.65e-05,0.00695816,0.00013925,0.02797673,0.00031043
5D0B7C271844F10.png,0.30690503,0.03734795,0.00050111,0.1455656,0.03248264,0.4499236,0.00214377,0.05220082,0.04423248,0.23126131,0.00013555,0.00210682,3.974e-05,4.083e-05,4.527e-05,0.00034462,0.02795016,0.00022454,6.35e-06
DX.1.2.003082510003405836201910280805352055578.png,0.00084753,0.00069487,0.00187637,0.0006754,0.97985256,0.00105756,0.90250576,0.00847908,1.366e-05,0.00739444,0.00023345,0.07015048,3.479e-05,0.00013999,0.00012505,0.00122842,0.00094619,0.00164786,6.269e-05
DX.1.2.00290235000339253520191019090939257193406.png,0.03077744,0.00025964,0.01451583,0.02861159,0.9674068,0.00129259,0.73210174,0.02371883,0.0001391,0.00884821,6.777e-05,0.02433019,0.00019396,0.00186074,5.231e-05,0.00563034,0.00340049,0.02497446,0.00081048
DX.1.2.00237206000340086620191024085050263705218.png,0.0124069,0.00535563,0.00173432,0.00362026,0.00853695,4.004e-05,0.3022532,0.00081259,1.027e-05,0.00027745,0.00611481,0.00321315,1.383e-05,0.00029654,0.00118554,0.00257953,0.00013152,0.00041486,0.0002408
5DEDE04D4474587.png,0.8397464,0.3405512,0.00370101,0.01096162,5.807e-05,0.14419189,0.00036689,0.00074367,0.02717177,2.076e-05,0.00025401,0.00844775,5.32e-06,0.00018624,0.00036524,0.00041252,0.00229353,9.157e-05,3.637e-05
DX.1.2.840.113619.2.369.4.2147483647.1573621122.587848.png,0.00145078,0.01770724,0.00011326,0.00314176,0.6959718,0.00055951,0.97608656,0.7754329,4.67e-06,0.00095902,0.00594503,0.00699176,1.192e-05,3.217e-05,0.00013504,0.00093562,0.00163793,0.00191647,9.206e-05
DX.1.2.003130620003412276201910310836033446640.png,0.01305507,0.00064188,0.00192473,0.00126603,0.00618101,0.00076727,0.8961976,0.00010441,5.096e-05,0.00087577,0.00051795,0.05235918,8.51e-06,0.00125429,0.00053828,0.00157373,0.00141411,0.00064339,0.00015117
5D1074172F34D28.png,0.3678384,0.61164194,0.00123565,0.08247649,0.00348559,0.00969265,0.00011553,0.05344544,0.00592319,0.00011074,0.00280573,0.00056274,3.872e-05,0.00060224,0.03850489,0.00357554,1.016e-05,5.268e-05,0.00086602
DX.1.2.392.200046.100.2.1.69131194618.191026161518.1.1.1.png,0.02729589,0.00796543,2.441e-05,0.00399196,0.00715588,0.00025724,0.01517735,0.00405872,0.00214472,0.00311097,0.08495327,0.00133995,0.00015894,7.942e-05,0.00181713,0.09375124,0.00065516,0.00102552,0.00079094
DX.1.2.840.113564.920101.20191114081020796830.1003000225002.png,0.04754475,0.04112596,0.00015866,0.01706334,0.0253796,0.00112007,0.00031832,0.0045824,8.75e-06,0.03959878,0.00013131,0.00715161,1.796e-05,4.514e-05,0.00128335,0.00062717,0.0697057,0.00270653,1.64e-05
DX.1.2.392.200046.100.2.1.69131194618.191024093748.4.1.1.png,0.00030252,0.01330635,0.00129197,0.00072449,0.8296385,0.01200937,0.62500906,0.18330292,5.89e-05,0.15834829,0.00015927,0.00557901,2.412e-05,6.829e-05,0.00010397,9.64e-05,0.01360144,0.00217508,0.00011389
CR.1.2.156.600734.516764694.1648.1572053572.353.0.1.png,0.9170495,6.704e-05,0.9998516,0.3705278,0.984033,0.21075286,0.00090303,0.04365694,0.45985132,9.143e-05,8.653e-05,0.9655119,0.00059786,0.09969419,0.00010528,0.0174615,0.00119528,0.02213151,0.00472068
5E0AACC94D8C28E.png,0.00188292,0.9012003,1.092e-05,0.0004962,0.00073316,0.00031115,0.01442228,0.00027869,2.657e-05,0.00221601,0.00122948,0.00208475,3.79e-06,1.756e-05,0.19290055,0.00030175,0.00432892,0.00013895,2.224e-05
DX.1.2.392.200046.100.2.1.69131194618.191101095600.1.1.1.png,0.00341037,0.11609216,0.02894154,0.00142909,0.01155616,5.996e-05,0.18969788,0.00044757,0.00013211,8.541e-05,0.00021587,0.00084361,4.697e-05,0.00515292,0.04279779,0.00041363,0.00012826,0.00082448,0.00404766
DX.1.2.840.113619.2.369.4.2147483647.1573628197.349520.png,0.00429301,0.5537395,0.00074052,0.00042086,0.00337043,0.00122078,0.03638669,0.12977491,2.685e-05,0.00111897,0.0011426,0.00299778,1.794e-05,0.00016784,0.01597498,0.0007832,0.00045846,0.00014745,9.19e-05
DX.1.3.46.670589.26.802544.25.20191104.142552.306203.0.png,0.00513344,0.07784842,0.01390651,0.0334008,0.0075622,0.8103329,0.16956235,0.61913246,0.00021924,0.01859267,0.00088808,0.0202884,0.00252568,0.00260684,0.00035304,0.00025221,0.05763906,0.0014192,0.00137073
DX.1.2.00318577000343899920191118074428593197937.png,0.00106076,0.00802973,0.00081219,0.00558956,0.02005654,0.0079989,0.5713917,0.00080915,4.537e-05,0.12621863,0.00017901,0.01499302,1.3e-05,0.00028043,0.00831871,0.00049566,0.00510701,0.00015709,0.00015788
CR.1.2.156.600734.516764694.1648.1574064473.2104.0.3.png,2.724e-05,0.01469349,0.02118969,3.409e-05,0.65118724,0.00152717,0.73980856,0.00137597,8.38e-05,0.01651202,0.00016586,0.4027976,3.869e-05,0.00039346,0.00094971,0.00014263,0.5682675,0.00099804,2.054e-05
DX.1.2.392.200046.100.2.1.69131194618.191104164827.1.1.1.png,0.40626353,0.00203616,0.00139324,0.01590721,0.94543946,0.00015299,0.11573277,0.30328798,0.00038567,0.00072387,0.00014915,0.00223003,2.351e-05,1.631e-05,0.00040166,0.00468825,0.00017819,0.00442315,2.881e-05
CR.1.3.12.2.1107.5.3.57.20200.11.201911181458090468.png,2.223e-05,0.00215073,0.03538951,5.309e-05,0.8724655,0.00038859,0.9858247,0.0625479,9.223e-05,0.00216352,0.00075587,0.11027116,0.00019524,0.00019921,0.0002028,0.00015413,0.00536129,0.00478785,0.00133369
DX.1.2.840.113619.2.369.4.2147483647.1573017028.214493.png,0.00578689,0.7835161,0.00028201,0.04368006,0.00184965,0.35630915,0.00046441,0.00787153,0.00010481,0.04745947,3.582e-05,0.00065161,1.096e-05,2.304e-05,0.10607686,0.00319182,0.00250198,0.00063506,2.786e-05
DX.1.3.46.670589.26.802544.25.20191105.91605.306428.0.png,0.9889902,0.00227933,0.30381832,0.95370424,0.0197114,0.9596902,0.002076,0.07593102,0.75977314,0.00390459,0.00030235,0.00148061,0.00010624,0.00478489,1.805e-05,9.322e-05,0.00159702,0.00260229,0.00156011
DX.1.2.840.113619.2.369.4.2147483647.1572826983.545395.png,0.00168327,0.00374665,0.00031624,2.873e-05,0.00189318,5.44e-05,0.06084499,4.855e-05,4.83e-06,9.643e-05,0.00118799,0.02169705,6.85e-06,0.00046759,0.00245977,0.00044706,0.00291467,0.00031288,6.523e-05
DX.1.2.392.200046.100.2.1.69131194618.191028170734.1.1.1.png,0.0082147,0.00061312,6.074e-05,0.00011152,0.9721229,0.00026703,0.08978093,0.00383467,1.492e-05,0.05740964,0.00074629,0.0091127,1.401e-05,3.766e-05,0.00010771,0.00027144,0.0051393,0.00187838,7.657e-05
DX.1.3.46.670589.26.802544.25.20191113.92818.308828.0.png,0.01210601,0.00200748,3.663e-05,0.00312389,0.00688976,0.00208255,0.06316094,0.00107613,0.00012909,0.01833192,0.00648692,0.00263231,6.132e-05,0.00071193,0.00025096,0.0030431,0.05920528,0.00011369,9.405e-05
5DF18B1C285CCB6.png,0.01108533,0.4718918,0.00076461,0.01482991,5.114e-05,0.02076959,0.00056703,4.635e-05,0.00017897,0.07334128,0.00067479,0.02393332,5.529e-05,0.00038855,0.02155296,0.00197024,0.17604502,0.00053093,0.00055238
DX.1.2.003080960003416904201911040839433928234.png,0.94317895,0.00076966,0.7383667,0.4607556,0.9974369,0.02714176,0.00238498,0.11515581,0.08039522,0.00888084,5.69e-06,0.0012652,0.00390002,0.00056224,9.539e-05,0.0057897,8.823e-05,0.00904224,0.00054258
DX.1.2.840.113564.920101.20191118143902031590.1003000225002.png,0.03092308,0.00012113,0.00072962,5.922e-05,0.2119626,4.446e-05,0.08119726,0.00021462,9.809e-05,0.00018987,0.00059146,0.01297645,5.32e-06,0.00017778,0.00023375,0.00018186,0.00156913,0.00157042,8.287e-05
DX.1.3.46.670589.26.802544.25.20191111.130521.308052.0.png,0.03147508,0.0430771,0.00665191,0.31282994,0.13454893,0.7034223,0.00734979,0.46494547,0.00219478,0.3035572,9.46e-06,0.0082024,0.00015327,0.00037206,1.042e-05,4.009e-05,0.07574184,0.01653,0.00018103
DX.1.2.840.113619.2.369.4.2147483647.1573456052.170504.png,0.04628754,0.79161733,0.00199952,0.16896184,0.00159462,0.0584893,0.00084644,0.6130753,0.00063685,0.00236484,9.65e-06,0.00109891,0.00011112,0.00019583,0.00178043,0.00065388,0.00015621,0.00044341,0.00010063
5E016438577487F.png,0.937205,0.7091332,0.07628076,0.9954164,0.07862794,0.72504336,0.00075922,0.6572662,0.17685618,4.23e-05,9e-05,7.87e-05,4.84e-05,0.00045976,0.00046533,0.02834188,4.163e-05,0.00040592,0.00259361
DX.1.2.840.113619.2.369.4.2147483647.1572239923.149699.png,0.00188077,0.00668305,7.568e-05,0.00023634,0.19735534,0.00040789,0.45833912,0.14428194,9.012e-05,0.00029768,0.00061323,0.00431701,5.85e-06,3.027e-05,7.067e-05,0.00013306,0.00058679,0.00072484,3.121e-05
CR.1.3.46.670589.26.602199.4.20191107.73608.334231.0.png,0.00248618,0.08902688,0.00015075,0.00460942,0.00011342,0.83247334,0.00026318,0.00028218,0.00037024,0.6890917,0.00134405,0.00212921,2.418e-05,0.0001953,0.0097955,8.866e-05,0.6934288,0.00059395,0.00016007
DX.1.2.840.113619.2.369.4.2147483647.1572833088.817828.png,0.00025571,0.43994355,0.00021206,0.00030786,0.0003935,0.00116947,0.03448086,0.00152409,4.25e-06,0.00086893,0.00640228,0.00204604,2.328e-05,9.388e-05,0.07377282,0.00022868,0.00426273,0.00056663,0.00033064
5BBAB4EC13C4C14.png,0.00058315,0.01765562,0.00308387,1.033e-05,0.19545887,3.59e-05,0.12254481,0.03581618,2.983e-05,0.00010646,0.0141957,0.0063183,2.88e-06,1.104e-05,0.00044514,3.111e-05,0.00051704,0.00014688,3.638e-05
CR.1.2.156.600734.516764694.1648.1572828580.1006.0.1.png,0.6308384,0.00473181,0.1904283,0.00611395,0.05522158,0.00030591,0.00014304,0.00018042,0.00064641,3.96e-06,9.91e-05,0.34418684,4.07e-05,0.00114804,0.00550395,0.01725263,0.00020447,0.00026902,0.00038565
CR.1.3.46.670589.26.602199.4.20191105.81134.334170.0.png,0.00710895,0.8476672,0.02043126,0.07546072,0.12608153,0.6460902,0.00193378,0.6098642,0.0146926,0.07635952,1.793e-05,0.00031337,0.00066938,0.001986,0.00187908,5.994e-05,0.00248598,0.00184999,0.00033688
5D0CE43A109C447.png,0.7690081,0.00019232,0.34594536,0.68537056,0.29401505,0.00575487,0.00382335,0.00119262,0.00259425,0.00047792,0.00031241,0.00058633,6.95e-06,0.00024717,8.947e-05,0.00539326,0.00047091,0.08528919,0.00098343
CR.1.3.12.2.1107.5.3.57.20200.11.201911070826110062.png,0.00108139,0.09617481,0.00013304,0.00221963,0.00161992,0.03266286,0.00883377,0.00071394,7.252e-05,0.18488973,0.0003003,0.00133701,3.782e-05,0.00029812,0.0809917,5.054e-05,0.02561171,0.00203381,0.00087019
5C106333117C6A1.png,0.99998593,0.00507949,0.8444041,0.99873704,0.55734956,0.8452841,8.448e-05,0.31444886,0.99363714,8.274e-05,9.21e-06,0.00466164,7.304e-05,0.00023629,4.543e-05,0.00756228,0.00331353,0.00107143,0.00052702
CR.1.2.156.600734.516764694.1648.1573026909.1213.0.1.png,0.10218495,0.0005416,0.999918,0.01283318,0.9998536,0.07221832,0.00066541,0.01311424,0.01579777,0.00182169,6.62e-06,0.7083363,0.000624,0.00071953,8.475e-05,0.00046354,0.00065403,0.11626975,0.00064694
DX.1.2.392.200036.9125.4.0.487539084.867263894.2795306561.png,0.2934215,0.00015687,0.9883079,0.00071997,0.10528842,8.097e-05,0.2033068,1.66e-05,0.00084884,3.575e-05,4.039e-05,0.1755506,0.00132808,0.87631214,0.00011064,0.05242392,0.00037879,0.00746874,0.30394658
CR.1.3.46.670589.26.602199.4.20191118.90004.334490.0.png,0.00033833,0.00051829,0.00016605,1.347e-05,0.01259651,0.00132276,0.14850351,0.00156647,2.581e-05,0.01859699,0.08381547,0.00543536,3.032e-05,0.00018134,0.00016699,0.00018372,0.01714181,0.00064636,0.00065484
5CBE64E613540FF.png,0.0001204,0.07377308,0.00066705,0.00022059,0.16304386,0.00126352,0.3304274,0.03700535,6.51e-06,0.00262272,0.00258997,0.01605166,3.273e-05,1.495e-05,0.0004789,0.00019294,0.00135844,0.00125448,5.953e-05
DX.1.2.840.113619.2.369.4.2147483647.1568169234.460757.png,0.8938062,0.00035868,0.28439152,0.10457034,0.9913609,0.00752846,0.34519085,0.9715864,0.22238357,5.575e-05,7.82e-06,0.0063713,0.00054153,0.00059292,0.00010236,0.00032164,0.00049844,0.00359335,0.00037428
5D6236654158F20.png,0.9266607,0.02323698,0.09293542,0.3199122,0.8549411,0.20162179,0.22955866,0.9996609,0.16618744,0.00029253,0.00011385,0.00072785,0.00669616,0.0001294,6.11e-05,0.0018873,0.00075078,0.00035419,0.00043915
CR.1.3.12.2.1107.5.3.57.20200.11.201911011550360468.png,0.23450509,0.00011438,0.24657768,0.00106328,0.07063848,0.00198283,0.08718209,8.612e-05,0.00847409,0.01048592,6.799e-05,0.6924916,2.6e-05,0.00106382,0.00012198,7.997e-05,0.08397381,0.00064717,0.00016618
5C36A9441528757.png,0.99915314,0.00043568,0.74360186,0.6045007,0.13438924,0.5226279,0.00360726,0.00812543,0.6391727,7.961e-05,3.882e-05,0.10067439,0.00028275,0.00952288,5.01e-06,0.00015701,0.03452378,0.00233331,6.856e-05
DX.1.2.00292232000339240120191019092830258324218.png,0.00144653,0.00101233,0.00051204,0.00052009,0.00831011,3.493e-05,0.8367503,0.00026919,1.741e-05,0.00010881,0.00229565,0.00213901,1.094e-05,0.00022565,0.00093357,0.00111738,0.00030676,0.00100592,0.00013227
DX.1.3.46.670589.26.802544.25.20191105.144555.306616.0.png,0.00079362,0.12894534,0.00964406,0.02205881,0.00511662,0.9696984,0.01032735,0.88861626,0.00105393,0.10941634,0.00010265,0.0081405,0.00082935,0.00365066,6.71e-06,1.639e-05,0.6212811,0.00096391,0.00010627
DX.1.2.0030971900033962662019102209124192216593.png,5.51e-06,0.00094769,0.00019187,3.722e-05,0.3562522,0.00187077,0.9824092,0.00130723,1.634e-05,0.2302896,0.0218197,0.05406504,2.434e-05,4.064e-05,0.00196449,0.00049618,0.12503661,0.00139216,0.00019736
CR.1.2.156.600734.516764694.906304.1571383766.192.0.1.png,0.95430696,0.00020057,0.86581755,0.04693352,0.55397886,0.0030699,0.00123135,0.00108199,0.26017356,9.19e-06,0.0001166,0.13920899,3.99e-05,0.00084238,0.00045978,0.01174073,4.085e-05,0.00343693,0.0002018
DX.1.2.840.113564.920101.20191113081226796590.1003000225002.png,0.04588568,0.7308813,3.235e-05,0.00190709,0.00035901,0.04777721,0.0003823,0.00030206,0.00026459,0.00138682,0.00228172,0.00129949,1.67e-06,2.721e-05,0.0288675,0.0001297,0.01492852,3.818e-05,4.59e-06
DX.1.2.840.113619.2.369.4.2147483647.1573691284.383763.png,0.8597828,0.24277721,0.00105462,0.52679324,0.01748033,0.00219667,0.00516677,0.03544711,0.00105829,6.485e-05,2.662e-05,0.00050099,2.774e-05,0.00035869,0.0009887,0.00421436,0.00018978,0.0040114,6.849e-05
5C144FC527D460C.png,0.98691595,0.00140172,0.00195919,0.03003721,0.02282702,0.00068716,0.00185642,0.00401484,0.01108077,5.63e-06,0.00121558,0.00203071,9.41e-06,0.00054497,8.937e-05,0.00236133,0.00112199,0.00221751,0.0001012
DX.1.3.46.670589.26.802544.25.20191105.134818.306583.0.png,0.5945466,0.00804929,0.29720163,0.40427744,0.68855625,0.06488,0.07681426,0.8182322,0.00791728,8.825e-05,4.204e-05,0.00043406,6.528e-05,0.001268,1.933e-05,0.00062959,0.00014403,0.01391845,0.00043736
DX.1.2.00316063000342525920191108091949351934437.png,0.6854973,0.00027278,0.24185175,0.2757342,0.54125345,0.00723643,0.2081438,0.00409842,0.00187382,0.00104235,5.45e-05,0.00486749,0.00027297,7.545e-05,0.00013409,0.00598874,0.00029792,0.00202318,0.00023829
DX.1.2.840.113619.2.369.4.2147483647.1574036672.335882.png,0.9457836,0.02439172,0.00424934,0.92306864,0.47490317,0.00828524,0.04566176,0.6168804,0.04088325,0.00017452,7.342e-05,0.00046691,4.923e-05,0.00011351,2.66e-05,0.00126946,0.00126281,0.00143749,5.815e-05
DX.1.2.840.113619.2.369.4.2147483647.1572999629.67086.png,0.07014804,0.07134188,9.694e-05,0.00045194,0.0161705,0.00036235,0.01271673,0.00044232,0.00011032,5.268e-05,0.01912545,0.00126125,1.393e-05,3.104e-05,0.00274641,0.00672967,0.00088132,0.0006318,1.277e-05
5DDF32D25128CD0.png,0.19542313,0.00762115,0.00128911,0.00087524,0.39676887,0.00016967,0.570953,0.09880655,0.00621333,0.00040397,6.964e-05,0.00570872,3.192e-05,1.216e-05,7.941e-05,0.00012237,0.00255231,0.00050396,0.00017304
CR.1.2.156.600734.516764694.1648.1572056688.358.0.1.png,0.02596864,0.01256009,0.00557348,0.00051399,0.04345476,0.00055862,0.00774618,0.00284715,0.00020846,0.00069659,0.0304042,0.01038611,0.00040438,0.0011717,0.01815276,0.01057359,0.00056338,0.00017754,0.00360835
5D02F5BF1DD83FC.png,0.05884773,0.3257562,0.00051183,0.00380342,0.00130188,0.00072258,0.00073533,0.00092901,0.00047274,1.009e-05,0.01523872,0.00028765,7.56e-06,0.00017862,0.04782551,0.00143192,0.00013865,0.00017353,0.00028792
CR.1.3.12.2.1107.5.3.57.30003.11.201911061015400250.png,0.00449804,0.00749107,0.00393314,0.00110107,0.0600118,0.00128146,0.08531106,0.00073221,0.00012052,0.00058822,0.00030086,0.01216562,1.301e-05,0.00024539,2.829e-05,0.00024317,0.00202777,0.00907258,1.62e-05
DX.1.2.0030976000033962942019102208515790971781.png,0.00562024,0.00236964,0.05602464,0.00574497,0.63083935,0.01118358,0.03788723,0.00019075,2.218e-05,0.05390387,0.00018197,0.00368117,5.248e-05,1.857e-05,0.00024899,0.0009492,0.00281403,0.00312356,6.107e-05
DX.1.2.392.200046.100.2.1.69131194618.191024102221.1.1.1.png,0.99715954,0.00096426,0.00566022,0.00100166,0.4234658,0.00017222,0.00383915,0.01045268,0.11399292,9.06e-05,3.981e-05,0.00330171,6.688e-05,0.00845368,4.184e-05,0.00054197,0.0023287,0.003492,0.00021181
DX.1.2.00291383000339003220191017144920104773843.png,0.761219,0.00064283,0.03002832,0.64025897,0.23282129,0.00268259,0.05656692,0.02467246,0.01426802,2.679e-05,0.00013654,0.00013484,1.699e-05,0.00024804,2.645e-05,0.01080239,1.827e-05,0.02167672,0.00011011
DX.1.3.46.670589.26.802544.25.20191114.133831.309283.0.png,0.00186873,0.0016876,4.206e-05,8.531e-05,0.00059399,0.00032972,0.01347101,2.389e-05,7.1e-06,0.00567217,0.01988169,0.0026907,6.61e-06,0.00036552,0.00392779,0.000535,0.00600299,0.00046989,0.00107472
CR.1.3.12.2.1107.5.3.57.20200.11.201911121506170359.png,0.11223287,0.03517214,0.01818036,0.01240385,0.18345287,0.15561098,0.09185578,0.15809436,0.00410333,0.00346782,4.643e-05,0.00510466,3.674e-05,0.00033987,2.928e-05,2.013e-05,0.00063018,0.01142639,8.918e-05
5DFD8EB56130FE8.png,0.7934416,0.0122108,0.990708,0.57655805,0.46397865,0.6879044,0.00727428,0.17810948,0.93085784,2.732e-05,0.00055986,0.00237681,6.525e-05,0.00117711,2.229e-05,0.00648371,0.0002199,0.0057753,0.00174924
DX.1.2.840.113619.2.369.4.2147483647.1573628248.931292.png,0.35877383,0.9445405,0.00041329,0.01727723,0.00188542,0.01454547,0.00320203,0.05189184,0.00103389,4.718e-05,0.00017863,0.00123185,1.855e-05,0.00011445,0.03945105,0.00109593,0.00022044,0.00028664,4.986e-05
DX.1.2.840.113619.2.369.4.2147483647.1572837805.110904.png,0.19612564,0.41176793,0.00053327,0.00331058,0.00429691,0.00333014,0.00102388,0.00905342,0.0003234,5.538e-05,0.00011619,0.00041734,3.6e-05,0.0006186,0.00756409,0.00060769,0.0001279,0.00035904,0.00037165
DX.1.2.392.200036.9125.4.0.487582833.1370580374.2795306561.png,0.01280943,0.00700931,0.2647004,0.00372969,0.01409203,0.00021692,0.1785221,2.952e-05,9.496e-05,3.565e-05,0.00016681,0.00352042,1.678e-05,0.00109749,0.00133764,0.02307067,8.675e-05,0.01811144,0.00281734
DX.1.2.392.200036.9125.4.0.487562630.2975294870.2795306561.png,0.01829149,0.01276401,0.5699039,0.01486148,0.11142513,0.00077439,0.24003325,0.00051767,0.00012898,8.515e-05,3.881e-05,0.00735224,0.00039602,0.01037606,0.00036278,0.00203858,0.00010197,0.02184378,0.03655319
DX.1.3.46.670589.26.802544.25.20191104.142902.306205.0.png,0.01470061,0.00253932,0.00073767,0.00747076,0.00482551,0.00549653,0.13237484,0.0083453,0.00171212,0.00401829,0.02195347,0.00045206,0.00031554,0.00025164,0.00010184,0.00139168,0.01966373,0.00087897,0.00054125
5D0DBF8D1C5C004.png,0.99451387,0.00185707,0.9454811,0.06274773,0.5969738,0.01070007,0.00034132,0.00711847,0.05269539,5.208e-05,3.69e-06,0.00764958,5.24e-05,0.00010767,2.419e-05,0.02059353,0.00034843,0.1576155,0.00036083
CR.1.2.156.600734.516764694.1648.1573026420.1212.0.3.png,7.178e-05,0.00031048,0.92467934,3.724e-05,0.897514,0.00054789,0.12011023,0.00022265,1.12e-05,0.00404283,0.00037985,0.9074382,0.00084916,0.00207659,0.00088566,0.0001149,0.00598944,0.0037881,0.00117998
5DC67B885B7C45A.png,0.17292199,0.00439387,0.00049764,0.00065622,0.04506176,0.00011083,0.03180485,0.03687669,0.00041322,8.54e-06,0.00149569,5.497e-05,1.152e-05,0.00048375,0.00272306,0.00111964,2.686e-05,0.00081679,0.00115597
DX.1.2.840.113619.2.369.4.2147483647.1572231434.58528.png,0.00846131,0.00498931,0.00068913,2.769e-05,0.02802652,8.342e-05,0.08899391,0.00048098,2.519e-05,0.00032121,0.0023432,0.00839413,3.252e-05,0.00039755,0.00113183,0.00025559,0.00193623,0.00025929,9.68e-05
5E3A79EF2698E96.png,0.99683267,0.00126181,0.00318073,0.85665584,0.46716213,6.796e-05,0.01241354,0.00185533,0.00140935,6.212e-05,0.00026653,0.00604979,0.00019543,0.00130896,6.849e-05,0.6257968,0.0009717,0.00035805,0.00193347
5D6DCFE13DA0DE8.png,0.9999278,0.00049809,0.97322565,0.99523634,0.16744614,0.9176362,0.00162858,0.2759409,0.99820226,1.369e-05,3.719e-05,0.01286868,0.00082801,0.00063865,1.412e-05,0.00432472,0.00230516,0.00381075,0.00052627
DX.1.2.392.200046.100.2.1.69131194618.191029090513.2.1.1.png,0.0004169,0.00770331,0.0004948,4.069e-05,0.0028011,0.00197362,0.12012696,1.011e-05,6.145e-05,0.00563854,0.00070783,0.01325348,3.962e-05,0.00397254,0.00603112,6.125e-05,0.0022406,0.00076033,0.00110967
5CC4FF2BF48729.png,0.29556903,0.04706005,0.00129525,0.0013921,0.00041548,0.00202476,0.00030506,0.00027237,0.00051151,9.102e-05,0.0056118,0.00355008,1.51e-06,0.00033682,0.04531925,0.00093215,0.00093041,7.035e-05,6.886e-05
DX.1.2.00291519000340262120191025083553349207859.png,0.46869725,0.0043458,0.00308095,0.02250639,0.00322774,0.00039186,0.03807147,0.0006985,0.00014935,0.00117638,8.844e-05,0.02389364,3.087e-05,0.00102718,0.00515222,0.00372932,0.00086195,4.424e-05,0.00142915
5DD343325B88032.png,0.47178897,0.00267722,0.70563215,0.0403183,0.67709386,0.10063891,0.08032875,0.92424375,0.19407307,1.511e-05,8.53e-06,0.00049627,4.739e-05,0.00020242,1.363e-05,0.000663,2.619e-05,0.01677848,0.00094108
DX.1.2.840.113619.2.369.4.2147483647.1572241928.622728.png,0.01279675,0.0049081,0.00097002,6.037e-05,0.11274376,0.0030719,0.13612373,0.00613334,0.00012748,0.0043007,0.00081935,0.0513016,2.54e-05,0.00017788,0.00010707,0.00010555,0.02139325,0.00064651,3.027e-05
DX.1.2.002661900003405832201910280808382237875.png,0.00025042,0.00538951,0.00037433,0.00535567,0.03588362,0.00218994,0.8794973,0.00010934,6.9e-06,0.01798374,0.00073908,0.04776072,0.00011229,0.00020318,0.00200186,0.00451403,0.00441261,0.00047258,0.00020408
CR.1.2.156.600734.516764694.906304.1571241726.60.0.1.png,0.0028409,0.00018072,0.00415522,0.00099237,0.13335226,2.063e-05,0.01677839,0.00011061,4.57e-06,1.889e-05,0.05319068,0.07979208,1.722e-05,4.383e-05,0.00101398,0.01264322,0.00019132,0.00157444,0.00012807
DX.1.2.392.200046.100.2.1.69131194618.191029150057.1.1.1.png,0.02888703,0.0010519,0.00166171,0.00112119,0.42642885,0.0001686,0.00519846,4.713e-05,6.956e-05,0.00076439,0.00729638,0.01835825,5.4e-06,7.612e-05,0.00055667,0.00068803,0.00166902,0.00212045,4.951e-05
CR.1.3.12.2.1107.5.3.57.20200.11.201910311543040484.png,0.891643,0.01388379,0.4154203,0.00420181,0.46310535,0.00753623,0.07770034,0.00596197,0.097332,0.00014301,0.00028077,0.05135511,0.00016909,0.00539452,0.0001339,0.00066517,0.00040208,0.00799531,0.00272085
CR.1.2.156.600734.516764694.1648.1572143191.411.0.1.png,0.00010347,0.00611496,0.00407549,8.578e-05,0.56254977,0.00051518,0.0835662,0.00108175,3.81e-06,0.00781165,0.00272177,0.30786783,8.584e-05,3.72e-06,0.00026883,0.00052173,0.00338118,0.00038511,9.287e-05
DX.1.2.840.113564.920101.20191028153501015420.1003000225002.png,0.00366827,5.041e-05,0.00656826,2.548e-05,0.63714194,3.002e-05,0.46982747,7.518e-05,6.517e-05,0.00103644,0.00262126,0.15099078,8.67e-06,0.00077258,3.64e-05,0.00013823,0.00950793,0.00251916,8.393e-05
CR.1.2.156.600734.516764694.1648.1573954329.1980.0.1.png,0.99956447,0.00078255,0.9999553,0.83742434,0.8614225,0.9452291,5.049e-05,0.00315745,0.9586376,0.0001367,4.058e-05,0.6133053,3.828e-05,0.00594444,9.697e-05,0.00068433,0.00190155,0.00116806,0.00629196
CR.1.3.12.2.1107.5.3.57.20200.11.201910171532100421.png,0.00317567,0.19605564,0.00196915,0.00495816,0.00051172,0.8984556,0.00016194,0.00152607,0.00041803,0.6484277,1.687e-05,0.00915544,0.00010152,0.00026463,0.03382875,1.143e-05,0.7556851,0.00055564,0.00016746
5E02B9B24328033.png,0.4096028,0.9404177,0.00030404,0.43392852,0.00165002,0.5571921,6.42e-05,0.4003001,0.00046907,0.00899131,4.837e-05,0.00094793,7.28e-06,0.00011634,0.00027538,0.00015459,0.01396271,4.443e-05,1.68e-05
DX.1.2.840.113619.2.369.4.2147483647.1573517297.841260.png,0.00038194,0.0618871,0.00076474,0.00013675,0.01189589,0.00488081,0.26845232,0.00100333,1.857e-05,0.00070545,0.00306648,0.06584346,9.97e-06,0.00136086,0.0008263,3.153e-05,0.22082373,0.00110447,5.565e-05
CR.1.2.156.600734.516764694.1648.1571893174.239.0.1.png,0.33484837,0.00016728,0.9952344,0.00267938,0.7499951,0.00015103,0.0015342,0.00017335,0.00853844,1.481e-05,3.161e-05,0.92480975,5.071e-05,0.00420926,6.477e-05,0.00473664,8.28e-05,0.00229827,0.00035249
DX.1.2.00237808000341555520191102082755175757703.png,0.01834909,0.00040809,0.011619,0.00093882,0.0068962,0.00032,0.9851541,0.00010145,0.00025047,0.00080142,0.0003106,0.36143777,3.67e-05,0.00235256,0.00100579,0.0108876,0.00114956,6.485e-05,0.00179089
5B7CADDDE188FE.png,0.90127295,0.06692601,0.00266728,0.7564381,0.00607623,0.02905375,0.00054906,0.02222838,0.00992852,7.004e-05,9.293e-05,0.00044279,2.798e-05,0.00034235,0.00085414,0.00709324,0.000235,0.0001702,0.00017699
DX.1.2.840.113619.2.369.4.2147483647.1572240022.939998.png,0.08884987,0.00689778,0.00014358,0.0037725,0.06273778,6.992e-05,0.41475865,0.00179216,2.08e-05,4.702e-05,0.00684593,0.00061859,1.059e-05,3.313e-05,0.00233261,0.0018848,0.00015498,0.00090214,4.396e-05
5D02F26C138493C.png,0.7771608,0.00030906,0.93108654,0.1438448,0.84628904,0.02728157,0.0102777,0.08247798,0.04859052,0.00010328,5.357e-05,0.00091639,5.992e-05,0.0004819,3.28e-06,0.00063146,0.0003047,0.01928556,0.00016645
CR.1.3.46.670589.26.602199.4.20190910.85535.331844.0.png,0.00894703,0.2612285,0.00355528,0.45190173,0.25487652,0.96947765,0.02030998,0.9899984,0.1535731,0.15789436,0.00030953,4.819e-05,0.00027718,9.88e-05,2.22e-06,5.727e-05,0.00278791,0.00331614,0.00055924
5DFAD41F596C0D3.png,0.9947324,0.00079814,0.58157533,0.2831744,0.06980853,0.01244152,0.00318391,0.00429868,0.74432063,4.17e-06,0.00010021,0.00197622,1.104e-05,0.00063508,4.584e-05,0.00871157,0.00036545,0.00105292,0.00053171
DX.1.3.46.670589.26.802544.25.20191111.131112.308055.0.png,0.00011825,0.07123886,0.00039314,0.00088009,0.00067653,0.7410824,0.00551819,0.13165632,0.00015639,0.57102525,0.00034842,0.0015077,0.00073063,0.00172215,9.483e-05,1.465e-05,0.1947999,0.0003963,0.00090009
DX.1.2.392.200046.100.2.1.69131194618.191111151522.2.1.1.png,0.13683948,0.00121362,0.00961717,0.00152038,0.521042,2.387e-05,0.03685025,0.00015647,0.00124783,5.671e-05,0.00046107,0.00911483,1.282e-05,0.00026717,5.107e-05,0.00049381,0.00195471,0.01173303,0.00031121
5C806E51DE4086.png,0.05214625,0.00427843,0.01449524,0.00516308,0.953159,0.00166909,0.1754057,0.42840084,0.00454541,0.00039362,0.00299393,0.01460681,3.107e-05,6.249e-05,3.28e-06,6.398e-05,0.00064741,0.00335966,1.194e-05
CR.1.3.12.2.1107.5.3.57.20200.11.201910251105470109.png,0.7713698,0.00150213,0.01716078,0.02945568,0.13056415,0.0037742,0.01585468,0.0052096,0.01355168,0.00596085,0.0004467,0.01867897,4.521e-05,0.00093131,0.00012534,0.00017642,0.00110854,0.00096092,0.00015385
5E3812B753984F3.png,0.17312446,0.7009696,0.0035629,0.03382551,0.004332,0.9468383,0.00185749,0.9338077,0.09944633,0.544142,4.05e-05,0.00055842,0.00212079,0.00195669,0.00317854,3.227e-05,0.00826178,0.00120701,0.0002167
CR.1.3.12.2.1107.5.3.57.20200.11.201911130957430859.png,0.01205935,0.00060481,0.24576119,0.00225192,0.8172638,0.01365552,0.12392954,0.00283466,0.00473905,0.00709844,5.465e-05,0.02983564,6.741e-05,0.00021914,1.515e-05,1.626e-05,0.06428156,0.02543678,0.00019711
DX.1.2.392.200046.100.2.1.69131194618.191031092539.1.1.1.png,0.03686308,0.00262528,9.262e-05,0.00254357,0.96547234,2.153e-05,0.17385381,0.00905719,8.549e-05,0.00914863,0.00173473,0.00601162,1.599e-05,1.622e-05,0.00052857,0.00079285,0.00280565,0.00401664,4.92e-05
DX.1.2.003133820003416690201911040807522016718.png,0.37472615,0.05138344,0.03268969,0.6675536,0.33778685,0.85758567,0.00915126,0.2613907,0.00208793,0.07581444,4.933e-05,0.00476865,0.00014191,0.00050319,4.695e-05,0.00048686,0.01319963,0.00123807,9.062e-05
DX.1.2.00288707000343586020191115083122336812265.png,0.00049493,0.00251313,0.00163885,0.01331568,0.18999393,0.01132897,0.8751464,0.0007197,2.185e-05,0.44696617,0.00046836,0.08690763,0.00032997,0.00076217,0.00707899,0.00327209,0.0464119,0.00033149,0.00027998
DX.1.3.46.670589.26.802544.25.20191118.85622.310132.0.png,0.01132894,0.00043848,5.881e-05,0.00081365,0.02716309,0.00112952,0.09531442,0.01658362,7.447e-05,0.01453582,0.02311844,0.00131848,0.00010777,0.000167,7.135e-05,0.00170792,0.09965797,0.00048148,0.00042312
DX.1.2.003080520003394080201910210843384072703.png,0.0159976,0.00077407,0.00111866,0.00044206,0.02431943,0.00057157,0.5313075,0.00054427,0.00071614,0.00037266,0.00012193,0.00290834,1.728e-05,0.00017354,3.358e-05,0.00012317,0.00098616,0.00412709,0.0004044
DX.1.2.840.113564.920101.20191107141858750520.1003000225002.png,0.0008578,0.03290598,9.01e-06,0.00015287,0.01001029,0.00359692,0.02146176,0.0025131,9.96e-06,0.00367267,0.00730318,0.00891381,5.29e-06,2.253e-05,5.101e-05,0.0003848,0.02007385,0.00118717,1.205e-05
CR.1.3.12.2.1107.5.3.57.20200.11.201910230904560328.png,1.091e-05,0.00600532,0.00628696,0.00025714,0.53405786,0.09747566,0.31580862,0.05825234,7.843e-05,0.6112208,2.565e-05,0.1757005,0.00017808,0.00010327,0.00018666,3.964e-05,0.17769969,0.00117135,4.691e-05
DX.1.2.840.113564.920101.20191113082216921670.1003000225002.png,0.00019691,0.4333234,6.061e-05,0.00016535,0.0003892,0.01345292,0.00374322,0.00340693,1.685e-05,0.00234837,0.00186831,0.00060618,2.349e-05,3.026e-05,0.0033236,0.00016914,0.00358743,0.00080923,6.266e-05
DX.1.2.00311373000340157020191024100926268421625.png,0.00048735,0.00066193,0.00093953,0.00054318,0.00025077,0.00012347,0.5127282,8.077e-05,2.945e-05,0.00242645,0.07578666,0.0023344,0.00013452,0.00192915,0.02697509,0.00761094,0.0004773,0.00138085,0.00910988
5D9E815751EC405.png,0.00012026,0.03298028,0.00475384,0.00010293,0.35310987,0.00554322,0.79388696,0.4889556,5.902e-05,0.00414261,0.00051527,0.01538498,5.411e-05,6.097e-05,5.793e-05,0.00039265,0.00122241,0.00232107,0.00064367
DX.1.2.00308982000339275220191019093942258995781.png,0.9779405,0.00879104,0.95749307,0.9719396,0.01705811,0.77291054,0.01300631,0.4103243,0.18777867,0.00134297,1.627e-05,0.00585583,0.00041965,0.00306108,2.431e-05,0.00036577,0.00092209,0.0005284,0.00304265
CR.1.3.12.2.1107.5.3.57.20200.11.201911181047280546.png,2.496e-05,0.00267999,0.00015462,6.93e-06,0.15475759,0.00023985,0.84657496,0.00287716,1.196e-05,0.00722108,0.02532188,0.0025796,1.408e-05,4.284e-05,0.00048381,0.00031404,0.00383607,0.00971019,0.00020661
5E191D3441B023C.png,0.9894676,0.2001115,0.02868253,0.8470213,0.32521948,0.29507896,0.00304716,0.93322134,0.15402274,0.00021394,7.52e-06,0.00872504,0.00033891,0.00597953,0.00029805,0.00076299,0.02521691,0.01184265,0.00136025
5E279CB41C7490A.png,0.00824856,0.76745474,0.00052061,0.3054775,0.00141602,0.38964552,0.00012338,0.00715188,0.00022066,0.00358275,5.187e-05,9.833e-05,0.00012767,0.00014102,0.0041418,0.00059597,0.0055318,0.00143007,0.00032052
DX.1.2.840.113619.2.369.4.2147483647.1573010387.403272.png,0.24419361,0.00260942,0.00075478,0.00420731,0.04410862,0.00010852,0.12073848,0.0050641,0.00018019,8.77e-06,0.00084775,0.00051253,7.79e-06,0.00274638,0.00335705,0.00230947,0.00012348,0.00461856,0.0048956
CR.1.3.46.670589.26.602199.4.20191118.82753.334488.0.png,0.00482861,0.04432534,0.00044868,0.00074874,0.00256215,0.00241275,0.09668431,0.09357537,3.502e-05,0.00823106,0.04429253,0.00028646,1.849e-05,2.232e-05,0.00070515,0.00014453,0.00341629,5.731e-05,0.00039859
DX.1.2.840.113619.2.369.4.2147483647.1573432263.476733.png,0.23088536,0.31483617,0.00070684,0.00515175,0.00054724,0.00112626,0.00623903,0.00177604,0.00025647,4.275e-05,0.00093496,0.00283168,1.816e-05,0.00054682,0.07751526,0.00920173,0.00040043,0.00013247,0.00018172
DX.1.3.46.670589.26.802544.25.20191105.95715.306457.0.png,0.01620981,0.5463447,0.00534661,0.00231955,0.00230917,0.424569,0.00057014,0.10851476,0.00563166,0.03135009,0.00044868,0.00104471,0.00089126,0.00080414,0.00062372,6.242e-05,0.01457867,0.00078594,0.00048251
DX.1.3.46.670589.26.802544.25.20191105.84041.306402.0.png,0.02087443,0.00529366,0.00334748,0.00081629,0.00072721,0.00045646,0.0915511,0.00668387,0.00022359,7.042e-05,0.43188927,0.00150806,4.063e-05,0.00036869,0.00047926,9.01e-05,0.000508,3.531e-05,0.00101401
DX.1.2.840.113619.2.369.4.2147483647.1573697988.291749.png,0.9382211,0.00690881,0.05236984,0.5998253,0.27015197,0.00223486,0.00634082,0.74889314,0.00470187,4.468e-05,2.807e-05,0.00067882,1.172e-05,9.57e-05,0.00014631,0.00085859,0.0003443,0.00083031,7.569e-05
CR.1.2.156.600734.516764694.1648.1573888946.1948.0.1.png,0.02212512,0.08252863,0.00778591,0.00177743,0.17604107,0.00065965,0.00452986,0.00392465,9.187e-05,0.00034815,0.00553742,0.01397807,0.0001715,6.593e-05,0.01462229,0.01295337,0.0004632,0.00205584,0.00025332
DX.1.3.46.670589.26.802544.25.20190911.90057.290771.0.png,0.7086119,0.00171756,0.00017798,0.02597332,0.04983454,0.00155103,0.0772021,0.14363703,0.0028426,0.00011219,0.00365169,0.00036063,4.495e-05,7.556e-05,0.00034799,0.00390235,0.00038151,0.00191496,0.00014355
5C3702A3123C1C8.png,0.9671968,6.858e-05,0.02464064,0.00914086,0.3548898,0.00048968,0.00657713,0.00708651,0.03170116,7.444e-05,0.00078736,0.00927004,0.0001091,0.00335427,1.053e-05,0.00730277,0.00052039,0.0011372,0.00039225
DX.1.2.840.113619.2.369.4.2147483647.1574061798.161037.png,0.8777071,0.00510557,0.00323005,0.45122957,0.34577513,0.00012803,0.00392222,0.01980255,0.00012927,2.157e-05,0.00107441,0.0010517,2.751e-05,0.00061015,0.00072478,0.02589226,0.00021035,0.0067389,0.00074629
DX.1.2.00311381000340186220191026082234434809281.png,0.3761244,3.014e-05,0.07459758,0.01432039,0.7640392,0.00042638,0.38951755,0.00010912,0.00252381,0.00086963,8.32e-05,0.23745702,3.391e-05,0.00042201,3.952e-05,0.00170226,0.0003574,0.0064407,0.00105448
5B1E55B4D0C9AB.png,0.00016877,0.24847196,1.854e-05,7.316e-05,0.000412,0.00028488,0.00075897,1.401e-05,5.96e-06,0.00202062,0.043992,0.00506911,5.57e-06,2.619e-05,0.32361442,0.00011019,0.00509298,0.00024717,6.268e-05
DX.1.2.392.200046.100.2.1.69131194618.191108120043.1.1.1.png,0.00912263,0.00442887,0.01626599,0.01440168,0.99903023,0.00099564,0.04222188,0.90972424,0.00104122,0.0026538,0.00011375,0.01615174,3.039e-05,0.00019499,4.931e-05,0.00016147,0.00192284,0.29380792,0.00022462
DX.1.2.392.200046.100.2.1.69131194618.191020104257.1.1.1.png,0.58389956,0.00145708,0.04007775,0.00259656,0.9624011,0.00395559,0.0404033,0.0059254,0.00619671,0.01132086,0.0001005,0.03532704,3.44e-05,0.00019597,0.00013189,3.35e-05,0.01113951,0.00390706,0.00025428
CR.1.3.12.2.1107.5.3.57.20200.11.201910211515290500.png,0.9970912,0.02476608,0.4945331,0.99120086,0.27509114,0.48354813,0.00048192,0.06548579,0.06395234,0.04166842,6.274e-05,0.02833758,0.00018573,0.02107848,0.00017155,0.00013803,0.08524724,0.00234308,0.00080145
5E02A8A92BE027F.png,0.9997657,0.00367634,0.90653133,0.97947305,0.91213405,0.41967532,0.00223891,0.83668727,0.9984299,0.00122494,6.23e-06,0.00125313,0.00038297,0.00010224,0.0001571,0.00113188,0.00014603,0.00255524,0.00025071
DX.1.2.00285220000341022920191030084303177103203.png,0.07472778,0.00146336,0.00387847,0.01228375,0.86710286,0.00050525,0.91328955,0.0097633,0.00068884,0.00792658,7.307e-05,0.02529885,6.776e-05,9.664e-05,6.68e-05,0.00378909,0.00208364,0.00082357,0.00020153
DX.1.2.840.113619.2.369.4.2147483647.1573538339.50507.png,0.00104464,0.07898076,0.00020556,0.00015286,0.00071138,0.00085515,0.06679874,0.00014054,1.081e-05,0.00116295,0.00154187,0.03468129,2.46e-06,0.0003952,0.00603462,0.0028416,0.03718316,0.00021947,3.061e-05
5E13E2AD3798743.png,0.997238,0.00877839,0.00165402,0.94836456,0.09357887,0.00573583,0.00170698,0.00923381,0.01654468,0.00021002,9.449e-05,0.00568383,7.405e-05,6.346e-05,0.00169762,0.00077406,0.02029492,0.00020944,3.248e-05
CR.1.2.156.600734.516764694.906304.1571305345.134.0.1.png,0.5551036,0.00029059,0.9990835,0.04050593,0.9228353,0.11187152,0.00225446,0.00073459,0.08432447,0.00079582,0.00014091,0.75415426,8.243e-05,0.00141077,2.968e-05,0.00212123,0.00041283,0.00219634,0.00015111
DX.1.2.002585590003393966201910210802241599250.png,9.669e-05,0.00153003,0.01198496,0.00017546,0.48381728,0.00120031,0.9412408,0.00082733,5.064e-05,0.05253472,0.00085755,0.87831146,0.00085998,0.00150485,0.00328995,0.00042219,0.14315258,0.00117688,0.0002325
5E1299E2515854A.png,0.00093666,0.01065565,7.76e-06,2.464e-05,0.00490239,0.00028624,0.0085457,0.00039995,9.22e-06,0.00232944,0.08337694,0.00354344,4.38e-06,0.00016053,0.02535397,0.00010431,0.00604027,0.00021293,0.00021104
CR.1.3.46.670589.26.602199.4.20190910.83451.331830.0.png,0.00130113,0.07156621,0.00016597,7.626e-05,0.00027001,0.13018504,0.00661759,0.0029613,0.00050255,0.41803247,7.062e-05,0.00446277,2.761e-05,0.00017611,0.00035292,1.586e-05,0.4102659,7.75e-05,4.198e-05
DX.1.2.840.113619.2.369.4.2147483647.1572830512.742115.png,0.5848466,0.00565553,0.00514635,0.00673296,0.00095964,0.0007693,0.00384196,0.00071819,0.00015337,1.07e-05,0.00012043,0.00060969,7.05e-06,0.00069649,0.00580961,0.00460708,0.00012355,0.00193479,0.00020823
DX.1.2.392.200046.100.2.1.69131194618.191021115319.1.1.1.png,0.16679572,0.00057327,0.00528721,0.00030572,0.1062161,3.232e-05,0.2079799,7.085e-05,0.00302509,5.161e-05,0.00034662,0.01509859,7.02e-06,7.167e-05,2.454e-05,0.00036494,0.00082359,0.00651853,6.309e-05
DX.1.2.0030956300033961362019102210173996114625.png,0.01145614,0.01071929,0.01236933,0.17884216,0.02758596,0.08849166,0.27223217,0.00495152,0.00192515,0.03338082,3.388e-05,0.01847044,0.00063387,0.0007635,0.00028362,0.00504195,0.00904583,0.00011709,0.00031412
CR.1.2.156.600734.516764694.1648.1572010376.330.0.1.png,0.00010173,0.00384934,0.21301337,4.465e-05,0.3835629,8.891e-05,0.18720601,0.00108776,5.7e-06,0.00013311,0.00048606,0.28580436,2.165e-05,0.0010264,0.00238482,0.00093991,0.00051565,0.0019928,0.00020995
DX.1.2.00311031000339874720191023093024179678734.png,9.008e-05,0.00118564,0.00033373,6.88e-05,0.01083943,0.00040078,0.9885667,0.00534848,4.83e-06,0.01341591,0.00652249,0.00161075,0.00015638,6.138e-05,0.00200009,0.00091147,0.00066309,0.00074971,0.00218628
DX.1.2.00312683000340739420191030081327175327171.png,0.99806625,0.00021079,0.36244276,0.9910368,0.1965757,0.01506335,0.00548307,0.00757984,0.24498539,7.01e-06,5.131e-05,0.00156007,4.375e-05,0.00284429,0.00021162,0.4405544,1.358e-05,0.00184796,0.00090722
DX.1.3.46.670589.26.802544.25.20191028.140306.303845.0.png,7.36e-05,0.3992557,1.35e-05,0.00032541,3.477e-05,0.02837172,0.01130125,0.00036623,3.86e-06,0.00588005,0.00313469,0.00197587,6.477e-05,0.00010543,0.00277845,9.415e-05,0.02704772,0.00018397,0.00101784
5DD2E19C1090432.png,0.9130621,0.02019883,0.1597146,0.9685866,0.47606575,0.85498506,0.00035495,0.96144813,0.5746247,0.00646813,7.46e-06,0.00246781,0.00070893,0.000611,3.707e-05,0.00037294,0.00102888,0.00166339,0.00014641
DX.1.2.840.113564.920101.20191107081329359200.1003000225002.png,0.4390643,0.07028646,0.01150304,0.01946532,0.01314254,0.07517256,7.915e-05,0.00197652,0.00291331,0.00013561,0.00039641,0.00026748,2.807e-05,0.00040751,0.0038809,0.00061652,0.00016206,0.00095674,7.97e-05
CR.1.3.12.2.1107.5.3.57.30003.11.201911070825060796.png,0.04876391,0.00090905,0.01406043,0.00407564,0.03938935,0.00031105,0.51639545,0.02058406,0.00227423,0.00017287,0.00044316,0.00554079,2.785e-05,0.00062593,1.967e-05,0.00121759,0.00920574,0.01018498,4.094e-05
DX.1.2.392.200046.100.2.1.69131194618.191024193421.3.1.1.png,0.00044753,0.01403007,3.333e-05,0.00090873,0.0692144,0.0120374,0.5298752,0.00087082,4.687e-05,0.24967515,0.00096614,0.0134401,2.047e-05,0.00035231,0.00010749,0.00030981,0.15171137,0.00840364,0.00049793
5BD10F3B184C7C6.png,0.00044644,0.01730479,0.00015554,0.00010172,0.31637147,0.00212483,0.58836275,0.01962596,3.99e-06,0.01203724,0.01173716,0.01425829,5.869e-05,1.478e-05,0.00026467,0.00056793,0.02903839,0.00759584,9.6e-06
DX.1.2.0030966500033962172019102209474494319250.png,0.7655008,0.04558265,0.0260447,0.8509215,0.1366101,0.15042809,0.00022586,0.11261745,0.00350457,0.05877736,4.257e-05,0.00188289,2.023e-05,6.348e-05,8.8e-06,0.00180022,0.02319514,0.00089446,4.01e-05
DX.1.2.0030975600033962902019102209573594910390.png,0.00736991,0.00064026,0.00521836,0.001257,0.09515969,5.641e-05,0.5170006,0.00020992,2.493e-05,9.7e-05,0.00243024,0.00708114,6.59e-06,7.138e-05,0.00137439,0.0021028,4.969e-05,0.00025033,0.0002024
5E0301A56744FB4.png,0.520774,0.6701841,0.00032364,0.5011612,0.0021036,0.00263931,0.0001303,0.04155382,4.129e-05,0.00170748,7.988e-05,0.00173451,1.797e-05,0.00018801,0.00938963,0.00174012,0.0011463,4.718e-05,0.00090128
CR.1.3.12.2.1107.5.3.57.20200.11.201911150859300296.png,0.02039826,0.00017358,0.38150564,0.00025135,0.2397434,0.00228287,0.08314202,0.00509051,0.00202042,0.00045992,9.132e-05,0.53276616,0.00059956,0.0857608,2.339e-05,1.692e-05,0.31940868,0.00159568,0.00071246
DX.1.2.840.113619.2.369.4.2147483647.1574035420.163006.png,0.00137933,0.01471646,0.00048295,2.414e-05,0.01813771,0.00011746,0.1805257,0.00181367,6.73e-06,0.00023737,0.00633977,0.00403298,7.55e-06,2.386e-05,0.00112326,0.00032305,0.00033353,0.0021494,0.00014277
5E094B985F1CF5E.png,0.01085245,0.02156814,0.00016776,0.00586279,0.09416217,0.00061338,0.04787852,0.21763673,0.00013465,0.00014278,0.07582914,0.00299946,2.123e-05,0.00014754,0.00094611,0.00013226,0.00046222,0.00077473,0.0008674
5DBBEFC216B497C.png,0.01645247,0.00233206,0.91106886,0.00905166,0.998715,0.14121188,0.00364971,0.12458815,0.00973499,0.00077505,2.2e-05,0.02318831,0.00018604,0.00065588,8.06e-06,8.349e-05,0.00143952,0.30906457,0.00055291
5E00164028C86AA.png,0.0171627,0.8120756,0.00013021,0.00400073,9.241e-05,0.00420265,0.00013017,0.00043769,0.00016907,3.046e-05,0.00629422,0.00194175,1.237e-05,0.00303671,0.3353021,0.00011987,0.00888133,0.00012438,0.00021079
5D4A42682A8C101.png,0.2560013,0.41145277,0.7389229,0.79041046,0.00985209,0.65094244,0.00018973,0.51847285,0.0797024,0.00113754,0.00059248,0.00017269,0.00387727,0.09604229,3.138e-05,0.0004788,9.126e-05,0.00063606,0.11589081
5BA1964B8FCEEF.png,0.00086481,0.02395732,0.00912286,0.00015626,0.9375928,0.00026223,0.95359737,0.77053034,5.52e-05,0.00019654,0.00116809,0.00395891,6.735e-05,0.00013034,6.608e-05,0.00021956,0.00037297,0.00269475,0.00133365
DX.1.2.00317165000343205120191113074830161440125.png,0.05534959,0.00160795,0.01134754,0.01875533,0.14133511,2.988e-05,0.15262334,0.0033384,7.49e-05,6.094e-05,0.00015681,0.00243807,1.886e-05,0.00012359,0.0027715,0.00094261,1.474e-05,0.00266927,0.0016106
DX.1.2.840.113564.920101.20191107093809984310.1003000225002.png,0.2819165,0.00796526,0.0026551,0.02256674,0.18352813,0.00268146,0.01127664,0.00105886,0.00932697,0.00451984,0.01206801,0.00310045,6.662e-05,0.00108203,0.00013687,0.00177726,0.00517917,0.00558035,0.00032128
CR.1.2.156.600734.516764694.906304.1571448748.221.0.1.png,0.7496713,0.00653733,0.00540143,0.01252221,0.06823548,0.00026519,0.06173556,0.00645342,0.00096149,8.463e-05,0.02053636,0.00333547,0.0003577,0.00097789,0.00414431,0.22426794,0.00026509,0.00030114,0.02925447
DX.1.2.840.113619.2.369.4.2147483647.1574059662.197916.png,0.02743324,0.9466302,0.00091997,0.13603953,0.00175032,0.22389673,8.866e-05,0.01751679,8.427e-05,0.08411649,8.64e-06,0.00247953,2.682e-05,3.896e-05,0.0079307,6.941e-05,0.0861976,0.00126821,2.914e-05
DX.1.3.46.670589.26.802544.25.20191107.134216.307226.0.png,0.00036208,0.00173265,0.00245497,0.00022364,0.00376911,0.00101965,0.05878268,0.00650915,8.044e-05,0.00061229,0.00385867,0.01564109,5.504e-05,0.0027874,1.21e-05,2.235e-05,0.01896729,0.00011672,0.00047131
DX.1.2.0030953500033961192019102207575587730125.png,3.661e-05,0.00619439,9.336e-05,0.00013324,0.00245055,0.00126099,0.60962766,0.00074253,6.86e-06,0.01120858,0.04962456,0.00507696,3.165e-05,0.00012693,0.02848542,0.00059369,0.00836956,0.00023679,0.00099701
5CFB6C4296CCDB.png,0.8292029,0.00297909,0.00352201,0.00220742,0.00122947,0.00150842,0.00597255,0.00090446,0.11143707,7.635e-05,0.00044031,0.00077669,2.711e-05,0.00027663,9.89e-06,0.00028698,0.0002228,0.00081248,0.00027872
DX.1.2.840.113564.920101.20191106150005484580.1003000225002.png,0.44366577,0.00298649,0.00072736,0.00040293,0.15025596,0.00439379,0.00179095,0.00120093,0.00192634,0.00180438,8.241e-05,0.05414258,8.62e-06,0.00030998,0.00045548,0.00025811,0.021255,0.0002786,7.5e-06
DX.1.2.840.113564.920101.20191112141901140130.1003000225002.png,0.31522462,0.01493488,0.00435984,0.01620916,0.05582984,0.00286136,0.02109481,0.00200792,0.02075478,0.00467368,0.02728739,0.02880912,0.00037952,0.00238193,0.00106448,0.00949178,0.03292298,0.00362401,0.00514729
DX.1.2.0030809000034299022019111208211677005718.png,0.00067603,0.00206469,0.00063042,0.00090562,0.0248553,7.218e-05,0.91697174,0.00022569,1.095e-05,0.00158116,0.20805426,0.00291861,1.99e-05,0.00031976,0.00525578,0.00521973,0.0017928,0.0012712,0.00072702
CR.1.2.156.600734.516764694.1648.1574036726.2031.0.1.png,0.00121742,0.00158737,0.7495912,0.0002246,0.8057824,0.0005881,0.09791151,0.00054305,0.00054211,6.13e-05,0.00019269,0.9097722,6.161e-05,0.00023001,4.633e-05,0.00039401,0.0016597,0.00051408,0.00013375
DX.1.2.840.113619.2.369.4.2147483647.1573018715.831905.png,0.00872014,0.00395605,0.00026442,3.94e-05,0.00330723,2.473e-05,0.04386981,5.327e-05,1.217e-05,8.933e-05,0.00405364,0.01690046,7.05e-06,0.00032025,0.00228309,0.00034029,0.01412672,0.00041178,5.2e-05
DX.1.2.00307227000339012720191018080546166960578.png,0.42419985,0.0225098,0.00890868,0.02151875,0.00172148,0.0001062,0.12204926,0.00291361,0.00021327,7.499e-05,6.971e-05,0.00065352,5.361e-05,0.00042508,0.09571443,0.00070818,0.00011542,0.00016934,0.00285645
DX.1.2.840.113619.2.369.4.2147483647.1573717159.970580.png,0.05005146,0.00417455,1.874e-05,0.00010682,0.00049858,0.00542419,0.00258994,2.97e-06,0.00016255,0.02605286,0.00062489,0.09454763,4.12e-06,0.00027614,0.00099303,0.00064278,0.65271336,0.0001316,1.167e-05
DX.1.2.840.113619.2.369.4.2147483647.1572844729.960116.png,0.00116037,0.04952092,0.00131095,0.00523704,0.08765636,0.43944353,0.00839653,0.04924072,0.00051632,0.01876381,1.668e-05,0.00084117,0.00013444,3.151e-05,6.396e-05,0.00034989,0.06632888,0.00016091,4.433e-05
5D3B9D1F2B34E94.png,0.57013893,0.23521166,0.59732205,0.17210014,0.09811465,0.07564527,2.996e-05,0.45660657,0.02379333,0.00047695,0.00010974,0.000544,0.00149645,0.03322534,0.00019667,0.00016262,0.00677291,0.00168474,0.00760098
CR.1.2.156.600734.516764694.1648.1573729852.1827.0.1.png,0.00020883,0.07064786,0.7930986,0.00035174,0.03463958,0.01434012,0.00218257,0.00030852,1.952e-05,0.11255404,3.24e-05,0.9880412,0.00042147,0.01861335,0.00794645,0.0001169,0.03947952,0.00037638,0.00073659
DX.1.2.840.113619.2.369.4.2147483647.1572826102.696551.png,0.01771755,0.23745503,0.00133079,0.03453716,0.10889897,0.0008647,0.01209894,0.05313308,7.054e-05,0.00035791,1.626e-05,0.00250143,1.682e-05,0.00065485,0.03112142,0.00029458,0.00072599,0.00015504,9.321e-05
DX.1.2.840.113619.2.369.4.2147483647.1573092590.679364.png,0.12728988,0.0126637,0.00039921,0.00045457,0.06604313,0.00015893,0.27810997,0.00694635,0.00118061,0.00044287,0.01004312,0.00233368,8.686e-05,0.00022524,0.0002301,0.00058229,0.00154556,0.00033592,0.00039896
DX.1.3.46.670589.26.802544.25.20191104.93654.306003.0.png,0.0024415,0.01866628,0.00278165,0.00075563,0.00638515,0.00191977,0.0216497,0.07084774,3.393e-05,0.00237204,0.00206528,0.00496034,0.00015896,0.00023743,3.255e-05,0.00013159,0.00556038,0.00063391,0.00069961
DX.1.3.46.670589.26.802544.25.20191111.144610.308132.0.png,0.9982828,0.00049654,0.95991415,0.69450414,0.05564352,0.9297928,0.01116039,0.04418272,0.9963558,0.00019712,0.00012736,0.00607611,0.00900071,0.24608302,3.546e-05,0.0002078,0.00176534,0.00130893,0.00741215
DX.1.2.392.200046.100.2.1.69131194618.191109172010.1.1.1.png,0.01052344,0.00055581,0.00221769,0.00025854,0.9868312,0.00018067,0.76821154,0.05986156,7.356e-05,0.00134173,0.00025052,0.00116825,7.047e-05,0.00038458,0.00017788,0.00025566,0.00048793,0.0350823,0.00345586
5DFB1F8E2FE8C49.png,0.6653762,0.03846255,0.01889562,0.1740705,0.00012431,0.00335884,7.785e-05,0.00255619,0.01182345,2.767e-05,0.0003673,0.0002351,1.866e-05,0.05032608,0.00020859,0.02163388,0.00220823,0.00022596,0.00460019
CR.1.3.46.670589.26.602199.4.20191118.94721.334507.0.png,0.00344715,0.01321798,4.311e-05,0.01140674,0.00817519,0.5692316,0.01227869,0.05416299,0.00044006,0.6862536,0.00102651,0.00020303,6.3e-06,4.146e-05,8.064e-05,9.632e-05,0.2969105,0.00018422,7.087e-05
DX.1.2.00318626000343938820191118090714598163734.png,0.00163691,0.00102591,0.00048733,0.00319711,0.2804318,0.00044672,0.9769334,0.00099056,1.166e-05,0.01124759,0.00036693,0.03767662,8.11e-05,0.00010205,0.00037505,0.00206181,0.00244243,0.00069561,0.00041754
5D7AEE55666C94D.png,0.00173062,0.9839161,5.323e-05,0.35608396,0.0006198,0.95562154,0.01177004,0.6100775,0.00055504,0.09242366,0.00028025,0.00113785,9.981e-05,0.00024338,7.616e-05,0.00017202,0.0876032,0.00156847,0.00082518
DX.1.2.840.113619.2.369.4.2147483647.1568169709.81813.png,0.01435118,0.11352491,6.304e-05,0.00326936,0.00038898,0.0120561,0.00478189,0.00020853,3.68e-05,0.00352854,0.00131623,0.00246464,7.38e-06,3.241e-05,0.00414855,0.00214339,0.01383922,0.000124,5.355e-05
5DCCB2594340D05.png,0.01553726,0.9913356,0.00075175,0.8765391,0.03785033,0.49287367,0.00390143,0.9744622,0.00284724,0.05251982,8.916e-05,0.00058718,6.069e-05,1.767e-05,0.00028152,0.00039202,0.00142546,0.00021979,3.782e-05
5C3D9BAB17E4BEB.png,0.06008994,0.00139533,0.77384573,0.02580942,0.9686833,0.05596722,0.00210495,0.19350138,0.00011126,0.00086232,0.00013506,0.0083098,3.306e-05,6.788e-05,4.719e-05,6.902e-05,0.00247126,0.5493625,1.863e-05
5CB12B9D24ECD3C.png,0.00010862,0.00754437,0.00521376,2.095e-05,0.24214283,0.00019386,0.24026124,0.00331209,1.68e-05,0.00012582,0.02894022,0.03436538,3.01e-06,5.76e-05,0.00046073,0.00010154,0.00037422,0.0020503,0.00028008
5E44AF0232308CD.png,0.9833104,0.00578744,0.9961708,0.95178384,0.10692707,0.1934459,0.00024001,0.00388689,0.27369812,5.571e-05,4.419e-05,0.00013087,0.0013757,0.00057042,0.0001847,0.00085068,2.448e-05,0.01484614,0.00231228
CR.1.3.12.2.1107.5.3.57.20200.11.201910281038380281.png,0.02452272,0.54900706,0.924015,0.63342357,0.06153762,0.9954628,0.00064672,0.79892313,0.61376435,0.45607364,3.391e-05,0.00177908,0.00384157,0.00337926,0.00103734,2.923e-05,0.01200212,0.00256304,0.00321002
5DCA0C6A228831E.png,0.00852271,0.00529076,0.9551565,0.01304286,0.88510823,0.10226125,0.01222809,0.55611223,0.01834964,0.00053597,0.00069274,0.00768439,0.00049105,0.00247853,1.607e-05,7.959e-05,0.00207256,0.17248558,0.00031519
DX.1.2.392.200046.100.2.1.69131194618.191107082744.1.1.1.png,0.6610384,0.00050024,0.00305495,0.00406096,0.9912664,6.05e-05,0.00805881,0.12496702,0.00108292,0.00057383,0.00014221,0.00822534,2.497e-05,0.0002528,5.38e-05,0.00027894,0.00065015,0.02508958,0.00015771
DX.1.3.46.670589.26.802544.25.20191107.105952.307150.0.png,0.0168479,0.04040658,0.0138981,0.00333014,0.02967854,0.5502025,0.04136051,0.25856733,0.00067703,0.08716589,0.01352957,0.00504102,0.00019941,0.00121371,2.742e-05,7.233e-05,0.00268935,0.00026608,0.00074117
DX.1.3.46.670589.26.802544.25.20191118.140906.310336.0.png,0.76859254,0.00267178,0.00050477,0.08306986,0.00174902,0.001777,0.01841896,0.01893652,0.00244256,2.339e-05,0.0021684,0.00016353,1.726e-05,0.00181522,0.00422431,0.00792972,0.00021547,0.00033051,0.00024381
DX.1.2.392.200036.9125.4.0.487526528.3120457110.2795306561.png,0.06141696,0.00383756,0.00419857,0.00534788,0.05692571,0.00177456,0.1193509,0.00055833,8.919e-05,0.00039816,4.986e-05,0.02091351,2.361e-05,0.00184928,0.00028281,0.00056927,0.0209484,0.00308704,0.00045408
DX.1.2.0031176900034139172019110108090488227656.png,0.04149089,0.00073065,0.01501858,0.05457805,0.03543733,0.0025168,0.8755562,0.00016802,0.00015165,0.00824366,5.706e-05,0.03155554,0.00021495,0.00016823,0.00043925,0.00193789,0.0010394,0.00017355,0.00078402
DX.1.2.840.113619.2.369.4.2147483647.1574054178.291298.png,0.04400594,0.44182548,0.00182303,0.242389,0.0810665,0.00660178,0.00025468,0.00428045,0.00356293,0.00434595,0.00018387,0.0005436,0.00017651,0.00015966,0.32616422,0.00343922,0.00048474,0.00051519,0.00058326
DX.1.2.392.200046.100.2.1.69131194618.191118154021.1.1.1.png,0.40255007,0.00270723,0.07679402,0.0009678,0.26696646,5.911e-05,0.00218045,0.00116516,0.00070705,3.156e-05,0.00012235,0.00545816,4.65e-06,0.00075674,0.00156873,0.00197816,0.00023398,0.02953609,0.00028523
5E0945BD5094929.png,0.9779829,0.01670187,0.00420165,0.26850846,0.22349481,0.00565517,0.00143309,0.08088584,0.05419501,7.43e-06,5.686e-05,0.00064475,2.26e-06,0.00028417,0.00204207,0.00117286,0.00031365,0.00081635,7.269e-05
DX.1.2.00292816000343953920191118092524599254000.png,0.55034405,0.00166915,0.6838306,0.01384002,0.3787176,0.00361737,0.83129454,0.00041874,0.00041505,0.01070504,1.633e-05,0.06118504,0.00291238,0.00066022,0.0002562,0.00017995,0.00091678,0.00068522,0.00503782
5DF5E90A4040AE5.png,0.9991616,0.00463123,0.5527171,0.57207423,0.05225041,0.05336173,0.00297433,0.68418866,0.5666978,8.69e-06,4.631e-05,0.00682894,0.00010987,0.00183042,0.00010946,0.00058662,0.00181408,0.00031625,0.00085644
DX.1.3.46.670589.26.802544.25.20191106.82618.306690.0.png,0.60649186,0.00069486,0.00043429,0.04171628,0.00776847,1.026e-05,0.02697543,0.00064186,0.00017034,0.00024968,0.007667,0.00059513,0.00038164,0.00303759,0.00260952,0.01345452,0.00051112,0.00169123,0.00365306
DX.1.2.392.200036.9125.4.0.487538833.53568918.2795306561.png,0.47201988,0.00046098,0.99579793,0.00666077,0.07287022,0.00276868,0.04360426,1.977e-05,0.01035718,0.0002134,0.00027782,0.02011418,0.0009424,0.46182805,0.00081108,0.00431191,0.00077195,0.07657361,0.41267872
DX.1.2.840.113619.2.369.4.2147483647.1572935475.665330.png,0.02001338,0.05353566,1.639e-05,0.00337335,0.01077223,0.00230947,0.01081604,0.00049831,0.001046,0.02897616,0.02825297,0.01365256,3.582e-05,8.393e-05,0.00174673,0.00227806,0.04907096,0.00196409,0.00071258
DX.1.2.840.113564.920101.20191112150429812310.1003000225002.png,0.49911037,0.8034518,0.00064469,0.2307116,0.00043386,0.08038841,0.00010146,0.02132891,0.0030644,0.00018607,6.72e-05,0.0022291,3.408e-05,0.00038825,0.00254226,0.00017493,0.00099654,6.327e-05,3.804e-05
5D3AB70D441C9FA.png,0.98615754,0.00049057,0.9988501,0.10254081,0.8414803,0.08734879,0.0004999,0.00015679,0.22087587,7.342e-05,0.00015472,0.6264448,4.671e-05,0.08177129,0.00018534,0.00254929,0.00677862,0.7262808,0.0013926
CR.1.2.156.600734.516764694.1648.1572311752.573.0.1.png,0.0113127,0.00021048,0.84022665,0.00123077,0.823863,9.372e-05,0.35141608,0.00421645,0.0001264,6.24e-05,0.00016902,0.18799315,7.286e-05,0.00209804,0.00058923,0.00116839,0.00024074,0.01151456,0.00224689
5CA860956AC773.png,0.9969378,3.043e-05,0.5185284,0.40464804,0.3659348,0.00353397,0.01550919,0.001349,0.02948099,0.00044903,0.0006418,0.00494359,0.00101976,0.01009106,1.132e-05,0.41479433,0.00079545,0.00225916,0.00617542
DX.1.2.840.113619.2.369.4.2147483647.1573454334.333056.png,0.63847476,0.1852261,0.0300091,0.56317365,0.02956987,0.80421406,0.00033688,0.4858548,0.19336031,0.00013263,3.83e-06,0.00023561,2.937e-05,6.689e-05,0.00042115,0.00116235,0.00016099,0.00017912,0.0001406
DX.1.2.00317063000342680520191109093504439249281.png,0.01100657,0.00266792,0.05475718,0.09717654,0.11949383,0.0001868,0.881187,0.09734042,0.00025344,0.00034976,0.00278651,0.01130184,0.00043862,0.00347358,8.779e-05,0.00027031,0.00340781,0.01690063,0.00043195
DX.1.2.392.200046.100.2.1.69131194618.191021111340.1.1.1.png,0.15378419,0.00046792,0.00019234,0.00230582,0.40044683,0.0067945,0.05512756,0.00029673,0.00181105,0.06137419,0.00120521,0.00348467,1.468e-05,6.088e-05,0.00012683,0.00043964,0.23165944,0.00284365,9e-05
DX.1.2.840.113619.2.369.4.2147483647.1572826324.148253.png,0.7267304,0.3970749,0.00820915,0.08301322,0.00034963,0.5024748,0.0008469,0.00991493,0.02300966,0.00100553,1.332e-05,0.00762338,3.13e-05,0.00062855,0.00330157,0.00087009,0.00502946,7.896e-05,3.784e-05
5E13DF2E57D4C50.png,0.9875865,0.0005048,0.5168637,0.12627456,0.6004187,0.02227753,0.01199622,0.27145648,0.82194406,1.923e-05,8.227e-05,0.0023134,5.975e-05,0.00109294,5.97e-06,0.00064487,0.00279779,0.0093497,5.964e-05
CR.1.3.12.2.1107.5.3.57.20200.11.201911181706250328.png,0.01547693,0.01619797,0.09806199,0.00110217,0.04606808,0.00206284,0.01161908,0.00283261,0.00024542,0.00108533,4.919e-05,0.0060212,0.00011899,0.00806203,0.00089628,2.218e-05,0.00011152,0.0259369,0.0087498
DX.1.2.840.113619.2.369.4.2147483647.1573434359.673146.png,0.838132,0.02652671,0.0008072,0.6243736,0.00159654,0.00057752,0.00034664,0.0013567,0.00029516,9.111e-05,2.612e-05,0.00062512,4.31e-06,0.00020314,0.0019011,0.05284456,0.00021029,0.00131379,0.00047445
DX.1.2.00308620000343248620191113102626170916312.png,0.00396187,0.41900724,4.346e-05,0.3201448,0.00421312,0.02149522,0.02825407,0.00404415,0.0001345,0.16147259,3.286e-05,0.00111662,6.297e-05,0.00038655,0.00209038,0.00933717,0.03214964,0.00327311,0.00198304
DX.1.2.00309939000340456220191026085204436578796.png,0.0497362,0.01852941,0.03657299,0.5248275,0.90183264,0.00317628,0.03003747,0.0107342,0.00063861,0.02376621,1.159e-05,0.0026825,0.0003582,3.244e-05,0.000337,0.00282499,0.00048528,0.00853968,0.00097641
5E17C6925FD8398.png,0.00010504,0.00705394,2.767e-05,0.00013165,0.00421775,0.00053114,0.04765814,0.00205663,4.49e-06,0.00268047,0.6792523,0.00221255,2.356e-05,6.365e-05,0.00175836,0.00272997,0.00431288,0.00168065,0.00047991
5E0D439B2500B3C.png,0.00141461,0.95096445,5.703e-05,0.0041714,0.0003302,0.0826394,0.00345567,0.03346472,0.00010758,0.03013462,0.00101379,0.00055572,0.00015193,4.991e-05,0.44227272,0.0006531,0.00782272,0.00067379,0.00752381
DX.1.2.00308220000343909320191118082923595893125.png,0.1826593,0.00141771,0.23418353,0.1202419,0.5139475,0.17447242,0.67693824,0.03428642,0.00128668,0.06233658,4.079e-05,0.28002712,0.00013784,0.00020064,3.432e-05,0.0004349,0.01125545,0.00050817,0.00021471
DX.1.2.0030955700033961302019102208030188035734.png,5.138e-05,0.00092189,0.00096573,0.00018828,0.0033401,0.00067145,0.9913133,0.0012325,2.615e-05,0.01503351,0.00192704,0.00486462,3.121e-05,0.00278857,0.00463746,0.0002878,0.01542812,0.00155002,0.00710186
DX.1.2.0030636700033888212019101708542783481406.png,0.00216003,0.01292308,0.00029651,0.00388893,0.00044713,0.00020141,0.8540633,0.00023407,1.654e-05,0.00343775,0.0026057,0.0017185,8.729e-05,0.00109771,0.00210082,0.00297013,0.00416962,0.0002549,0.00251034
DX.1.2.0030817100034141202019110109223692638890.png,8.777e-05,0.00174386,0.00078114,0.00016966,0.28992572,0.0011578,0.984822,0.00801345,5.63e-06,0.0595436,0.00029038,0.09902807,8.928e-05,0.00011117,7.949e-05,0.00027716,0.01823489,0.00123074,6.495e-05
DX.1.2.392.200036.9125.4.0.487556725.1674208662.2795306561.png,0.02282686,0.00074382,0.9719554,0.00046869,0.772132,0.00021916,0.01903682,3.233e-05,0.0003742,3.435e-05,0.00027238,0.04555906,6.905e-05,0.00384154,0.00020794,0.00076096,0.000227,0.28154248,0.01522922
DX.1.3.46.670589.26.802544.25.20191104.84834.305973.0.png,0.00100256,0.00069318,4.159e-05,3.105e-05,0.00791498,0.00027259,0.10470087,0.00014425,1.675e-05,0.00149778,0.05067832,0.00791683,1.692e-05,0.0003505,0.00032123,0.00105288,0.00509422,0.00029495,9.484e-05
CR.1.2.156.600734.516764694.906304.1571300855.123.0.1.png,0.29338405,0.02071734,0.12041102,0.02607249,0.00555148,0.00169021,9.016e-05,0.00057557,0.01014394,5.79e-06,2.416e-05,0.03872907,1.217e-05,0.00165247,0.02746856,0.00073135,5.153e-05,6.802e-05,0.00147922
DX.1.2.840.113619.2.369.4.2147483647.1573018996.766107.png,0.01400977,0.01338588,0.02929933,0.00404661,0.06116262,0.00018227,0.46235323,0.00364252,0.000417,0.00026028,2.927e-05,0.00346002,2.204e-05,0.00023534,0.00169957,0.00201599,5.499e-05,0.01346741,0.00036672
DX.1.2.0030966100033962142019102209451994173781.png,6.846e-05,0.00264923,0.00163339,0.00060294,0.2038484,0.00256303,0.97335887,0.00258798,9.81e-06,0.09189045,0.00042107,0.02782748,2.771e-05,0.00014164,0.00062018,0.00128653,0.00174467,0.0006066,0.00038554
CR.1.3.12.2.1107.5.3.57.20200.11.201911170934380234.png,0.05370009,0.00272892,0.9933256,0.10616352,0.89484745,0.7609414,0.01185385,0.23020221,0.3265547,0.00297005,1.723e-05,0.04543517,0.0005083,0.00135028,9.718e-05,1.428e-05,0.00025926,0.01600497,0.00118689
DX.1.3.46.670589.26.802544.25.20190911.95020.290805.0.png,0.26377854,0.00105561,0.01032403,0.01247412,0.27255237,5.442e-05,0.09379227,0.01079361,0.00061643,2.359e-05,0.00076267,0.01337488,3.17e-06,0.00013934,0.0001148,0.00043835,0.00035315,0.00095924,8.349e-05
DX.1.2.00312880000341064420191030092150179429750.png,0.15287684,0.00569825,0.001002,0.01946289,0.00124345,8.63e-06,0.40372667,9.299e-05,0.00023742,0.00012134,8.12e-05,0.00068133,9.55e-06,0.00405535,0.05280331,0.01742358,0.00024956,0.00014695,0.00103334
CR.1.2.156.600734.516764694.1648.1573974255.2002.0.1.png,0.06350374,0.00028125,0.99948007,0.00920491,0.99901766,0.00339172,0.00237952,0.00154069,0.00146217,0.00100091,0.00011641,0.9935835,0.00024889,0.00263754,1.684e-05,0.00041062,0.03768702,0.0431523,0.00025034
DX.1.2.00310892000339863120191023093712180087296.png,0.00058684,0.00074323,0.00064348,0.00030015,0.01629532,0.00018411,0.9207795,0.00139692,8.26e-06,0.02061041,0.02124342,0.00360515,8.133e-05,6.511e-05,0.00082069,0.00277535,0.00075036,0.00079783,0.01137402
DX.1.2.392.200046.100.2.1.69131194618.191104170640.2.1.1.png,0.07435777,0.00124893,0.00208386,0.00700835,0.5815145,0.00036179,0.54716504,0.00809736,0.01696412,0.00090689,6.887e-05,0.00521529,5.265e-05,3.5e-05,4.288e-05,0.00145413,0.00038299,0.01248574,3.608e-05
5CE7906E23B8AA1.png,0.00158378,0.49007773,0.00237123,0.00029034,0.006315,0.00172566,0.05099344,0.03846469,9.78e-06,0.00028337,0.00109351,0.0011723,8.68e-06,0.00013852,0.00122897,0.0008462,0.00033384,0.01429297,0.0001379
CR.1.3.12.2.1107.5.3.57.20200.11.201911161711430531.png,0.00074142,0.2970481,0.00561387,0.00020874,0.00076325,0.02794433,0.00282662,0.00235889,7.576e-05,0.01625338,5.106e-05,0.00244944,4.235e-05,0.0003551,0.02577954,0.00045177,0.00176192,0.00502863,0.00140884
DX.1.2.392.200036.9125.4.0.487547496.3883034006.2795306561.png,0.05238883,0.00127318,0.00679115,3.049e-05,0.6951818,9.47e-05,0.42452857,0.00866023,0.00010811,0.00024729,5.944e-05,0.06445151,1.505e-05,0.00017165,0.00023362,0.00015675,0.00064401,0.00389538,0.00054826
5DD64AF2643CC89.png,0.672488,0.7350532,0.08280013,0.998784,0.08787363,0.9818875,0.00033067,0.9991979,0.14958572,0.00144983,1.422e-05,1.832e-05,0.00045247,0.00010663,0.00057796,0.00362415,0.0001098,0.00810207,0.00014427
DX.1.3.46.670589.26.802544.25.20191104.122507.306120.0.png,0.23961721,0.00168321,0.02314172,0.00029188,0.0029583,0.00316576,0.00537015,0.00185773,0.00293817,0.0035733,3.316e-05,0.71825427,0.00017854,0.07794638,0.00036849,1.398e-05,0.5391498,0.0002554,0.00125059
CR.1.3.12.2.1107.5.3.57.20200.11.201911051000190625.png,0.07166184,0.00394988,0.2550112,0.12729126,0.01578038,0.5656455,0.00699788,0.00051991,0.00111333,0.9260628,5.405e-05,0.0284204,0.00019498,0.00028212,0.0004901,1.791e-05,0.6570723,0.01206512,0.00065229
CR.1.2.840.113564.199912075.2019111110202582174.1203801020003.png,0.12613119,0.00334969,0.02456858,0.00077964,0.15627508,0.00073913,0.10878897,0.00381069,0.00040377,5.138e-05,0.0005068,0.00035562,1.432e-05,0.00042546,0.00122701,0.00042874,6.63e-05,0.0076112,0.00041069
DX.1.2.392.200046.100.2.1.69131194618.191112153634.1.1.1.png,0.75101584,0.00036783,0.00688128,0.22228155,0.9988619,0.0005796,0.08413061,0.06382872,0.00144851,0.0091952,0.00012178,0.03054217,2.369e-05,3.287e-05,2.112e-05,0.0007249,0.07548988,0.0321656,6.388e-05
DX.1.2.0031319800034139942019110108382189983687.png,0.17870176,0.00145072,0.00131926,0.11494471,0.0086648,0.00055668,0.92075634,0.00222292,9.069e-05,0.00139024,0.0004026,0.00414478,2.113e-05,0.00079601,0.00381405,0.00753625,0.00078074,8.886e-05,0.00096953
DX.1.2.840.113564.920101.20191113094721640510.1003000225002.png,0.02130481,0.00475838,0.0002098,0.0009655,0.10069045,0.01077306,0.00990215,0.0003801,1.52e-05,0.16270985,0.00036459,0.02482358,1.673e-05,0.00081156,0.0010339,0.00011483,0.11562554,0.00059092,3.953e-05
DX.1.2.840.113619.2.369.4.2147483647.1568166772.904661.png,0.12595527,0.01392046,0.00514387,0.00359763,0.7107915,0.01931887,0.1589396,0.7826746,0.00130708,0.00083698,7.496e-05,0.02829943,6.028e-05,0.00016318,1.189e-05,0.00023386,0.00135092,0.00034559,1.337e-05
5CAAAA055304A3.png,0.99931705,0.10225245,0.11332972,0.24299113,0.00251606,0.22125964,0.00445532,0.69147056,0.15285744,0.00014871,0.00026826,0.29302266,0.00560506,0.77982545,0.00026593,0.00287713,0.05179514,0.00104569,0.0112733
5E0BFA5520C8026.png,0.09683304,0.01605434,0.0004446,0.00267916,0.00993829,0.00044288,0.00488814,0.00119382,0.00077698,0.00017475,0.00027062,0.00197461,3.514e-05,0.00110281,0.00090823,0.0005094,0.0004002,0.00263093,0.00077593
5BA19C7E1988723.png,0.9334312,0.0164922,0.00374729,0.78060734,0.57061356,0.07686368,0.00255599,0.91267514,0.01093243,0.00015324,0.00039449,0.00022239,9.936e-05,0.00029159,5.007e-05,0.00027034,0.00016173,0.00081907,0.00015001
5C00868111DC1D6.png,0.9941081,0.00084833,0.9446828,0.11686156,0.22352318,0.02169816,0.00059367,0.02857929,0.0565687,1.478e-05,1.63e-05,0.06510802,2.353e-05,0.00367133,2.58e-06,0.00088767,0.01735984,0.19147763,0.00030098
5D565192DCC9A7.png,0.05518436,0.00794174,0.71872467,0.03328849,0.9832802,0.02191088,0.04107978,0.6386801,0.00298621,0.0012532,1.171e-05,0.00037399,0.00303447,0.00015198,0.00021103,0.0017084,0.00135296,0.14701718,0.00035565
DX.1.2.392.200046.100.2.1.69131194618.191019084824.1.1.1.png,0.00015443,0.0057046,8.684e-05,0.00028323,0.29600486,0.00035874,0.8821843,0.00156326,2.187e-05,0.04793908,0.01087853,0.01596817,7.41e-06,3.798e-05,0.00125826,0.00124283,0.01180721,0.00318411,0.00014203
5E0BEEA1C149B1.png,0.0033364,0.05753066,0.8431775,0.01767747,0.95791495,0.04342348,0.10111476,0.11999369,0.00074186,0.01092262,6.497e-05,0.03872942,0.00034359,0.00051887,9.098e-05,0.00034001,0.0414779,0.4086858,0.00014232
CR.1.3.46.670589.26.602199.4.20191104.100245.334162.0.png,0.00033701,0.07983508,7.62e-05,7.497e-05,0.00121875,0.0550797,0.07580414,0.07682714,0.00014126,0.3883711,0.00213019,0.00197656,3.492e-05,1.838e-05,0.00158276,0.00012195,0.12280944,0.00048012,0.00015632
5DF5DCE62260C6E.png,5.071e-05,0.00066667,0.01633819,0.00014649,0.81240577,0.00031313,0.60862124,0.00179446,9.29e-06,0.0180277,0.00192419,0.18816598,2.034e-05,0.00040451,0.00016765,0.00032451,0.00594876,0.00949406,0.00039784
5E128CDE143400B.png,0.44565657,0.00173024,0.00069759,0.00391546,0.03100814,0.0011451,0.14187095,0.1548703,0.03472167,0.00145176,0.00100043,0.00068022,3.141e-05,0.00025055,0.00015287,0.00012486,0.00920878,0.00072932,0.00018928
DX.1.2.840.113619.2.369.4.2147483647.1572247440.655906.png,0.0064589,0.00449563,0.00214611,0.00054019,0.08977416,1.064e-05,0.26094878,0.00412456,1.743e-05,3.923e-05,0.00258618,0.01079928,3.59e-06,6.175e-05,0.00091607,0.00036394,0.00149576,0.0007277,6.275e-05
CR.1.3.46.670589.26.602199.4.20191107.85211.334287.0.png,0.00805693,0.7775563,0.00827647,0.00230483,0.00089197,0.701144,0.00419724,0.59255385,0.04786682,0.02760906,7.964e-05,0.00011665,0.00093736,0.00027417,3.046e-05,1.249e-05,0.00316468,0.0028845,0.00073706
DX.1.2.392.200046.100.2.1.69131194618.191021144419.1.1.1.png,0.78420985,0.00164281,0.00268596,0.01073522,0.40472296,0.00039139,0.02052933,0.00043069,0.01873293,0.00026315,0.00106944,0.06500216,6.58e-06,0.00095689,1.225e-05,0.00129446,0.01444345,0.00386129,3.959e-05
DX.1.2.00306281000339071320191018093302172195671.png,0.17500237,0.01508015,0.00062123,0.0328241,0.01129784,0.02750286,0.09346505,0.02688545,0.00170635,0.00772511,1.431e-05,0.01451557,8.27e-06,0.00056183,6.305e-05,0.00063827,0.01517822,0.00361955,2.518e-05
CR.1.3.12.2.1107.5.3.57.20200.11.201910180823150984.png,0.60700935,0.00276519,0.7981391,0.01825887,0.29307574,0.81155646,0.00199035,0.03107486,0.9697154,0.00425171,2.255e-05,0.00236534,0.00033677,0.00056641,9.124e-05,9.651e-05,0.00108942,0.00193143,0.00067401
DX.1.2.840.113564.920101.20191106100508781490.1003000225002.png,0.01241631,0.03438768,0.00056032,0.00057824,0.0022195,0.01181383,0.01050744,0.00050858,0.00027597,0.03544641,0.00485521,0.0016283,0.00012965,0.00011215,0.00043748,0.00055569,0.01052582,0.00078231,4.551e-05
CR.1.3.12.2.1107.5.3.57.20200.11.201910211134390390.png,0.04603264,0.05887984,1.407e-05,0.01124735,0.0014956,0.00214455,0.00118833,0.0002195,0.00084427,0.00231642,0.0399949,0.00066843,3.615e-05,1.965e-05,0.00087177,0.0007439,0.00207969,0.00012792,9.505e-05
5C60C907198CEC.png,0.00792424,0.8450165,0.00178192,0.06233048,0.00167731,0.17385904,0.00040189,0.6508817,0.00058252,0.00086381,2.115e-05,0.0006266,7.343e-05,1.377e-05,8.411e-05,0.00058438,0.00142102,0.00103755,2.065e-05
DX.1.2.840.113619.2.369.4.2147483647.1573694409.726248.png,3.235e-05,0.21652384,4.37e-06,8.335e-05,0.000395,0.01464963,0.01803857,0.0004783,1.262e-05,0.03409601,0.02334113,0.00203404,2.486e-05,4.231e-05,0.00592998,0.00066452,0.00994045,0.0003426,0.00014252
CR.1.2.156.600734.516764694.1648.1574062482.2098.0.1.png,0.00039026,0.00250166,0.0480157,8.589e-05,0.09948956,6.829e-05,0.11173848,0.00050533,3.71e-06,0.00055071,0.00271303,0.03542888,2.146e-05,0.00015054,0.01981675,0.00020256,0.00036876,0.00051296,0.00195135
5E28F25E5CE4CC5.png,0.9606082,0.03299626,0.00179829,0.81577426,0.09137648,0.0228211,0.00019457,0.28956258,0.47683644,6.855e-05,1e-06,4.092e-05,2.477e-05,2.242e-05,0.00028467,0.00051781,0.00024827,0.00413813,4.242e-05
CR.1.3.12.2.1107.5.3.57.20200.11.201910311145220875.png,0.6999778,0.02702212,0.93280065,0.997023,0.70713514,0.9963574,0.00092496,0.68715626,0.13297889,0.55956113,2.011e-05,0.00321271,0.00126584,0.00022078,0.00162824,0.00073645,0.01898178,0.02559484,0.00020648
DX.1.3.46.670589.26.802544.25.20191028.141615.303853.0.png,0.9763007,0.01314746,0.4914859,0.99965125,0.03924888,0.96131074,0.00032551,0.2978704,0.4365208,0.00082881,7.304e-05,0.00013217,0.0023351,0.00583942,0.00018647,0.02759905,0.00048914,0.00089983,0.01517156
DX.1.2.00292710000339081420191018091414171068203.png,0.06674818,0.03567798,0.00042365,0.00072525,0.00066189,0.00017902,0.36351243,0.00035701,1.186e-05,0.00081604,0.00690839,0.00098313,8.27e-06,0.00153865,0.15797572,0.00237852,0.00021126,0.00021685,0.00076763
5C3BE48027A4968.png,0.22208413,0.11701438,0.00128845,0.01381409,0.05100346,0.00065186,0.00186703,0.00514244,0.00051465,0.00309516,3.921e-05,0.0438443,1.605e-05,0.00031831,0.00214785,0.00017947,0.00657692,0.00049067,4.964e-05
DX.1.2.840.113619.2.369.4.2147483647.1572845286.809738.png,0.00067609,0.03979413,3.831e-05,4.313e-05,0.00623317,8.45e-05,0.2534095,0.00051918,1.098e-05,0.00083469,0.01451262,0.01295424,4.1e-06,3.765e-05,0.05455234,0.00011514,0.00459881,5.928e-05,6.368e-05
5E16925A51F8BA0.png,0.94522434,0.06722594,0.04210068,0.87607867,0.02651286,0.6347774,0.00068173,0.14532448,0.8546274,5.168e-05,1.977e-05,0.00027375,1.492e-05,8.011e-05,0.00015331,0.00012846,0.00145615,0.00067428,2.548e-05
DX.1.2.840.113564.920101.20191104135937031310.1003000225002.png,0.29431936,0.00142082,0.02790834,0.00823523,0.97469795,0.00014389,0.04124971,0.04761682,0.01999296,0.00015076,6.861e-05,0.04286112,4.84e-06,0.00015267,5.735e-05,0.00406929,0.00167126,0.00100603,4.663e-05
DX.1.2.840.113619.2.369.4.2147483647.1572837447.265841.png,0.00075403,0.03153083,0.00013495,0.00064113,0.01013579,0.00267757,0.0071374,0.01017379,2.663e-05,0.0001009,0.00591486,0.00081523,9.4e-06,6.616e-05,0.01397626,0.00040077,0.0003045,0.00120152,5.752e-05
DX.1.2.00312713000342135720191106090346178171390.png,0.00652295,0.01910318,0.00104364,0.00778989,0.00600424,0.00096767,0.04343937,0.0011036,2.001e-05,0.00091221,0.00018278,0.0131251,6.46e-06,0.00057752,0.20322113,0.00315813,0.00011642,4.159e-05,0.00102537
5DF1FF3A47A8D42.png,0.89250046,0.00790057,0.67253065,0.00487998,0.00155125,0.00048176,0.00323506,0.00020204,0.01620036,1.915e-05,9.075e-05,0.00425729,9.379e-05,0.02252234,0.0003158,0.00910297,0.0001814,0.01334851,0.04614077
DX.1.2.00289013000343586120191115081555335885546.png,7.263e-05,0.02336799,0.00114257,8.179e-05,0.01860244,0.00022606,0.91710675,0.00099728,7.25e-06,0.00190973,0.01128409,0.0102251,2.831e-05,0.00028367,0.00197047,0.00039405,0.00114111,0.00052248,0.00098277
5B98D1C19001EA.png,2.795e-05,0.00210118,0.00019883,5.69e-05,0.20081654,0.00037696,0.40969437,0.0185311,1.49e-06,0.00147013,0.3870467,0.00738332,6.95e-06,0.00013535,0.00036167,0.00011268,0.00254278,0.00058389,0.00014019
DX.1.2.840.113564.920102.20191028111302093580.1003000225002.png,0.02419937,0.00038003,0.00042471,0.00302823,0.19125964,0.00092819,0.5250639,0.00044576,7.524e-05,0.00766881,0.01924388,0.00448551,6.32e-06,0.00054171,0.00087787,0.00465189,0.00181703,0.01333814,0.0002172
CR.1.3.12.2.1107.5.3.57.20200.11.201910210825430625.png,0.9859844,0.00032158,0.99937874,0.8616604,0.41010115,0.9977064,0.00032656,0.01788067,0.9842115,0.00030374,1.149e-05,0.00060589,0.00029338,0.00057245,4.773e-05,0.00036356,0.00132649,0.01290316,0.0003543
5DA580F55C283CD.png,0.95794463,0.00027162,0.67355675,0.4631408,0.1337924,0.00035748,0.03765534,0.00129622,0.00051716,1.34e-05,7.585e-05,0.02115737,0.00012971,0.00247081,0.00010188,0.0167735,0.00144395,0.08208538,0.0052137
DX.1.2.392.200036.9125.4.0.487587702.4185482646.2795306561.png,0.00108314,0.00530073,0.02123292,8.012e-05,0.00017403,0.000128,0.24386469,8.133e-05,5.866e-05,0.00348466,0.0011031,0.00180114,0.00083938,0.04532781,0.0067489,0.00102575,0.00206414,5.149e-05,0.14777063
DX.1.2.840.113619.2.369.4.2147483647.1572836006.662765.png,0.02263455,0.00109009,0.00722069,0.02371779,0.9794256,0.00978533,0.17527837,0.5756743,0.00273398,0.00527334,0.00031383,0.01090024,6.515e-05,0.00044281,1.105e-05,5.909e-05,0.01935185,0.01080355,8.85e-06
CR.1.3.46.670589.26.602199.4.20190910.83745.331832.0.png,0.75226223,0.04367996,0.00027716,0.03686544,0.01022661,0.45476884,7.324e-05,0.00944627,0.02436626,0.08509613,0.0002107,0.00098707,4.379e-05,0.00033722,0.00653135,3.308e-05,0.03512959,0.00108225,0.00026088
DX.1.2.840.113619.2.369.4.2147483647.1574056856.662785.png,0.32330686,0.10138756,0.00019519,0.00242851,0.00211523,9.234e-05,0.00044664,0.00164059,0.00050167,9.46e-05,0.00016544,0.00106987,4.17e-06,0.00034223,0.00249089,0.00026472,0.00083002,0.00012431,0.00016538
5CE79C2325F0BF8.png,0.00184602,0.83019966,0.00102368,0.03308834,0.00177709,0.9940257,0.00130161,0.14689213,0.00010945,0.9979108,6.927e-05,0.01693242,7.817e-05,0.00031842,0.00237636,8.413e-05,0.89486855,0.00119081,7.095e-05
CR.1.3.12.2.1107.5.3.57.20200.11.201911121140400281.png,0.00419448,0.00193179,0.94311297,0.00129744,0.9864864,0.02103421,0.16996843,0.06959728,0.08927999,0.0080354,0.00021089,0.25160322,0.0001994,0.00053458,0.00036634,0.00016151,0.00843852,0.03098001,0.00058429
CR.1.2.156.600734.516764694.1648.1572655374.894.0.1.png,0.00696077,0.0003563,0.98057896,0.00043054,0.9990691,9.125e-05,0.04105741,0.00088883,0.00091191,0.00020462,5.918e-05,0.9558206,0.00017963,0.00031735,0.00011786,0.00019003,0.00302935,0.00500539,0.00032592
CR.1.3.46.670589.26.602199.4.20190910.91618.331854.0.png,0.04573947,0.00527675,0.00065504,0.0025325,0.00378554,0.2137901,0.07861956,0.03364586,0.00462784,0.00902357,0.00018398,0.0061865,5.594e-05,0.00049879,1.578e-05,1.691e-05,0.44504583,0.00013356,9.11e-05
DX.1.2.0030816600034299852019111208332077730421.png,0.0064625,0.00091888,0.02128632,0.00334001,0.02795725,0.00635031,0.93054706,0.00014331,0.00156693,0.00334609,3.14e-05,0.02791252,2.3e-05,0.0015705,3.772e-05,0.00024389,0.01354792,0.00443751,0.00057978
DX.1.2.392.200036.9125.4.0.487545703.2581030294.2795306561.png,0.00069515,0.0361028,0.1290805,0.00038543,0.01734733,0.00013471,0.01483868,0.0001172,7.131e-05,0.00087139,0.00020383,0.00388953,0.00020113,0.0006232,0.00094149,0.00086965,0.00116267,0.00729168,0.0320363
5D14600137D0AC2.png,0.00804774,0.02744161,0.02380066,0.00034448,0.4537651,0.00264731,0.03599736,0.09560691,2.301e-05,0.0003865,0.00070718,0.00214492,9.011e-05,2.736e-05,4.814e-05,0.0001216,0.00057624,0.00505548,0.00012452
DX.1.2.00230635000340070720191024083038262492937.png,0.01703918,0.02845796,0.00011239,0.01058532,0.00091687,0.00032035,0.4810367,0.00081366,6.856e-05,0.00034988,0.00019576,0.0027583,2.87e-05,0.00043271,0.02298178,0.00381326,0.00024544,0.00013144,0.00015356
DX.1.2.392.200046.100.2.1.69131194618.191016155603.1.1.1.png,0.9760844,0.00024192,0.9920244,0.648957,0.9954212,0.00937055,0.00201824,0.07991381,0.3547742,0.00030381,6.93e-06,0.00765371,0.00014648,0.00051552,1.625e-05,0.03714047,9.889e-05,0.56563115,0.00195712
DX.1.2.840.113564.920101.20191118135338765980.1003000225002.png,0.87734944,0.01659768,0.12092538,0.06354188,0.860822,0.00105164,0.00107226,0.01104802,0.00494951,0.00018598,2.116e-05,0.02484061,1.994e-05,0.00046054,7.162e-05,0.00024376,0.00073586,0.00324535,2.254e-05
CR.1.2.156.600734.516764694.1648.1572485524.755.0.5.png,0.00093415,0.00014186,0.98493433,0.00029225,0.99510455,0.00089214,0.45395023,0.01036377,0.00027473,0.00056874,7.345e-05,0.96379054,0.00024087,0.00112514,0.00030374,0.00059663,0.00298663,0.00207278,0.00072723
DX.1.3.46.670589.26.802544.25.20191118.131907.310309.0.png,0.00044384,0.11345612,0.02818704,0.00417962,0.00284341,0.69298494,0.00131094,0.01034601,0.00024041,0.02844213,0.00041607,0.00329302,2.355e-05,0.00025175,0.00249251,2.421e-05,0.00807787,0.00132553,0.0002561
DX.1.2.392.200046.100.2.1.69131194618.191026090433.1.1.1.png,0.5821936,0.00054434,0.0122002,0.0004021,0.21070708,0.00066899,0.11195578,0.00123424,0.00018675,0.00208586,0.00010532,0.04474538,5.111e-05,0.00074198,1.004e-05,0.00032524,0.02061229,0.00141702,6.652e-05
DX.1.2.840.113619.2.369.4.2147483647.1573089130.622084.png,0.5817041,0.32511044,0.00016519,0.02846784,0.00125898,0.00064625,0.00091322,0.00890664,0.00020109,6.784e-05,0.00064734,0.00055718,7.65e-06,0.00045055,0.05972206,0.00235921,0.00099433,9.093e-05,0.00055878
5D130F493814489.png,0.0048685,0.20276739,0.00114474,0.00126137,0.00080002,0.01494312,0.00494762,0.00145699,0.0003158,0.0030995,0.0003172,0.00315353,6.854e-05,0.00123201,0.00175792,5.124e-05,0.04267256,0.00051705,0.00035238
DX.1.3.46.670589.26.802544.25.20191111.102520.307950.0.png,0.01488171,0.31144288,0.00595231,0.562951,0.00159005,0.975269,0.02030946,0.4926363,0.00258748,0.2695363,8.755e-05,0.00641051,0.00063903,0.00090109,0.00023237,0.00014667,0.42758277,0.00175453,0.00015758
DX.1.2.00286921000343400220191114085549251879625.png,0.00278227,0.05118028,0.00067991,0.04946872,0.00972589,0.00201036,0.8028897,0.00106513,1.36e-05,0.02883105,4.913e-05,0.01118934,6.48e-06,0.00013043,0.00156555,0.00303987,0.00596981,0.00165683,0.00025085
CR.1.3.12.2.1107.5.3.57.20200.11.201911011542580359.png,0.18389924,0.04657068,0.7204647,0.5080437,0.00734007,0.9845424,0.00084552,0.0351346,0.00376874,0.7835555,3.468e-05,0.01549828,0.00032867,0.00125011,0.00103891,9.177e-05,0.15694767,0.0040195,0.00033761
CR.1.2.156.600734.516764694.1648.1573046189.1230.0.1.png,0.41837844,0.00220572,0.9932066,0.02073013,0.8095106,0.00634,0.01233135,0.00039509,0.00302418,4.988e-05,2.676e-05,0.9731045,0.00021522,0.00133514,3.548e-05,0.00240016,0.00041226,0.00189788,0.0003029
DX.1.2.840.113619.2.369.4.2147483647.1573611160.835890.png,3.211e-05,0.10606291,3.909e-05,7.899e-05,0.05287594,0.00380762,0.28793922,0.00874242,3.84e-06,0.0173233,0.00620703,0.0131224,2.4e-06,1.152e-05,0.00032959,0.00029491,0.00663348,0.00111352,3.572e-05
DX.1.2.392.200046.100.2.1.69131194618.191020143656.2.1.1.png,0.28945577,8.085e-05,0.0227472,0.06212792,0.93223006,0.00266151,0.03163009,0.00275711,0.00298048,0.06253703,5.436e-05,0.00039567,0.00012755,0.0001257,4.271e-05,0.00045318,0.00598983,0.2072775,0.00051756
5C127F0F1D48C1E.png,0.01170545,0.00963678,0.00128478,0.0008514,0.01665759,0.00052002,0.04485295,0.00444137,0.00045581,0.00587202,0.00034485,0.00479607,7.41e-06,0.00032094,0.00108929,2.653e-05,0.00695602,6.872e-05,1.783e-05
CR.1.3.12.2.1107.5.3.57.20200.11.201910221612490578.png,0.00074574,0.02191024,0.00026798,5.056e-05,0.04079818,0.00326746,0.26994717,0.04460302,0.00014705,0.00522394,0.00068995,0.00061028,1.1e-05,0.00013154,0.00021916,8.644e-05,0.00473761,0.00358773,0.00049406
DX.1.2.0030958300033961542019102207352386377765.png,0.00536553,0.01415719,0.00460087,0.18513831,0.8651895,0.00594599,0.9037596,0.00560022,1.428e-05,0.10652218,9.374e-05,0.10529023,0.00022978,0.00455518,0.00441337,0.0138523,0.02721585,0.00291584,0.00022792
CR.1.3.12.2.1107.5.3.57.20200.11.201911121134550390.png,0.880293,0.00023077,0.98715293,0.06136482,0.00685228,0.93998885,0.00229795,0.00969015,0.18987057,0.00035036,1.225e-05,0.12277151,6.433e-05,0.0061789,0.00012046,2.759e-05,0.29621425,0.0057739,0.00400722
DX.1.2.392.200036.9125.4.0.487570562.56386966.2795306561.png,0.8485386,0.00722278,0.99463487,0.43116313,0.39626065,0.23712365,0.00507181,0.00841744,0.05283817,0.00015192,3.476e-05,0.00652695,0.00098398,0.01811013,0.00086725,0.01816308,0.0001473,0.01778689,0.03571636
5DFC6201619083D.png,0.9963744,0.00541716,0.79282707,0.9931773,0.22908702,0.24581195,0.07760301,0.8735728,0.56007177,1.096e-05,7.729e-05,0.02540834,0.00888163,0.02634066,9.6e-06,0.02111238,0.00977991,0.00842793,0.00214377
DX.1.2.00310950000339867420191023075458173953640.png,0.00016353,0.00217456,0.00015953,0.00011099,0.00757604,0.00054329,0.9473103,0.00080311,3.06e-05,0.00872965,0.00828429,0.00810668,1.774e-05,0.0003807,0.0031251,0.00109473,0.00555599,0.0007316,0.00121932
5B1B65EE1B2CED5.png,0.02271813,0.6177681,0.00052714,0.44910473,0.02585837,0.01414324,0.00226743,0.73774695,0.00204552,0.01501234,0.00028732,0.00013826,0.00051778,3.05e-05,0.00174014,0.00017862,0.0018633,8.014e-05,0.00150889
5E1199565738F54.png,0.02864927,0.00245288,0.30811715,0.00579848,0.24282815,0.00509121,0.18998894,0.00831994,0.0030238,0.00352417,1.219e-05,0.02387222,0.00025984,0.02817562,7.187e-05,0.00013047,0.09358176,0.04990002,0.0011322
DX.1.2.00308930000339241420191019081813254107265.png,0.00031492,0.00137209,0.00089115,3.873e-05,0.00600165,0.00155915,0.95005625,0.00313116,1.091e-05,0.00314842,0.00441081,0.00122688,3.548e-05,0.00128437,0.00080901,0.00020821,0.0005432,0.00081615,0.00278997
CR.1.3.12.2.1107.5.3.57.20200.11.201910180951280312.png,0.99532914,0.00723782,0.79573995,0.7139445,0.13257292,0.39249247,0.00035951,0.00409823,0.04210011,0.02040427,9.77e-06,0.08019724,4.339e-05,0.00675804,0.00043385,2.406e-05,0.25418183,0.0024914,0.00029804
CR.1.2.156.600734.516764694.533640.1571642836.107.0.1.png,0.19476151,0.00234357,0.9988852,0.03259268,0.81171745,0.08599634,0.00017454,0.01600544,0.02169411,0.00025584,8.42e-06,0.99709344,0.00011963,0.01766231,2.732e-05,0.00036054,0.00506575,0.00117566,0.00043721
5D072E8312D4CC4.png,0.9730553,0.04768106,0.02896182,0.47436413,0.00619358,0.11528621,0.00152644,0.6057081,0.00479183,0.00032399,4.854e-05,0.00357048,0.00057163,0.00307543,0.00010282,8.202e-05,0.02518715,0.00125584,0.00037605
CR.1.2.156.600734.516764694.906304.1571535438.280.0.1.png,0.6037966,0.00100256,0.9539936,0.06449867,0.9986037,0.07685888,0.00169356,0.9334512,0.1272616,0.0050268,2.648e-05,0.03980049,0.00171599,0.00724876,2.178e-05,3.483e-05,4.795e-05,0.05958234,0.00779613
CR.1.2.156.600734.516764694.1648.1573980378.2008.0.1.png,0.00083472,0.01620604,0.00385583,0.00030732,0.00111888,1.993e-05,0.08549839,5.678e-05,1.012e-05,0.00027978,0.03860468,0.02205971,5.389e-05,0.00046058,0.01832822,0.00382724,0.00040081,0.00021914,0.00439412
5B0BB8DC684A4A.png,0.05772226,0.42360032,0.00156563,0.1332789,0.10767791,0.00614797,0.04222164,0.4330796,8.899e-05,0.0083902,0.00019539,0.02316594,1.211e-05,2.875e-05,9.952e-05,0.00224892,0.01757783,0.00038555,1.602e-05
DX.1.2.840.113619.2.369.4.2147483647.1573604059.652621.png,0.729534,0.20904216,0.00247065,0.06539491,0.02286594,0.00996221,0.00083353,0.02509214,0.0014295,4.211e-05,3.054e-05,0.00087515,1.376e-05,0.0002484,0.00097322,0.00023697,0.00021023,0.00048128,3.997e-05
DX.1.2.840.113564.920101.20191112112803812900.1003000225002.png,0.10310028,0.00411059,0.00230079,0.00601132,0.8721324,0.00045733,0.04822082,0.03154884,0.00098722,9.231e-05,0.00569521,0.00547788,2.629e-05,4.42e-05,8.878e-05,0.0006789,0.00071073,0.00723081,2.694e-05
5C733E94E380EE.png,0.57288516,0.09583177,0.00810625,0.38084224,0.20386723,0.01820576,0.00162296,0.784005,0.00240396,0.00304411,2.877e-05,0.00220567,0.00027886,0.00027707,1.555e-05,0.00061203,0.00139145,0.02091078,0.00053007
DX.1.3.46.670589.26.802544.25.20191105.2355.306377.0.png,0.12984969,0.0011955,0.03171167,0.03430352,0.02408269,0.00236293,0.01411718,0.00952953,0.00110009,3.281e-05,0.00062117,0.00030485,9.84e-06,0.00407927,0.00037553,0.00051917,0.00045673,0.00639152,0.00038448
DX.1.2.840.113564.920101.20191118093322843150.1003000225002.png,4.79e-05,0.00843145,0.00050239,2.739e-05,0.140774,0.01600064,0.1043088,0.01599891,5.834e-05,0.14992912,8.747e-05,0.02556487,1.283e-05,0.00020628,0.00011189,3.825e-05,0.05704517,0.00052,3.65e-06
DX.1.3.46.670589.26.802544.25.20191106.112301.306799.0.png,0.00066049,0.09724908,0.00063921,0.00074536,0.00050806,0.00810353,0.00066651,0.01293167,1.346e-05,0.00044379,0.00134596,0.00071301,4.08e-05,0.0015483,0.00493122,0.00026672,0.00025459,0.00025604,0.00070959
5BE69A0C1288E0F.png,0.00059924,0.00856283,0.00035079,0.00011528,0.01036154,0.00068145,0.00796738,0.00113806,1.31e-05,0.00060837,0.05683138,0.00643321,8.51e-06,0.00022612,0.00365603,0.00024666,0.00354383,0.00107817,0.00018779
CR.1.3.12.2.1107.5.3.57.20200.11.201910220933080750.png,0.98058033,0.0025927,0.9849796,0.59300864,0.6233185,0.59974223,0.00016003,0.03549102,0.8261948,0.01282674,2.143e-05,0.00635073,4.232e-05,0.00049197,2.747e-05,7.62e-05,0.01022747,0.00254682,3.738e-05
DX.1.2.840.113619.2.369.4.2147483647.1572919822.961335.png,0.9740471,0.00078772,0.68670315,0.6637128,0.00916471,0.059645,0.04896041,0.00108586,0.7076412,4.11e-06,5.423e-05,0.00054487,0.00010141,0.00048491,4.815e-05,0.00160465,8.906e-05,0.0011671,0.00025572
CR.1.2.156.600734.516764694.533640.1571617601.34.0.1.png,0.00948481,0.00327292,0.9225995,0.00544973,0.717886,0.00349973,0.00081741,0.0030909,0.00021914,0.00090267,0.0018639,0.46599784,0.00020919,0.00115142,0.00096635,0.00782833,0.00221041,0.11399419,0.00064727
DX.1.2.392.200046.100.2.1.69131194618.191108210502.2.1.1.png,0.261569,0.14889488,0.00068646,0.13692512,0.4373804,0.00023158,0.00991278,0.00622704,0.0006645,0.00509429,7.309e-05,0.00860801,6.122e-05,0.00011548,0.0005055,0.00305687,0.00713588,0.0042361,0.00098616
DX.1.2.840.113619.2.369.4.2147483647.1572239304.980697.png,0.2963493,0.00171192,0.00082395,0.00094267,0.01670046,2.438e-05,0.0064345,0.00041436,0.00019528,4.56e-06,0.00092472,0.00120075,2.33e-06,0.00052882,0.00123317,0.00527292,0.00015166,0.00038689,6.298e-05
DX.1.2.392.200046.100.2.1.69131194618.191021104251.1.1.1.png,0.0068106,0.00823132,3.321e-05,0.00647969,0.01856535,0.00016005,0.11128672,0.00884825,0.00036088,0.000684,0.03752141,0.00107467,8.511e-05,0.00025584,0.0020719,0.08448499,0.00136941,0.00166882,0.00101916
DX.1.2.392.200036.9125.4.0.487556736.3820316054.2795306561.png,0.14109583,0.00118576,0.98140574,0.00525023,0.4714976,0.00409645,0.19571915,0.00235351,0.00039691,0.00086129,6.264e-05,0.1021997,0.00096306,0.02644503,0.00011892,0.00363873,0.00042364,0.04096228,0.11251458
DX.1.2.003066010003394387201910210918306164796.png,0.03569272,0.00345591,0.00025245,0.00209242,0.05149687,0.00308396,0.97463554,0.07696546,0.00216691,0.00200644,0.00030307,0.00212226,1.487e-05,3.774e-05,2.028e-05,0.0002905,0.0035154,0.00053467,8.147e-05
DX.1.2.392.200046.100.2.1.69131194618.191022153323.3.1.1.png,0.00074089,0.2480568,0.00173558,0.00113658,0.04866573,0.00467334,0.09004828,0.00745052,1.241e-05,0.03415602,0.00097865,0.00221028,0.00011159,9.145e-05,0.00161595,0.00798385,0.00165137,0.00540429,0.00065664
CR.1.3.12.2.1107.5.3.57.20200.11.201910211059520390.png,0.03426994,0.1539422,0.00044152,0.00186755,0.00729947,0.00207966,0.00687104,0.00073745,0.00017511,0.0028177,0.0046786,0.00801794,9.97e-05,0.00043181,0.0022173,0.00644661,0.00175025,0.00212871,0.00053499
DX.1.2.00318230000343605720191115084614337703750.png,0.95656335,0.00165886,0.0729838,0.8469716,0.02097228,0.00895001,0.65226734,0.08699637,0.03368844,7.2e-06,2.703e-05,0.00123533,0.00025189,0.00134467,0.00012305,0.01768899,0.00018336,0.00285749,0.00069912
DX.1.2.0030712100033890272019101709251785331390.png,0.00209829,0.00095988,0.0067074,0.00028267,0.05153718,9.038e-05,0.99716264,0.00095163,1.909e-05,0.0013882,0.00093174,0.11485247,8.232e-05,0.00062376,0.00091328,0.00148987,0.00099686,0.00189105,0.00053688
DX.1.2.00291372000340581720191028074202641812.png,0.0001247,0.00069871,0.00021443,0.00014314,0.02804035,6.949e-05,0.99818325,0.00386267,3.588e-05,0.00232512,0.0003402,0.00201061,1.31e-05,0.00020335,0.0004981,0.00015002,0.00468218,0.0015526,0.00188882
5D3905DA810865.png,0.99961984,0.00353445,0.46536344,0.8798033,0.4859683,0.5131387,0.00824538,0.8770063,0.7164434,0.00011526,9.7e-05,0.05799648,7.092e-05,0.00400155,1.224e-05,0.00033326,0.11400618,0.00223043,0.00027511
5BF4C1051100275.png,8.85e-06,0.07878388,0.00990714,4.948e-05,0.13818601,0.01022157,0.0285375,0.05574028,0.00013658,0.00301809,0.000698,0.00851511,3.984e-05,0.00014807,7.442e-05,2.939e-05,0.04818031,0.00412853,4.17e-05
DX.1.2.003129880003417319201911040957268591406.png,0.69551635,0.00274499,0.5299213,0.23287725,0.3888715,0.01685423,0.02619476,0.00437011,0.00763079,0.0005447,7.848e-05,0.04116754,3.143e-05,0.00042371,0.00011216,0.0014992,0.00117984,0.00201046,8.893e-05
CR.1.3.12.2.1107.5.3.57.20200.11.201910181508220046.png,0.00054462,0.00059915,0.00877857,7.86e-06,0.3490931,0.00013761,0.7847771,0.00114302,9.725e-05,0.00086887,0.00026641,0.2314582,0.00025227,0.00129588,0.00011393,5.419e-05,0.00796968,0.0031863,0.00022748
5CE8E6EE106C29C.png,0.4893405,0.00227529,0.10297612,0.01223228,0.24195988,0.00674922,0.04535132,0.31073818,0.01980451,0.00012089,0.00025383,0.00493146,1.319e-05,0.00011109,1.33e-06,0.0001536,0.00223022,0.00594911,9.691e-05
DX.1.2.840.113619.2.369.4.2147483647.1572240285.552861.png,0.7616866,0.40241843,6.77e-05,0.01170987,0.01660154,0.00100676,0.00370582,0.00058265,0.00114687,0.00080136,0.02671111,0.00478719,0.0001808,5.875e-05,0.00237081,0.03480598,0.00133315,0.00065018,0.00012031
DX.1.2.392.200046.100.2.1.69131194618.191027155137.1.1.1.png,0.70227987,0.00040741,0.05266065,0.00021486,0.9877153,3.21e-05,0.14042704,0.07062584,0.00545824,0.00016943,3.723e-05,0.05432169,8.2e-05,0.00024102,1.886e-05,0.00048597,0.00145653,0.01803608,0.000414
DX.1.3.46.670589.26.802544.25.20191111.112755.307995.0.png,0.04875688,0.02004655,0.00117323,0.01919134,0.03170734,0.0961063,0.1159648,0.103867,0.00032994,0.9166698,6.268e-05,0.16609421,0.00015663,0.00024804,1.848e-05,8.726e-05,0.7310308,0.00392811,0.00012833
DX.1.2.840.113619.2.369.4.2147483647.1573025337.322307.png,0.24913338,0.00697526,0.00406151,0.24735002,0.00201736,0.00848926,0.02065256,0.00496506,0.00282864,0.00172359,0.00367852,0.01146486,9.142e-05,0.00622606,7.474e-05,0.00097621,0.00324495,0.00012019,0.00431808
DX.1.2.392.200046.100.2.1.69131194618.191106103603.1.1.1.png,0.00424889,0.06105348,0.00015392,0.00090495,0.17663021,0.00050203,0.2823399,0.0432589,4.64e-05,0.00328111,0.00025968,0.00356039,8.86e-06,0.00014803,0.00115321,1.771e-05,0.00230269,0.00090545,0.00026481
DX.1.2.00310997000339871620191023091718178892781.png,0.00017324,0.01651839,0.00014937,0.00020443,0.02732126,0.00056005,0.9825116,0.00073527,1.051e-05,0.02762762,0.00126391,0.02244441,5.712e-05,0.00094744,0.00042506,0.00022905,0.0304105,0.00128883,0.00026113
DX.1.2.0030953300033961182019102209392093815546.png,0.00540865,0.00045095,0.00068564,0.00175135,0.06534894,0.00029359,0.8458649,0.0006707,2.689e-05,0.00564653,0.00018297,0.04964985,2.748e-05,8.167e-05,0.00013111,0.00159546,0.00100594,0.00033136,0.00057931
DX.1.2.392.200046.100.2.1.69131194618.191021090032.1.1.1.png,0.09831803,0.00136451,0.02020402,0.01657892,0.9470782,0.00014,0.14224109,0.05429362,0.00163251,0.00022134,0.00025551,0.00384203,9.75e-06,7.755e-05,2.179e-05,0.00198297,8.639e-05,0.1890625,0.00068882
CR.1.3.12.2.1107.5.3.57.20200.11.201911130817560203.png,0.03709714,0.0068811,0.0001222,0.00102962,0.00385359,0.0006522,0.00367719,0.00097493,6.703e-05,0.00020618,0.11319615,0.00068266,6.872e-05,3.529e-05,0.00145506,0.00158851,0.00186211,0.00016191,7.661e-05
5DFC18A66048B41.png,0.97305226,0.02957413,0.0027725,0.9376922,0.02491308,0.02657778,0.00152075,0.00325669,0.12515937,1.741e-05,3.408e-05,0.00024272,2.242e-05,3.357e-05,0.00046583,0.0057253,4.988e-05,0.00056178,7.101e-05
DX.1.2.840.113619.2.369.4.2147483647.1572919861.290139.png,0.00052356,0.04519978,1.147e-05,0.00111628,0.0298769,0.00157037,0.10629486,0.13104689,1.065e-05,0.00313036,0.00331166,0.00106564,4.796e-05,7.369e-05,0.00072307,0.00332644,0.00072219,0.00096588,0.00044936
CR.1.2.156.600734.516764694.1648.1572829361.1009.0.1.png,0.72049177,0.00033702,0.94192034,0.01892247,0.135191,0.00234333,0.00082954,0.00019747,0.00064587,0.0002146,9.138e-05,0.989994,0.00046725,0.359888,0.00015195,0.00057638,0.01003907,0.00515103,0.06357096
DX.1.2.00262100000343970920191118095359600969171.png,0.00794488,0.00013304,0.0528673,0.05704754,0.55098426,0.00129053,0.6163978,0.00047802,3.879e-05,0.04992814,5.242e-05,0.27439708,0.00039687,0.00338827,0.00089999,0.01223411,0.00048336,0.01136655,0.00072107
DX.1.2.840.113564.920101.20191113081906734650.1003000225002.png,0.00015841,0.00070704,0.00152065,0.00011742,0.9727402,0.00075655,0.6477823,0.01965419,1.247e-05,0.00083525,0.00075632,0.07822796,1.11e-05,4.397e-05,3.121e-05,6.346e-05,0.00324333,0.00210446,2.562e-05
DX.1.2.840.113619.2.369.4.2147483647.1573009902.985657.png,0.13989654,0.00847609,0.00105882,0.00123795,0.04211592,0.00025617,0.12798905,0.03395298,0.00044154,2.242e-05,0.03676727,0.00154032,1.228e-05,0.00022644,8.879e-05,0.0051561,0.0003866,0.0008715,0.00015951
5E322AD824B81A3.png,0.00402667,0.82724714,8.428e-05,0.10127798,0.0117118,0.0021278,0.00197175,0.04509508,0.00017535,0.02680799,3.726e-05,0.00056692,0.00012301,8.798e-05,0.01317262,0.00019017,0.00260708,0.00016188,0.00025062
DX.1.2.00237675000340094120191024091052264907593.png,0.06550706,0.00218887,0.08720893,0.0457159,0.04727022,0.03128713,0.46670625,0.00035968,0.00460815,0.09227844,9.538e-05,0.34320027,0.00023769,0.00687262,0.00020938,0.00103503,0.00454847,0.00024924,0.00327508
DX.1.3.46.670589.26.802544.25.20191107.84505.307057.0.png,0.00072994,0.00918001,8.327e-05,0.00126221,0.00089876,0.07291262,0.0034443,0.0005497,1.613e-05,0.06123906,0.0155641,0.00147837,1.537e-05,2.201e-05,0.00055532,9.052e-05,0.04405368,0.00012825,0.00012203
5E0EA3CF11A8BF5.png,0.49405575,0.777281,0.0006502,0.9524039,0.00348599,0.88636893,0.00041956,0.45733616,0.01597683,0.21547925,0.00136847,0.00037139,0.00056799,0.00140287,0.00267297,4.364e-05,0.12060982,8.433e-05,0.0004494
DX.1.2.840.113564.920101.20191118102918828120.1003000225002.png,0.02483852,0.00104671,0.00132412,0.00110576,0.9174704,0.000128,0.4258159,0.01644979,1.446e-05,0.00089955,0.00122122,0.046765,1.615e-05,5.438e-05,8.49e-05,0.00123267,0.00155901,0.00107456,7.54e-06
DX.1.2.840.113619.2.369.4.2147483647.1574037025.468561.png,0.20699614,0.02098166,0.0023372,0.06346956,0.00919793,0.02238564,0.016338,0.08454391,0.00478439,0.00022729,1.912e-05,0.00096648,1.383e-05,0.00010651,7.712e-05,0.00042976,0.00069171,0.00056319,1.324e-05
5D6B659E144CF0D.png,0.00331215,0.01125313,0.00372267,0.00112698,0.6011603,0.00261244,0.05424757,0.9623101,7.352e-05,3.691e-05,0.00038402,0.00063152,2.998e-05,3.331e-05,3.058e-05,0.00099854,0.0001418,0.00144441,0.00015263
5E2649C24BA8763.png,0.6446673,0.70184463,0.0038761,0.8505147,0.00377102,0.00593761,0.00032474,0.07045752,0.02564563,1.265e-05,0.000237,0.00089056,9.68e-06,1.978e-05,0.00066281,0.01247923,7.797e-05,0.00027598,4.126e-05
DX.1.2.00310951000339867520191023081104174918828.png,0.00040297,0.00015819,0.00014482,1e-04,0.00824837,0.00089487,0.5232784,5.078e-05,4.83e-06,0.03277229,0.03366459,0.0140383,1.797e-05,0.00017143,0.00595873,0.00088353,0.01948456,0.00064455,0.01926611
DX.1.2.840.113619.2.369.4.2147483647.1572826565.354009.png,0.18322667,0.0304226,0.00138212,0.04510134,0.00645394,0.0011144,0.00043933,0.00065739,0.00138057,6.04e-05,0.00010308,0.00048386,2.257e-05,0.00028459,0.01946968,0.00079024,0.00013659,0.00167752,0.00023142
DX.1.2.840.113564.920101.20191106112235750140.1003000225002.png,0.37141532,0.00054713,0.00166323,0.00024005,0.31918722,7.655e-05,0.00459135,0.00180636,0.0021622,4.066e-05,0.0004759,0.0105162,3.129e-05,0.00228414,0.00051024,0.00067867,0.00176917,0.00411363,7.748e-05
5DC37CF54E64556.png,0.04921166,0.50404185,0.01921046,0.10438678,0.00477638,0.69797945,0.0020385,0.9521727,0.01222974,0.00359061,1.411e-05,0.00654083,2.562e-05,0.00083894,5.682e-05,4.249e-05,0.01880422,0.0005177,9.028e-05
DX.1.3.46.670589.26.802544.25.20191111.103801.307960.0.png,0.0732821,0.00171172,2.551e-05,0.00389514,0.00123881,0.00510089,0.0143009,5.269e-05,0.00021675,0.01366818,0.00443185,0.00052062,1.588e-05,0.00069121,0.00016907,0.0094513,0.07207854,0.00013123,0.00014911
CR.1.3.12.2.1107.5.3.57.20200.11.201910311445530281.png,0.6671,0.00031632,0.98524624,0.00735831,0.90053827,0.16687372,0.00069778,0.00131837,0.15218076,0.00098106,9.922e-05,0.06944544,0.00010508,0.02040299,3.047e-05,1.621e-05,0.00322038,0.21843003,0.001229
CR.1.3.12.2.1107.5.3.57.20200.11.201910301612400406.png,0.38818607,0.07329384,0.9100123,0.91558087,0.05547189,0.9938131,0.00265506,0.37732157,0.5282668,0.6249536,2.145e-05,0.00197561,0.00246872,0.00457811,0.00137674,0.00033428,0.00087513,0.00405484,0.00226979
DX.1.2.00308292000342640020191109080152433657203.png,0.33680853,0.00173586,0.00957397,0.02340231,0.10076783,0.00042118,0.02510386,0.00186335,0.0005119,0.00071424,0.00084515,0.00565369,1.101e-05,0.00014744,3.675e-05,0.00060451,0.0012547,0.00134866,0.00016487
DX.1.2.392.200046.100.2.1.69131194618.191028103821.1.1.1.png,0.2871076,0.01012011,0.00780498,0.17132977,0.98712355,0.04587889,0.0113536,0.237212,0.02255498,0.00681157,6.985e-05,0.0019421,3.692e-05,2.118e-05,0.00012411,0.00020738,0.00046976,0.01254465,1.086e-05
5D6636DF27DC14F.png,0.9923276,0.00326164,0.9983939,0.96577805,0.2751779,0.9542988,0.00025923,0.60356426,0.9891205,0.00044811,0.00011528,0.00335554,0.00020004,0.00520972,7.373e-05,0.00164855,0.00041959,0.00431505,0.00123605
DX.1.2.840.113619.2.369.4.2147483647.1573539198.300491.png,0.5897196,0.55941737,0.00113535,0.10599455,0.0022536,0.06099047,0.00019898,0.00102171,0.00139904,0.00011592,5.55e-05,0.00327007,7.59e-06,0.00020035,0.02765536,0.00196292,0.00342206,0.00019785,2.939e-05
5B1735421520702.png,0.14288703,0.00045356,0.35473588,0.01704998,0.95470345,0.0026549,0.00412779,0.00311864,0.00032715,0.00092114,7.582e-05,0.00229505,9.421e-05,0.00069593,0.00012413,0.00081816,0.00129369,0.16084689,0.00064893
5CF5C6028D8748.png,0.9223238,0.00075797,0.9250333,0.42533663,0.9826043,0.00905667,0.01884593,0.02838698,0.01866168,7.32e-05,5.393e-05,0.00438961,0.00016982,0.00354594,5.26e-05,0.00111817,0.00119311,0.6084818,0.00036517
DX.1.2.392.200036.9125.4.0.487534979.1874355606.2795306561.png,0.00650553,0.00944146,0.02697955,0.01382012,0.01453768,0.001666,0.05210792,0.00026532,6.181e-05,0.00030214,5.92e-05,0.00424705,0.00028487,0.00372833,0.00010236,0.00707159,0.00155228,0.02675518,0.0017895
DX.1.2.840.113564.920101.20191105150009203820.1003000225002.png,0.1133185,0.00449958,0.0009433,0.00155572,0.7973699,0.00013872,0.38848957,0.00364316,0.00012538,0.0012712,0.00170681,0.1486572,3.075e-05,2.845e-05,3.615e-05,0.00037472,0.0210233,0.00847951,3.205e-05
DX.1.2.840.113619.2.369.4.2147483647.1573525837.415321.png,0.01781849,0.00217435,0.00070433,0.00046061,0.00219333,3.508e-05,0.0094477,8.217e-05,2.24e-05,6.555e-05,0.00045643,0.0017209,3.599e-05,0.0002583,0.00059261,0.00243379,0.00061786,0.01059488,0.00184931
DX.1.2.840.113564.920101.20191106141940281560.1003000225002.png,0.02291823,0.00252505,0.00111309,0.0288068,0.937319,0.00022401,0.06033024,0.02039051,4.408e-05,0.0008953,0.00050729,0.00205395,3.6e-06,4.589e-05,0.00078506,0.00221381,0.00036698,0.00231624,2.631e-05
5DF99560B20C2A.png,0.98485816,6.742e-05,0.04422699,0.07047849,0.5666862,0.00038453,0.01349523,0.04741222,0.02300033,5.46e-06,0.00017308,0.00383991,1.013e-05,0.00255707,8.86e-06,0.00152272,0.00030742,0.00258062,0.00134913
CR.1.3.12.2.1107.5.3.57.20200.11.201911011009480812.png,0.00101738,0.00220454,0.28374168,0.0035571,0.9874684,0.0145298,0.7057222,0.89902943,0.00024595,0.00858664,1.438e-05,0.01216912,5.102e-05,0.00022685,8.003e-05,0.0001069,0.00093075,0.01026587,0.00087653
CR.1.3.12.2.1107.5.3.57.30003.11.201911180831430343.png,0.00014383,0.00612893,3.505e-05,9.112e-05,0.00247182,0.00197764,0.2796937,0.00024585,8.14e-06,0.00292504,0.01568404,0.00594349,8.21e-06,0.00027159,0.00035899,7.272e-05,0.02789252,0.00069235,6.667e-05
CR.1.3.12.2.1107.5.3.57.20200.11.201911131619290546.png,0.00046991,0.91468906,0.0011533,0.00085437,0.0017591,0.2108153,0.00362584,0.01342254,0.0001447,0.37456045,2.669e-05,0.00281975,6.977e-05,0.0013239,0.04831168,0.00010362,0.01091424,0.00142049,0.00252057
DX.1.2.840.113619.2.369.4.2147483647.1573439401.4549.png,0.9327588,0.32969972,0.00487218,0.05287258,0.01532588,0.00837671,0.00092002,0.00654236,0.07869944,6.981e-05,1.987e-05,0.00540045,7.571e-05,0.00309368,0.00327301,0.00087511,0.00019347,0.00062978,0.00036046
DX.1.2.392.200046.100.2.1.69131194618.191029112525.1.1.1.png,0.1617023,0.0032762,0.1833429,0.00173269,0.03561303,0.0004585,0.30256388,0.00063951,0.00035462,0.0003436,0.00034168,0.00513789,5.148e-05,0.01798083,4.869e-05,0.00015581,0.01241816,0.25979087,0.00158335
DX.1.2.0030978600033963172019102207474987123984.png,1.551e-05,0.00726611,2.808e-05,0.00010301,0.14146122,0.00082982,0.9640963,0.0014945,9.83e-06,0.05056818,0.01197895,0.02318367,2.092e-05,0.00027008,0.00118401,0.00066124,0.04043596,0.00063228,0.00019246
DX.1.2.840.113619.2.369.4.2147483647.1572238674.663210.png,0.00025048,0.02096658,0.00027223,0.00018328,0.74202734,0.00012476,0.9405877,0.19033197,2.725e-05,0.00032365,0.00181979,0.00936052,1.346e-05,1.235e-05,0.00015049,0.00012199,0.00288629,0.00598366,4.564e-05
5D117E388A89F0.png,0.43754265,0.84962386,0.17064463,0.0083011,0.00070119,0.00773985,0.00020784,0.00722361,0.01766456,0.00011658,0.00012366,0.00879904,0.00062476,0.05417677,0.00639891,9.5e-05,0.0001829,0.00010066,0.02995187
CR.1.3.12.2.1107.5.3.57.20200.11.201910220928230734.png,0.9582193,6.378e-05,0.97916293,0.06233876,0.5210458,0.08414729,0.01277725,0.00114707,0.61934024,0.00129305,3.316e-05,0.05804034,0.00028823,0.00322427,1.637e-05,4.25e-05,0.03542737,0.00369128,0.00078986
CR.1.3.12.2.1107.5.3.57.20200.11.201911131449130187.png,0.004879,0.00106315,0.02481992,0.00021956,0.04759178,0.2190051,0.00419886,0.00038068,0.00170838,0.1309148,3.315e-05,0.04516236,0.00015248,0.00745226,3.729e-05,1.909e-05,0.40690348,0.00202736,0.00028982
5D2543AA24DCCD8.png,0.00060474,0.9942855,4.626e-05,0.00029249,1.298e-05,0.01614289,9.692e-05,0.00256808,9.651e-05,0.00014626,0.00196516,0.00054789,6.613e-05,0.00037841,0.29431385,0.00017506,0.00373817,6.46e-05,0.00020592
DX.1.2.840.113619.2.369.4.2147483647.1574055647.732943.png,0.83101,0.01120868,0.02007258,0.5745541,0.1240694,0.015277,0.07168692,0.02079335,0.01061325,0.00044865,0.00039984,0.00314834,3.557e-05,2.697e-05,9.239e-05,0.00033028,0.00050383,0.0003398,2.88e-05
DX.1.2.00308219000341203920191031074329292609.png,0.01036283,0.00325793,0.00209471,0.00725464,0.64601433,0.00026754,0.84140134,0.00784807,4.632e-05,0.00844978,0.00018149,0.02445749,8.968e-05,0.00024454,0.00058293,0.00156289,0.00088043,0.0002427,0.00243104
DX.1.2.840.113564.920101.20191113150702281270.1003000225002.png,0.00018369,0.01522287,0.00013325,5.132e-05,0.00866195,0.00129693,0.00456445,0.0002572,4.51e-05,0.0124963,0.01811548,0.00270996,3.211e-05,5.949e-05,0.01605283,0.00422698,0.0033129,0.00097003,0.00034158
DX.1.2.00310967000339868920191023085527177582375.png,0.00856845,0.00521785,0.00015718,0.00035966,0.00651061,8.13e-05,0.72113776,0.00052339,2.343e-05,0.00073999,0.00041782,0.01129336,3.59e-06,0.00067692,0.01383373,0.00105054,0.00075565,6.917e-05,0.00081513
DX.1.2.392.200036.9125.4.0.487547502.4077806998.2795306561.png,0.01180006,0.00010418,0.94237465,0.00920082,0.07958126,3.702e-05,0.00267632,0.00014299,4.581e-05,6.14e-06,0.00029558,0.00412478,0.00026831,0.01913748,0.00641495,0.02820226,8.58e-06,0.03764194,0.02013738
CR.1.3.12.2.1107.5.3.57.20200.11.201910210919520968.png,0.7998889,0.00473107,0.774994,0.01515096,0.120913,0.83797574,0.00103572,0.08638295,0.22451507,0.00942308,1.473e-05,0.00714913,0.0001971,0.00150244,0.00026715,1.301e-05,0.00306445,0.00124533,0.00053898
DX.1.2.392.200036.9125.4.0.487541388.963274134.2795306561.png,0.0074332,7.673e-05,0.7927219,7.832e-05,0.6090565,0.00023195,0.72872305,0.00427884,0.00018006,4.336e-05,0.00016231,0.0540719,0.00043119,0.02928982,0.00010095,0.00018626,0.00028786,0.08734892,0.01028513
DX.1.2.840.113619.2.369.4.2147483647.1573106854.393762.png,0.00036238,0.03345829,5.786e-05,0.00054977,0.5586457,0.0051473,0.84572786,0.79561734,3.233e-05,0.00089365,0.00022417,0.00181866,3.181e-05,3.254e-05,4.824e-05,0.00032244,0.00048372,0.0006078,4.188e-05
CR.1.3.12.2.1107.5.3.57.20200.11.201911070848450140.png,0.0335735,0.14800419,0.00026239,0.00068937,0.00086291,0.01186851,0.00059699,0.00143049,0.00084172,0.0190648,3.556e-05,0.00783508,2.521e-05,0.00065245,0.01711452,1.576e-05,0.0164231,0.00030696,4.468e-05
DX.1.2.392.200046.100.2.1.69131194618.191108083632.1.1.1.png,0.10219504,0.00019695,0.00066165,0.01119644,0.9378301,0.0081817,0.02557351,0.00602947,0.00118772,0.05665124,0.00046364,0.00159728,6.037e-05,4.356e-05,3.733e-05,0.00010959,0.02587531,0.00659688,0.00021974
5E04051261E8F62.png,0.01719965,0.00188627,0.00433765,0.0144395,0.14682886,0.0043667,0.14074588,0.02279437,0.00049608,0.0002762,0.00059507,6.188e-05,1.834e-05,0.00023899,9.02e-06,6.813e-05,0.0004272,0.07688456,0.00046765
DX.1.3.46.670589.26.802544.25.20191107.103142.307127.0.png,0.0001817,0.95971906,0.000105,0.04451246,0.00055484,0.9959872,0.00278101,0.68702126,0.00011405,0.8414167,0.00019462,0.00021659,0.00045081,6.907e-05,0.00517135,8.759e-05,0.5099447,0.00083151,7.062e-05
DX.1.2.392.200046.100.2.1.69131194618.191021145346.1.1.1.png,0.00079933,0.0025391,0.00126631,0.00130705,0.9723512,0.0004925,0.8561132,0.07830385,3.07e-05,0.02486996,0.0017273,0.05502512,3.926e-05,1.261e-05,0.00031336,0.0004886,0.00975895,0.00118325,3.325e-05
DX.1.2.840.113619.2.369.4.2147483647.1574057249.300578.png,0.03677426,0.00275293,0.5715106,0.00272491,0.02565431,0.00072345,0.00781775,0.00387484,0.00071074,3.129e-05,0.00018245,0.00136716,0.00138521,0.07278702,0.00022091,0.00824729,0.00069223,0.32214496,0.17161596
5DC260C926B8723.png,0.00014807,0.02603558,0.01121544,4.506e-05,0.11917974,0.00080222,0.01803248,0.00112398,9.63e-06,0.00020487,0.00255931,0.6669233,1.078e-05,0.0001488,0.00438881,0.00033307,0.02276496,0.00016369,4.59e-05
5E3E2D6C1820EDC.png,0.99103713,0.00038315,0.00853942,0.31103897,0.02838052,0.00014279,0.01691363,0.00360681,0.21381085,2.422e-05,0.00015497,0.00093657,4.171e-05,0.00107003,0.00057674,0.1543702,0.00105434,0.00549815,2.159e-05
5E22543324E81DF.png,0.00341528,0.706112,0.00059012,0.00480611,0.00110601,0.00250213,0.00153624,0.00022349,2.639e-05,0.00715064,0.00070916,0.01174648,1.384e-05,0.0007964,0.10917445,0.00025111,0.00381174,0.00049574,0.00019174
DX.1.2.392.200046.100.2.1.69131194618.191019101919.1.1.1.png,0.00093147,0.11564718,0.00025497,0.00053045,0.00424491,0.00057947,0.3221402,0.00020211,2.176e-05,0.00455318,0.00072184,0.00575931,7.449e-05,0.00022578,0.07078894,0.00042882,0.00500755,0.00215137,0.00017837
DX.1.2.00310985000339870520191023080451174546359.png,0.00898636,0.00137506,0.0015764,0.01285818,0.00134142,0.00093382,0.8086714,0.00014602,0.00017521,0.00056486,0.00023483,0.00100477,0.00010203,0.00279018,0.00117154,0.00101599,0.00416143,0.00148366,0.00437616
DX.1.2.840.113619.2.369.4.2147483647.1573025797.560580.png,0.22243658,0.00603377,0.00372817,0.19234174,0.00223812,0.00815267,0.0217294,0.00285793,0.00285078,0.00157423,0.00431923,0.01179456,0.00010507,0.00563496,6.364e-05,0.00120221,0.00375024,0.00012439,0.00453117
DX.1.2.840.113564.920101.20191105134817390300.1003000225002.png,0.00657926,0.00326516,0.00464964,0.00072631,0.64172465,1.703e-05,0.18476786,0.00030797,3.862e-05,0.00034746,0.00151566,0.09513477,1.191e-05,3.81e-05,0.00016395,0.00112348,0.00334764,0.00259019,9.666e-05
5BAADC0962C73E.png,0.9982323,0.00936009,0.8706177,0.99051875,0.9496007,0.42266777,0.04866299,0.9826854,0.9551211,1.575e-05,0.00066145,0.00069671,0.00122083,0.00024725,4.147e-05,0.01962808,0.0002572,0.00649286,0.00198962
DX.1.2.840.113564.920101.20191111150606468910.1003000225002.png,0.01728248,0.00629809,0.00069401,0.00067296,0.25041333,0.05862621,0.01729007,0.04986154,0.00153568,0.0116391,8.013e-05,0.02615731,2.773e-05,0.00050864,0.00020447,6.036e-05,0.09070622,0.0004866,2.093e-05
5C47B58D7E4F07.png,0.09073006,0.8853216,0.00022014,0.00467455,0.00019867,0.01072793,5.734e-05,0.01051778,0.0035727,1.707e-05,0.00125304,0.00166974,5.56e-05,0.00327313,0.24296357,0.00330481,0.00012043,2.661e-05,0.00038746
DX.1.2.840.113619.2.369.4.2147483647.1572237850.956593.png,5.968e-05,0.01405981,0.00017644,2.741e-05,0.00419464,0.00042124,0.4058326,0.00088507,3.45e-06,0.00018448,0.07954542,0.01627947,9.7e-06,7.99e-05,0.00344722,0.0003434,0.00357959,0.00029578,0.00037128
5D64EC6B4FB0E54.png,0.70503306,0.01082904,0.9993728,0.9343968,0.99406344,0.99486744,0.00025503,0.9017955,0.9552021,0.00108402,2.87e-06,0.00133231,0.00085539,0.00069614,2.235e-05,0.00024553,0.00209856,0.05734177,0.00037057
DX.1.2.840.113619.2.369.4.2147483647.1572831366.971410.png,0.01215752,0.0429979,0.00012725,0.00204313,0.01462062,0.00027044,0.01482804,0.00610251,2.618e-05,3.485e-05,0.01894434,0.00144582,7.43e-06,2.104e-05,0.0009796,0.01087816,0.00067203,0.0005456,7.98e-05
DX.1.2.392.200036.9125.4.0.487538315.2078631318.2795306561.png,0.0846205,0.00359824,0.41340017,0.06865123,0.9543954,0.00212354,0.1647422,0.01592616,0.00043201,0.0043255,0.00072786,0.00458013,0.00309855,0.0051949,0.00105167,0.03076857,0.00237415,0.27141064,0.03783024
CR.1.3.12.2.1107.5.3.57.30003.11.201911141335350328.png,0.00816455,0.00205421,0.01976106,0.00178683,0.8849002,0.00104191,0.31278425,0.00281592,0.00018595,0.01855465,0.00044831,0.17556292,0.00017737,0.00080176,2.944e-05,0.00022778,0.03431448,0.02587357,0.00012056
5DF086EE1920797.png,0.398472,0.25501263,0.00781952,0.15828247,0.67970216,0.8116744,0.02950376,0.9969752,0.00265624,0.02606928,8.197e-05,0.00055105,0.00130163,0.00015401,2.492e-05,0.00015998,0.00320251,0.00269733,0.0003593
DX.1.2.840.113619.2.369.4.2147483647.1572232663.913324.png,0.00309781,0.0534077,0.00043958,0.00019519,0.03206925,0.00047009,0.69620305,0.00909483,2.766e-05,0.00028931,0.00295864,0.0390678,2.49e-06,0.00049128,0.00052139,0.00011155,0.00702087,0.00068542,1.237e-05
5DFC65241588233.png,0.83973247,0.00012587,0.99396586,0.28580913,0.9995223,0.04277596,0.00573271,0.05743058,0.3811098,0.00073586,0.00019581,0.00291753,0.00052506,0.00079533,1.431e-05,0.00068038,0.00090912,0.36925912,0.00021063
DX.1.2.0031295100034305192019111209160380292984.png,0.01719509,0.0729337,0.00278542,0.00946134,0.00250895,0.01232389,0.5880024,0.02236962,0.00080633,0.00022039,7.555e-05,0.00034807,0.00026806,0.00475874,0.00488933,0.0033425,4.939e-05,0.00040711,0.00765196
CR.1.3.12.2.1107.5.3.57.20200.11.201911141510210968.png,0.81847656,0.0001463,0.95816344,0.10609085,0.8582153,0.56944907,0.01613899,0.01144434,0.28708386,0.00707361,4.534e-05,0.08139638,8.691e-05,0.00053271,0.000159,2.352e-05,0.00453082,0.00432192,3.489e-05
DX.1.2.840.113619.2.369.4.2147483647.1573438331.634667.png,0.83606184,0.00230376,0.00261257,0.14983833,0.37298843,0.00296936,0.15197025,0.39758003,0.00323968,1.791e-05,8.944e-05,0.00025667,5.266e-05,0.00029563,0.00020264,0.00070388,0.00011442,0.00267533,0.00022744
DX.1.2.0031501500034191192019110509071191975984.png,0.00013615,0.0012416,0.00338968,0.00041123,0.20720135,0.00283973,0.98813206,0.0003306,9.96e-06,0.20036072,0.00030677,0.3868612,0.00013702,0.00021322,0.00257429,0.00043907,0.00686273,0.00026681,0.00060932
CR.1.3.12.2.1107.5.3.57.20200.11.201910291042370062.png,0.9154712,0.00046873,0.97935486,0.00830292,0.06166634,0.82222086,0.00140839,0.00254368,0.8132781,0.00053439,1.779e-05,0.02597186,0.00033456,0.00089384,4.74e-06,6.647e-05,0.00359744,0.01411305,0.00040612
CR.1.3.12.2.1107.5.3.57.20200.11.201911041713060171.png,0.00049052,0.8624274,0.00119857,0.04772984,8.386e-05,0.9611276,0.00167853,0.00356995,0.00018292,0.9111348,1.194e-05,0.00323806,6.312e-05,0.00049919,0.01657582,4.929e-05,0.34941733,0.00055857,8.142e-05
DX.1.2.00289563000343958120191118093921600091578.png,3.365e-05,0.00042533,0.00033285,0.00012667,0.19549423,0.00137606,0.97940934,0.00048256,1.703e-05,0.28767976,0.00279568,0.33069342,0.00023456,0.00050969,0.00061763,0.00118393,0.06456363,0.00032251,0.00054688
DX.1.2.0031217200034082722019102911104699565843.png,0.00039418,0.00183351,0.00102828,0.00115459,0.8392754,0.00040377,0.99467504,0.01757146,3.95e-06,0.01744567,0.00028488,0.01652173,0.00010543,0.00011012,0.0006747,0.00185077,0.00290596,0.00512903,0.0005699
5DE9BCC14598196.png,0.9427928,0.1824502,0.00128421,0.11913475,0.029218,0.00099557,0.00150086,0.0059442,0.01647163,3.396e-05,0.00133684,0.00052593,6.56e-06,4.332e-05,0.00118116,0.00151168,9.141e-05,4.237e-05,4.196e-05
5DFF00DB52E009E.png,0.00813594,0.00115481,0.59114164,0.00029646,0.72247267,0.00733763,0.09116274,0.10959533,0.00518839,3.78e-05,0.00093285,0.03802136,8.17e-06,0.00017603,7.12e-06,4.527e-05,0.01193748,0.02003401,0.00013407
5E0FFA72547028D.png,0.05517074,0.00728502,0.00907706,0.03489072,0.03196153,0.00025198,0.03596806,0.00110235,6.93e-06,0.00188966,0.00020123,0.00164637,1.46e-05,3.754e-05,0.00070042,0.0081684,0.00044977,0.01077376,0.00014381
CR.1.2.156.600734.516764694.1648.1573099660.1268.0.1.png,0.04318638,0.07359858,0.47865367,0.00682076,0.02132577,0.0033755,8.318e-05,0.0231021,0.00120618,0.00011406,2.201e-05,0.2539204,7.524e-05,0.00029711,0.00170107,0.00337327,0.00013283,0.00043626,7.999e-05
DX.1.2.840.113619.2.369.4.2147483647.1573707782.483052.png,0.9802306,0.0035043,0.01174624,0.28600055,0.20599522,0.00602179,0.00041893,0.01057565,0.12466434,1.248e-05,0.00010055,0.00081295,1.252e-05,0.0005749,0.00050796,0.00306239,5.109e-05,0.0013004,6.384e-05
DX.1.2.0030978700033963182019102207501687271406.png,0.03454398,0.00016491,0.23616806,0.01006229,0.4758402,0.02268485,0.66634274,6.688e-05,0.00035775,0.03337258,7.83e-06,0.03261284,0.00019525,0.0005526,0.00014721,0.0001019,0.0136963,0.0099742,0.00066354
DX.1.2.840.113564.920101.20191111143252109290.1003000225002.png,0.9558296,0.18473072,0.0065897,0.9510064,0.03234764,0.04031582,0.00229267,0.727643,0.12621658,0.00053865,1.53e-05,0.00330495,2.48e-05,0.00033903,0.00021026,0.00251005,0.01317742,0.00176771,2.679e-05
DX.1.2.003089930003405872201910280847094549296.png,0.0025274,0.01012489,0.00542987,0.00054295,0.07813168,0.00039604,0.7703667,0.00714964,3.265e-05,0.0002834,0.00032287,0.00080358,6.111e-05,6.174e-05,0.00320329,0.00034847,7.225e-05,0.00272271,0.00131681
DX.1.3.46.670589.26.802544.25.20191118.111148.310232.0.png,0.42601725,0.00752753,0.00175781,0.0013991,0.00702505,0.00844997,0.00685027,0.0047188,0.00074063,0.0090547,0.35507196,0.00191669,5.662e-05,0.00075472,9.794e-05,0.0002759,0.01143796,0.00134018,0.00218858
DX.1.2.840.113619.2.369.4.2147483647.1573621996.196306.png,0.7217891,0.6518414,0.00021035,0.9515007,0.00163593,0.02484164,0.00089999,0.0172684,0.00160797,9.815e-05,0.00081148,0.00050135,2.837e-05,4.146e-05,0.01012629,0.02381569,0.0016869,0.00063001,6.392e-05
DX.1.2.0023759200034195052019110509474594410437.png,0.00715745,0.19979037,0.00087583,0.90841013,0.03723129,0.01273815,0.01287391,0.00941659,1.58e-06,0.41408572,0.00052057,0.0038694,0.00017146,5.775e-05,0.00282585,0.00815181,0.00869867,0.00043554,0.00048478
DX.1.2.0030957000033961422019102210203096285406.png,0.00013063,0.00205078,0.00035342,0.00097622,0.43774167,0.00255724,0.9959455,0.04974178,2.272e-05,0.05711956,0.00615858,0.0077148,7.88e-05,3.977e-05,0.00082471,0.00069049,0.00817024,0.000569,0.00061624
DX.1.2.392.200046.100.2.1.69131194618.191026091000.1.1.1.png,0.00024472,0.0181377,0.00092998,0.00030649,0.3986213,0.00104571,0.48818216,0.00256979,8.697e-05,0.01917906,0.00060514,0.03701866,1.583e-05,0.00015971,0.00229802,0.00042851,0.01604167,0.00213453,3.893e-05
DX.1.2.392.200036.9125.4.0.487585144.1508599190.2795306561.png,0.53562695,7.036e-05,0.00415046,0.00042309,0.06244264,2.55e-05,0.01809397,3.561e-05,0.00184254,1.926e-05,0.00029244,0.04998747,5.527e-05,0.00247097,0.00091026,0.00401555,0.00041859,0.00092566,0.00287939
DX.1.2.00291387000341546720191102080056174139218.png,0.0032979,0.00029419,0.00326223,0.00194678,0.0586217,0.00023193,0.98642,0.00015622,0.00010596,0.00092827,0.00032042,0.01456986,0.00013502,0.00086418,0.00116644,0.00185295,0.00046147,0.00218844,0.00177865
5E1FB7A236F0543.png,0.0017321,0.01754487,0.0003003,0.00039561,0.1275862,4.141e-05,0.28156838,0.01011489,8.194e-05,8.223e-05,0.08330696,0.00248742,5.28e-06,2.514e-05,0.00110057,0.00013691,0.00056878,0.00048242,0.00015196
CR.1.2.840.113564.199912075.2019101512195187736.1203801020003.png,0.81669223,0.0021452,0.00572479,0.00416584,0.19031785,0.00039856,0.00961769,0.02205247,0.00140683,0.00010895,0.00039295,0.00507258,1.264e-05,0.00064931,0.00051026,0.00011482,0.00095237,0.00108781,7.397e-05
5DC36B691ED825D.png,0.9988153,0.00071135,0.79088634,0.9698497,0.0387243,0.7103056,0.00062529,0.08812431,0.9954139,1.615e-05,0.00011216,0.00075426,7.33e-06,7.045e-05,1.122e-05,0.00093334,0.00015773,0.00057749,7.943e-05
CR.1.3.46.670589.26.602199.4.20191107.84720.334286.0.png,0.00511411,0.03493154,5.506e-05,0.0005946,0.00222131,0.00191307,0.01102923,0.009338,0.00227578,0.03059633,0.00052474,0.0017053,4.898e-05,6.461e-05,0.00295012,4.289e-05,0.02648887,1.384e-05,0.00013394
DX.1.2.840.113619.2.369.4.2147483647.1572239971.303036.png,0.01625668,0.09434339,4.45e-05,0.00551385,0.02189734,6.721e-05,0.05165268,0.00061183,1.428e-05,0.00036004,0.00419594,0.0024803,6.11e-06,2.292e-05,0.03752444,0.0025986,0.00097048,0.0001453,0.00028195
DX.1.3.46.670589.26.802544.25.20190911.85207.290767.0.png,0.00190932,0.00056724,0.00087677,0.00034442,0.20556007,0.00160631,0.79228574,0.09770516,4.84e-06,0.00985802,0.00371253,0.0314984,1.003e-05,0.00012148,4.172e-05,6.338e-05,0.01133365,0.00023025,0.00011695
5E24F2C35AE0B75.png,0.01093524,0.28430587,0.00051144,0.00105223,0.00056756,0.00111048,0.00166478,0.00015349,0.00042861,0.00020471,0.00167279,0.00144954,1.509e-05,0.0009064,0.44335228,0.00043224,0.00130189,0.0001911,0.00060551
DX.1.2.00311683000342313020191107085015263759765.png,0.11201154,0.27901372,0.00449325,0.02566341,0.00322045,0.00858049,0.00391618,0.08841146,0.00014126,0.00048493,1.211e-05,0.00109565,5.589e-05,0.00029737,0.00072308,0.0002608,0.00010606,0.00041306,0.00015671
DX.1.2.840.113564.920101.20191118095051156310.1003000225002.png,0.07333262,0.00276589,0.00314673,0.00110841,0.49698317,0.00113109,0.15667893,0.02212794,0.00025483,0.00046488,0.00068347,0.00259544,4.66e-06,2.389e-05,1.937e-05,0.00019282,0.00992222,0.00239842,1.966e-05
DX.1.3.46.670589.26.802544.25.20191028.140902.303848.0.png,0.00302969,0.01350394,0.00191654,0.11449461,0.0072712,0.6606931,0.00818688,0.01288288,0.00041667,0.19440918,0.00013462,0.0081719,0.00011642,0.00120777,0.00026013,9.606e-05,0.1538604,0.00315388,0.00012786
CR.1.3.12.2.1107.5.3.57.20200.11.201910211457310500.png,0.00026061,0.12323363,0.00057456,0.00042498,0.00140697,0.01356278,0.02182555,0.00620193,3.76e-06,0.03696012,0.00180748,0.00100718,3.066e-05,0.0001127,0.00176066,0.00040513,0.00173954,0.00182508,0.00043977
DX.1.3.46.670589.26.802544.25.20191104.133609.306167.0.png,0.14504147,0.01548894,0.02576362,0.16648898,0.16101664,0.95718753,0.02125023,0.8793875,0.01910407,0.0966616,5.092e-05,0.00873232,7.192e-05,0.0042678,4.06e-06,9.84e-06,0.3217392,0.0002935,1.343e-05
5E141D94257822E.png,0.93303096,0.01632411,0.00140228,0.10344733,0.00167451,0.00970005,0.00237265,0.00072751,0.06520604,3.827e-05,9.695e-05,0.00044269,1.849e-05,0.0001574,7.703e-05,0.00011767,0.00064023,0.00070549,3.091e-05
DX.1.2.840.113619.2.369.4.2147483647.1572932379.126151.png,0.03642895,0.8661699,0.0008306,0.4851873,0.00065396,0.46309507,0.00036032,0.02837971,0.0008381,0.01008671,6.49e-05,0.00093387,4.557e-05,0.0005255,0.00309186,0.00037434,0.01544899,8.396e-05,0.00015468
DX.1.2.840.113619.2.369.4.2147483647.1573619651.820516.png,0.00037644,0.026721,2.961e-05,3.924e-05,0.00370977,0.00313004,0.03029995,6.016e-05,7.09e-06,0.0117449,0.00095576,0.02831094,5.04e-06,6.979e-05,0.00061676,0.00010044,0.07947968,0.00062953,2.747e-05
5DDE270A3DFC1FA.png,0.08327345,0.00321158,0.05082384,0.02907486,0.01552222,0.00437226,0.03622135,0.00254955,0.00051473,5.218e-05,0.00012349,0.00261755,6.937e-05,0.09652872,0.00042361,0.00144661,0.00016781,0.22562943,0.00855352
5DC3C3E92CC47B4.png,0.29746768,0.0064276,0.02815886,0.00280209,0.03777384,0.00274802,0.00106526,0.00891071,0.0069844,0.00043889,0.00405215,0.00712852,5.89e-06,0.00022379,1.195e-05,0.00017234,0.01686622,0.0075792,0.00011793
DX.1.2.00317012000342646720191109075907433491953.png,0.00050776,0.00039325,0.00603635,0.0009504,0.05023801,0.00040771,0.83853346,0.0002417,5.25e-05,0.00305213,0.00136167,0.03071548,3.091e-05,0.00050307,0.00017094,0.00083459,0.00749679,0.00210303,0.00091058
DX.1.2.840.113564.920101.20191114112932734550.1003000225002.png,0.03900733,0.00274709,0.00935636,0.00189477,0.98643154,9.057e-05,0.6771528,0.02233537,0.00062226,0.00106327,0.00109853,0.07258881,4.768e-05,1.275e-05,0.00013954,0.00055663,0.00136083,0.00222606,4.831e-05
DX.1.2.00310952000339867620191023075524173978687.png,0.00057908,0.00073846,0.00088809,0.00034147,0.18236576,8.596e-05,0.9827322,0.00123331,2.91e-05,0.00268262,0.00696004,0.00428587,3.141e-05,4.365e-05,0.00056095,0.00096438,0.00045194,0.00172351,0.00075886
DX.1.2.840.113564.920101.20191113134242546660.1003000225002.png,0.00035517,0.01668577,0.00130347,0.00035092,0.5418578,0.00014403,0.21076176,0.00057216,1.413e-05,0.0037996,0.00158153,0.02330422,8.205e-05,1.396e-05,0.00042086,0.00040982,0.00089157,0.00691968,0.00014708
5B987EE21BB00D5.png,0.00533591,0.91751176,0.0012732,0.76912344,0.00216845,0.7523024,0.0002775,0.03899683,0.00019781,0.4395234,1.951e-05,0.00069528,3.555e-05,1.021e-05,0.02414847,0.00018938,0.03614647,0.00075505,9.61e-05
DX.1.3.46.670589.26.802544.25.20191105.101957.306477.0.png,0.00679009,0.32219565,0.00010033,0.0040557,0.00078319,0.00977564,0.00189222,0.01966554,8.371e-05,0.00059218,0.03478875,0.0006413,2.673e-05,0.00014418,0.00080464,0.00116596,0.00066507,0.00034443,0.00088955
DX.1.2.840.113619.2.369.4.2147483647.1573022187.3433.png,0.00023584,0.03009206,6.525e-05,1.477e-05,0.00421072,0.00032157,0.02771001,3.887e-05,4.35e-06,0.00173546,0.00840804,0.0063052,9.97e-06,1.908e-05,0.00238187,0.00070854,0.00126602,0.00068057,5.915e-05
5DA65F595980E85.png,0.00032852,0.04830625,0.00096323,0.00010721,0.02134496,0.0001494,0.2895692,0.006143,5.62e-06,0.00045151,0.00509258,0.01027869,3.387e-05,7.459e-05,0.00255629,0.00032947,0.00132447,0.00066541,0.00010773
5C469346530DD7.png,0.3079588,0.00014888,0.95258194,0.16298014,0.9994562,0.00802615,0.04657202,0.6259108,0.01770414,0.00017655,0.00013673,0.21106093,0.00032054,0.00026541,7.79e-06,0.00025284,0.00110845,0.14810541,8.293e-05
DX.1.2.392.200046.100.2.1.69131194618.191104150650.1.1.1.png,0.05860314,0.00069987,0.00072584,0.00071581,0.42686468,2.46e-05,0.51449555,9.707e-05,0.00013321,0.00011549,0.00388169,0.00461735,9.18e-06,0.00085323,0.00248445,0.00206274,0.00031309,0.00464987,0.0005031
DX.1.2.840.113619.2.369.4.2147483647.1572245455.292143.png,0.02449125,0.00098797,0.00042563,0.00034969,0.02418059,9.112e-05,0.01010376,0.00175347,4.364e-05,2.305e-05,0.00077828,0.00042197,5.08e-06,0.00036702,0.0022889,0.00075671,5.651e-05,0.00117853,0.00041443
5B3ACFFB194C711.png,0.00194974,0.03144952,0.00577388,0.00192223,0.96098,0.00199167,0.44355696,0.8443748,0.00015098,0.00052812,0.00018704,0.01729604,7.25e-06,1.787e-05,3.035e-05,0.0002355,0.00145014,0.00073279,2.656e-05
DX.1.2.840.113619.2.369.4.2147483647.1568184152.682977.png,0.17940351,0.00082542,0.00498841,0.01890948,0.06696948,0.00100749,0.23396882,0.0028417,0.00032879,0.00166443,0.00019105,0.00047261,0.00024235,0.0004767,0.00095172,0.00027438,0.00079593,0.00070714,0.00156377
DX.1.2.840.113619.2.369.4.2147483647.1573432606.575319.png,0.0007728,0.98796314,0.00018713,0.00804056,0.00028434,0.06959294,0.00398608,0.03166693,3.053e-05,0.0009861,0.00036029,0.00176211,5.033e-05,3.93e-05,0.00874857,0.00098288,0.00044245,0.00030035,0.00038296
DX.1.2.00311059000339876320191023095406181101437.png,0.01458742,0.00096612,0.00092202,0.00328738,0.01206615,0.00032427,0.95493174,0.00017658,9.487e-05,0.00028249,0.00053168,0.04153037,1.352e-05,0.00073203,0.00159125,0.01286164,0.0023561,0.00028057,0.00022215
DX.1.2.840.113619.2.369.4.2147483647.1573088398.302271.png,0.00241522,0.06468465,0.00017806,0.00039384,0.00094445,4.235e-05,0.02155205,0.00034659,4.63e-06,0.00018154,0.00724251,0.00742736,3.67e-06,0.00026831,0.01366811,0.00100014,0.00071966,8.153e-05,0.00020996
5B889D9E1F54876.png,0.00015182,0.05736145,1.074e-05,0.00046544,0.02468347,0.02144499,0.16162226,0.02919684,8.93e-06,0.10013495,0.00131552,0.00116346,7.89e-06,4.51e-06,0.00013255,7.426e-05,0.10710878,0.00083399,3.369e-05
DX.1.2.840.113619.2.369.4.2147483647.1573094204.659046.png,0.05143865,0.9018952,0.00064724,0.12710527,0.00250442,0.01334966,0.02774434,0.07663818,8.986e-05,0.003578,0.00040976,0.00279206,3.846e-05,0.00047747,0.00016008,0.00062598,0.00118019,0.00111756,4.317e-05
DX.1.2.840.113619.2.369.4.2147483647.1572236099.194904.png,0.9889746,0.0008845,0.5551376,0.21762563,0.0262121,0.04334286,0.00074323,0.00266997,0.7088377,3.858e-05,8.75e-06,0.00906919,1.443e-05,0.00175015,9.77e-06,0.00068722,0.00318423,0.00502175,3.006e-05
CR.1.3.12.2.1107.5.3.57.20200.11.201910211626260828.png,0.09811828,0.00049588,0.93580294,0.00901507,0.94499487,0.01349219,0.2000727,0.00354175,0.086531,0.00076922,2.04e-05,0.02656232,9.249e-05,0.00215547,6.125e-05,7.672e-05,0.00074049,0.01814554,0.00066349
5DBCCB42269CC6B.png,0.00495097,0.00020003,0.00112511,6.966e-05,0.20377623,1.425e-05,0.01015975,7.13e-06,0.00012434,0.00010224,0.01902688,0.09617314,6.15e-06,0.00023087,0.00033514,0.0006317,0.01365784,0.00188764,0.00024132
5BC42F8F1E7C03D.png,0.8089467,0.03086053,0.01808734,0.05353983,0.02346173,0.01811362,0.00826105,0.02345587,0.13003053,1.338e-05,0.000661,0.01074875,3.5e-06,4.029e-05,1.977e-05,0.00012979,0.00203676,0.00073316,2.224e-05
DX.1.2.840.113619.2.369.4.2147483647.1572932437.285389.png,0.01934608,0.05192117,0.00031342,0.0025146,0.40749037,0.0345033,0.8795844,0.99466175,0.00060459,0.00405165,3.964e-05,0.00170219,7.993e-05,6.154e-05,5.376e-05,0.00026847,0.00554058,0.00102809,6.267e-05
DX.1.2.003117720003416891201911040848134437859.png,0.66554415,0.00072783,0.6953775,0.02439356,0.50148976,0.00084172,0.20106839,0.00030696,0.00485367,0.0001743,8.67e-06,0.09027011,0.00021636,0.00154252,1.675e-05,0.00181119,0.00014541,0.01924558,0.00150663
5D14146F1EECCB0.png,0.48548093,0.0004235,0.9990852,0.1074684,0.96098906,0.01093883,0.00228018,0.00255969,0.64087343,0.0001792,9.508e-05,0.00120308,4.451e-05,0.00034339,1.249e-05,0.00062492,0.00039638,0.6089647,0.00062504
DX.1.2.840.113619.2.369.4.2147483647.1572237814.227474.png,0.0069662,0.9476884,0.00011708,0.27778658,0.0012923,0.00310135,0.00413247,0.01815817,1.3e-05,0.00461541,2.335e-05,0.00774177,7.021e-05,0.00031664,0.0152757,0.00201716,0.01009452,0.00020819,0.00030833
DX.1.2.840.113619.2.369.4.2147483647.1573631917.652635.png,0.00633109,0.00795002,0.00015341,0.00408132,0.09668641,0.00060253,0.01025668,0.03841608,0.00015862,7.77e-05,0.00202894,0.00042929,0.00015013,0.00045569,0.00022053,0.00193333,0.00012903,0.00538572,0.00037053
5DC0CF5B5B9CB3E.png,0.00718941,0.00678537,2.998e-05,0.00886808,0.1755195,0.00040682,0.07907398,0.01011875,0.00026875,0.00022181,0.01605383,0.00046743,6.41e-06,9.61e-06,0.00015893,0.00030231,0.0060787,0.00070927,7.236e-05
5E2105CCEEC369.png,0.81080115,0.5555192,0.00879603,0.06699836,0.00072882,0.7356064,0.00294835,0.01333391,0.14788872,0.00145135,1.002e-05,0.00190777,0.00053071,0.00136973,0.00076086,0.00015125,0.25300395,0.00016445,0.00052654
DX.1.2.392.200046.100.2.1.69131194618.191112095125.1.1.1.png,0.03064638,0.00423508,0.00032425,0.01450564,0.9738674,0.00128449,0.08138274,0.01805366,4.611e-05,0.22320595,0.00030127,0.02990207,5.601e-05,0.00015494,0.00112814,0.00154743,0.02100625,0.00199232,8.795e-05
5B319A8B1ED82F3.png,0.40928373,0.00208624,2.444e-05,0.00130494,0.00894578,0.00166048,0.14536868,0.00423071,0.00695843,0.01040828,0.00046141,0.00635701,2.883e-05,0.00019738,5.634e-05,1.8e-05,0.3375471,6.078e-05,3.955e-05
5DC4C1658640B6.png,0.929192,0.13976823,0.5990221,0.9950009,0.95399773,0.06567353,0.00059626,0.9645977,0.04083023,0.00169251,6.218e-05,0.00090438,0.00052036,0.00061323,3.054e-05,0.00026495,0.00018942,0.00280371,0.00078486
DX.1.2.0030951300033961002019102207522487399468.png,0.00011592,0.00329845,0.00042217,0.00019947,0.01024443,0.00048294,0.6690514,0.0001386,1.802e-05,0.08063261,0.02607348,0.03630746,0.000259,0.00039181,0.04743493,0.00085517,0.04196444,0.00051953,0.00173966
5DCCA42110E4370.png,0.7441514,0.00116577,0.00609013,0.01967616,0.21466845,0.00083677,0.00723759,0.00480905,0.00148561,5.23e-05,0.00012493,0.00329273,7.25e-06,0.00027682,2.844e-05,0.00043137,0.01278889,0.00272685,9.713e-05
DX.1.2.00310918000339865420191023094902180796765.png,0.00057246,0.00474672,0.00026338,2.626e-05,0.14626656,5.914e-05,0.994727,0.00483853,2.54e-05,0.00496489,0.00288465,0.041999,4.242e-05,0.00011105,0.00027526,0.00010872,0.02656729,0.00117029,0.00012592
5B372FEF1DF4126.png,0.02405026,0.86500776,0.00028865,0.00115877,0.00066528,0.00425385,0.00220479,0.00182007,6.096e-05,0.00137738,0.00034439,0.00562675,2.217e-05,0.00043226,0.00828738,0.00114237,0.00144053,0.00160858,7.812e-05
DX.1.2.840.113619.2.369.4.2147483647.1573454260.843374.png,0.02675624,0.02367494,0.00383272,0.00052096,0.0028264,0.00034733,0.01117654,2.739e-05,0.00010696,0.00017822,0.00087716,0.0479401,1.14e-06,0.00052501,0.00194305,0.00044702,0.00146973,7.962e-05,3.956e-05
DX.1.2.840.113619.2.369.4.2147483647.1573433560.100151.png,0.77309096,0.05431628,0.00486559,0.2660503,0.00469933,0.00133348,4.052e-05,0.00464198,0.00063727,0.00595429,7.5e-06,0.00602219,3.16e-05,0.00295272,0.00307039,0.00107669,0.01408324,0.00096398,8.57e-05
CR.1.2.840.113564.199912075.2019101910144247638.1203801020003.png,0.02511579,0.07908266,0.00547893,0.00913745,0.06445076,0.00132306,0.05581302,0.00394886,0.0006591,0.01439232,0.01079463,0.00621244,0.00061173,0.00160286,0.00277896,0.01576252,0.00687884,0.01504114,0.00292578
DX.1.2.392.200046.100.2.1.69131194618.191116204901.1.1.1.png,0.15951496,0.00144561,0.00213054,0.00072367,0.9860368,7.64e-06,0.12558857,0.00867448,0.00079029,0.00047315,4.232e-05,0.01278031,1.667e-05,4.118e-05,9.634e-05,0.00044844,0.00039048,0.00574082,0.00019474
DX.1.2.00295076000340076320191024081528261583359.png,0.9107107,0.01109179,0.05488586,0.5019641,0.02348412,0.00302127,0.20101099,0.04504578,0.00391861,1.667e-05,7.57e-06,0.00780912,2.711e-05,0.00047153,0.00217804,0.0202122,4.397e-05,0.00031372,0.00035953
5DBCDCDABDCE94.png,0.91589093,0.00467225,0.91764,0.73989826,0.8695165,0.9458017,0.03861611,0.9682492,0.2547703,2.526e-05,0.0001355,0.00562309,0.00028703,0.01754727,1.399e-05,9.916e-05,0.00173237,0.01575162,0.00464279
DX.1.2.840.113619.2.369.4.2147483647.1573625240.525570.png,0.02125207,0.11524794,0.00026742,0.00264163,0.00010304,0.01229587,0.0002803,1.442e-05,0.00055176,0.00677081,0.00012577,0.01676578,6.46e-06,0.00045865,0.01205332,0.00158398,0.06202093,0.00016156,2.663e-05
DX.1.2.840.113619.2.369.4.2147483647.1574056409.938353.png,0.35221583,0.91897106,0.0039705,0.22714978,0.0024219,0.0020323,5.939e-05,0.00564828,8.431e-05,0.0001604,1.496e-05,0.00316032,3.036e-05,0.00047103,0.09122026,0.0004898,0.00095507,0.00063424,0.00015864
DX.1.2.840.113619.2.369.4.2147483647.1573432953.436607.png,0.00396243,0.00131479,0.00267556,0.00019351,0.14243433,0.0001478,0.73531365,0.00561223,2.92e-05,7.19e-05,0.00197716,0.01323573,3.647e-05,9.121e-05,0.00019884,0.00056677,0.0004686,0.00400782,9.438e-05
5CF0794D1D5451B.png,0.9982649,0.02470209,0.08017538,0.2821971,0.03791629,0.55885226,0.000256,0.01663196,0.8059394,2.733e-05,0.00059298,0.004155,7.418e-05,0.00037867,0.00013271,0.00018231,0.0007737,0.00055852,5.478e-05
5DCCC8C955A478F.png,0.2863119,0.00126435,0.00210944,0.00280612,0.01264855,0.00268249,0.00430405,0.00850681,0.00617143,2.144e-05,0.00373624,0.00479387,1.406e-05,0.00076557,7.068e-05,0.00117501,0.00527728,0.00025076,6.022e-05
5DE7740B46C07F0.png,0.06947674,0.0004979,0.00977806,0.00012511,0.01469664,9.385e-05,0.0204039,1.913e-05,0.00011157,0.00041521,0.00066783,0.14363132,0.0001341,0.00266743,0.00038393,0.02105574,0.00351605,0.00012285,0.00030703
DX.1.2.392.200046.100.2.1.69131194618.191026102856.1.1.1.png,0.01870154,0.33564055,0.02240947,0.00327438,0.01399484,0.00025633,0.01813744,0.01685209,6.679e-05,0.00011501,1.06e-05,0.00220385,1.704e-05,0.00205861,0.05742695,0.00181227,0.0001416,0.00044924,0.00146117
DX.1.2.00311060000339876420191023095515181170062.png,0.0001556,0.0017515,0.0003091,0.00024935,0.41177267,0.00164952,0.98007286,0.00211057,1.92e-06,0.1012572,0.0010447,0.1373378,0.00016833,0.00037959,0.00046916,0.00060811,0.05472117,0.00032996,0.00047524
5D0C32E31FA8307.png,0.04005648,0.9229401,0.06024156,0.5087294,0.0035372,0.1434525,0.00014504,0.0690251,0.00379683,0.00010172,2.813e-05,0.00056742,6.557e-05,0.00028916,0.00839479,0.00212237,7.92e-05,0.00069848,0.00179616
DX.1.2.392.200046.100.2.1.69131194618.191114133234.2.1.1.png,0.00080316,0.00041954,0.00038695,0.00041045,0.8087679,6.888e-05,0.3417541,0.00083849,5.01e-06,0.00242048,0.01681707,0.0107593,9.72e-06,5.607e-05,0.00158042,0.00108988,0.00058556,0.01276678,0.00033977
5CE63CEB1F24D33.png,0.00266225,0.04524396,0.0008344,0.00142267,0.45061484,0.01254878,0.57013434,0.9004486,0.00013672,0.0309192,0.00022097,0.00503182,9.504e-05,5.388e-05,0.00024322,3.054e-05,0.20106934,0.00033178,6.86e-05
5C19917044089F.png,0.00254475,0.0443669,0.00021843,0.0008377,0.00026468,0.0751887,0.05534768,0.00011707,0.0002233,0.0457457,0.00208739,0.01236435,2.315e-05,0.00100159,0.00217273,0.00251678,0.07640416,0.00027853,0.00017416
CR.1.2.156.600734.516764694.1648.1573347178.1431.0.1.png,0.00180326,0.00028875,0.762571,0.00016507,0.9783448,8.514e-05,0.43772787,0.00706656,0.00038063,0.0001007,0.00023141,0.60980535,0.00018111,9.415e-05,0.00026482,0.0003698,0.00053918,0.00153189,0.00040645
5E1E65D55364FA6.png,1.122e-05,0.01771861,3.319e-05,1.457e-05,0.01222499,0.02635964,0.15394163,0.00316695,4.18e-06,0.27382627,0.00292136,0.01681932,5.93e-06,9.331e-05,0.00145455,0.00015089,0.09751605,0.00046679,4.243e-05
DX.1.2.00306276000340082320191024083221262595984.png,0.01215569,0.00714884,0.00018123,0.00023143,0.00165135,0.0002733,0.95948976,0.00031994,0.00022988,0.00016084,0.00037026,0.00060241,3.22e-06,0.00025833,0.0002919,0.00027759,9.804e-05,0.00516217,0.00050671
DX.1.2.002923760003412092201910310814262149406.png,0.00093916,0.00114638,0.00432053,0.00179217,0.2565877,0.00186295,0.6837376,0.00067197,3.001e-05,0.03389044,0.00013248,0.06237972,0.00013235,0.0002822,0.00034909,0.00101208,0.00221418,0.00043338,0.00018261
DX.1.3.46.670589.26.802544.25.20191106.80423.306679.0.png,0.11664188,0.00231405,0.00010991,0.00183952,0.00364988,0.0005457,0.10925836,0.01959177,0.00018409,0.00138129,0.11178186,0.00037978,0.00014572,0.00087767,0.00243328,0.00581843,0.00205572,0.00021687,0.00789418
DX.1.2.840.113619.2.369.4.2147483647.1568161248.441730.png,0.0987346,0.928112,0.00097673,0.05235792,0.00025126,0.0516015,0.00341435,0.308577,0.00600587,0.00041065,1.882e-05,0.00178902,0.00030644,0.00076541,0.00390837,0.000371,0.0008811,0.00016237,0.00067787
DX.1.2.840.113619.2.369.4.2147483647.1573698694.925932.png,0.48397875,0.0420177,0.00243248,0.08268718,0.00015916,0.00320166,0.02898989,0.00613352,0.0046774,2.8e-06,0.00047421,0.00039386,3.99e-06,0.00223505,0.00854552,0.00092338,0.0009831,0.00037363,0.00035311
DX.1.2.0031320100034140552019110108435490316843.png,0.00619201,0.00097905,0.00078751,0.00744483,0.10113309,0.00395631,0.9190625,0.00102122,6.19e-05,0.06209874,3.917e-05,0.01388936,0.00013382,0.00085048,0.00013365,0.00206382,0.0038684,0.00037404,0.00040154
DX.1.2.840.113564.920101.20191112095938203330.1003000225002.png,0.01767539,0.00162515,0.0005513,0.00042419,0.16909142,0.00172227,0.20379359,0.00044621,0.00011848,0.02164944,0.000182,0.37895873,4.731e-05,0.00019064,1.017e-05,6.738e-05,0.41798496,0.00069575,2.226e-05
DX.1.2.840.113564.920101.20191112091332703780.1003000225002.png,0.82467777,0.00332801,0.25435317,0.00049125,0.01360398,0.03094682,0.00234411,0.00428523,0.6964925,8.15e-06,0.00024051,0.00681178,2.729e-05,0.00086562,4.82e-06,0.00018182,0.00070283,0.00428396,4.947e-05
DX.1.2.0030953800033961222019102207591187806000.png,0.00016967,0.00344081,3.686e-05,0.00014785,0.00157859,0.00046683,0.8668595,0.00155435,2.328e-05,0.01910233,0.01400071,0.00143726,5.773e-05,0.00056615,0.00557722,0.00143826,0.01016542,0.00042877,0.00188643
CR.1.2.156.600734.516764694.1648.1573439612.1569.0.1.png,0.00426742,9.831e-05,0.0065531,0.00034452,0.03210439,8.83e-06,0.02679604,4.099e-05,4.556e-05,0.00011551,0.0065375,0.01547424,3.126e-05,0.00062943,0.00191544,0.00865798,0.00048878,0.00060002,0.00041832
CR.1.3.12.2.1107.5.3.57.20200.11.201910241051550500.png,0.2536109,0.00230574,0.91281635,0.00146364,0.00335039,0.33429685,0.00038852,7.854e-05,0.47666857,0.16661023,8.91e-06,0.25805414,0.00058792,0.0394648,5.316e-05,1.79e-05,0.91486734,0.0008036,0.00039346
DX.1.2.392.200046.100.14.391064108311542535728747178961641749441.png,0.72363806,7.436e-05,0.9983613,0.8380882,0.35339057,0.05428864,0.02537168,0.0514026,0.27813092,9.855e-05,1.165e-05,0.00172629,0.00069926,0.03858074,5.167e-05,0.01693477,0.01997425,0.10504347,0.03118604
DX.1.2.392.200036.9125.4.0.487563380.1360029078.2795306561.png,0.05358198,0.00213503,0.9927636,0.03851091,0.5984304,0.00277322,0.00511537,7.487e-05,0.00219017,0.0001484,0.00030811,0.04766624,0.00016137,0.00528982,0.00086008,0.07508016,0.00014148,0.05942914,0.18356462
DX.1.3.46.670589.26.802544.25.20191105.111036.306519.0.png,0.00624412,0.00025333,0.00033591,0.00026058,0.00774396,0.00061999,0.2790009,0.00298711,5.117e-05,0.00419532,0.04116056,0.00279122,7.989e-05,0.00038565,0.00044681,0.00575648,0.00125557,6.349e-05,0.00056593
CR.1.2.156.600734.516764694.533640.1571620398.59.0.1.png,0.00236208,0.0006953,0.1733148,0.00215926,0.721787,9.01e-06,0.01595464,0.00169849,1.8e-05,0.0002106,0.00317303,0.11477014,2.324e-05,1.351e-05,0.00274364,0.00150995,4.091e-05,0.00159672,0.00061361
DX.1.3.46.670589.26.802544.25.20191107.155231.307304.0.png,0.7292896,0.06123986,0.10196237,0.42860925,0.01234085,0.97624725,0.00093742,0.9249233,0.7518048,0.00331401,0.00114912,0.0001484,4.88e-05,0.00045331,6.023e-05,1.394e-05,0.00010339,0.00016598,0.00055797
DX.1.2.840.113619.2.369.4.2147483647.1572235901.516615.png,0.07725184,0.8924472,0.04254918,0.7545733,0.05088732,0.26075906,0.00078796,0.3221347,0.00184133,0.00222825,2.292e-05,0.00035398,0.00015952,0.00022439,0.11378229,0.00229488,0.00011768,0.00078687,0.0021349
DX.1.2.392.200036.9125.4.0.487571313.969500054.2795306561.png,0.37653035,0.01135696,0.9993629,0.02720022,0.7594959,0.03449082,0.04468548,0.00016683,0.002221,0.00011689,4.194e-05,0.009953,0.00015019,0.0733487,0.00081186,0.00504774,0.00026484,0.1592289,0.2418412
5E0961C42CE0150.png,0.0001051,0.03110552,0.00034129,1.612e-05,0.04335134,0.00018437,0.0284378,0.00033342,5.01e-06,0.00037849,0.01088535,0.00694529,6.27e-06,1.05e-05,0.00624684,5.884e-05,0.00410623,0.00016377,2.033e-05
DX.1.2.392.200046.100.2.1.69131194618.191117112353.1.1.1.png,0.00605272,0.0021955,0.00206592,0.00068415,0.43955433,6.059e-05,0.6800168,0.00400011,0.00012959,0.00031407,0.00182007,0.00745497,2.261e-05,0.00010164,0.00043172,0.00101456,0.00028514,0.00461468,5.837e-05
5B4D415E7707E1.png,0.99958223,0.00058385,0.8689897,0.41619593,0.32102025,0.8880548,0.0012723,0.53925836,0.96999115,0.00031163,1.657e-05,0.01153665,8.003e-05,0.00635752,1.032e-05,0.00031297,0.01374777,0.00137769,0.00104913
CR.1.3.12.2.1107.5.3.57.20200.11.201911111059380312.png,0.00042544,0.00053152,0.01008667,6.35e-05,0.87433577,0.0002311,0.78053623,0.00156977,0.0003076,0.00128965,0.0001622,0.01124898,3.345e-05,0.00034905,4.961e-05,5.881e-05,0.00470576,0.00574289,0.00055913
5BB6B7941DB0937.png,0.00221802,0.03515836,0.13301228,0.00305524,0.5107843,0.00027795,0.15882415,0.00535033,0.0002165,0.00210107,0.00037542,0.05860908,1.416e-05,0.00032197,0.00034723,0.00025497,0.00108478,0.01019521,0.00013996
DX.1.2.00308038000343404820191114083252250502296.png,0.95072067,0.03920191,0.1148846,0.89606774,0.740135,0.20427515,0.32033587,0.70978653,0.02535474,0.00703635,8.567e-05,0.01741196,0.00059816,6.58e-05,0.00012224,0.00120098,0.00048051,0.00155851,0.00013164
DX.1.2.00310898000339863620191023094120180335656.png,0.00012499,0.00159769,0.00174953,1.493e-05,0.11064949,6.503e-05,0.9426454,0.00049935,4.67e-06,0.00245282,0.01110827,0.01649254,8.33e-06,0.00034279,0.0035267,0.00048642,0.0007438,0.00016198,0.00095466
DX.1.2.840.113619.2.369.4.2147483647.1572232491.838042.png,0.01098378,0.90921456,0.0002187,0.0022126,0.00013451,0.00523656,0.00144901,0.01424554,1.628e-05,0.00070025,5.177e-05,0.00344363,9.46e-06,8.083e-05,0.21165198,0.00031573,0.00169619,0.0001947,0.00013133
DX.1.2.0030711700033889832019101709254985362765.png,0.10769539,0.00010072,0.00784368,0.04655595,0.15015157,0.00505948,0.66512984,3.464e-05,0.00059673,0.03275975,0.00013122,0.3535688,5.754e-05,0.00172751,0.00016814,0.00242949,0.00361896,0.00025173,0.0004986
DX.1.3.46.670589.26.802544.25.20191106.133055.306872.0.png,8.839e-05,0.02012974,0.00166154,0.00013179,0.60849506,0.00227969,0.3480675,0.45059103,4.731e-05,0.00723778,0.00240624,0.01669463,2.382e-05,4.665e-05,1.533e-05,3.642e-05,0.00334863,0.00022798,0.0001222
DX.1.2.840.113619.2.369.4.2147483647.1572238520.535686.png,0.01727856,0.01553918,0.0001232,0.01802567,0.10969493,0.00051348,0.24832007,0.06672768,0.00016981,0.00096307,0.00096033,0.00255431,1.3e-05,4.454e-05,0.00025274,0.00438122,0.00094528,0.00076384,9.599e-05
5DD3355B30C4A9F.png,0.974892,0.07017856,0.7086906,0.3133804,0.00284318,0.17355332,0.00046313,0.01179058,0.4547442,3.356e-05,0.00028701,0.00444227,3.11e-05,0.01074833,0.00461874,0.00040896,0.0003059,0.00047517,0.00550719
DX.1.2.392.200046.100.2.1.69131194618.191105084932.1.1.1.png,0.67757446,0.00079777,0.18867576,0.00081608,0.9983576,0.00020812,0.16260675,0.13900685,0.00293142,0.00058485,2.151e-05,0.04772758,0.000211,0.00158724,5.163e-05,0.00015983,0.00083799,0.09511796,0.00170667
DX.1.2.392.200046.100.2.1.69131194618.191107160540.2.1.1.png,0.4757748,0.00795679,0.00015025,0.00885375,0.78800535,0.00018746,0.17682122,0.02223432,8.172e-05,0.00070255,0.00011901,0.00178607,1.161e-05,0.00015961,0.00032498,0.00243167,0.00123781,0.00202743,4.84e-05
5E26FADF3FF8421.png,0.7928298,0.00552172,0.05327479,0.0058513,0.07704573,0.00014768,0.00752796,0.00222021,0.5086012,0.00023386,0.00322251,0.00313212,0.00316102,0.00130621,0.0002396,0.01903708,0.00016738,0.0004563,0.00593673
5E02B8E95A4C46F.png,0.10843313,0.64007777,0.00150076,0.03304272,0.00244842,0.00853594,0.00013014,0.01590376,0.00196787,2.215e-05,0.00024783,0.00035598,0.00011471,0.00044555,0.0789719,0.0010577,8.813e-05,0.00021127,0.00063559
DX.1.2.0030966200033962152019102209454694201343.png,0.00111868,0.0012889,0.00592956,0.00021074,0.6403974,0.00021121,0.7442636,0.0139692,6.685e-05,0.004197,0.00072149,0.0502801,2.649e-05,5.657e-05,0.0001022,0.00011179,0.0036246,0.00051354,0.0001661
5D074DEF1234878.png,0.6727532,0.03043766,0.36791125,0.41115245,0.03978619,0.58734417,0.0004941,0.7141453,0.15139055,0.00019435,1.513e-05,0.00099815,0.0005148,0.00161202,4.586e-05,7.382e-05,0.00017143,0.00143531,0.00380588
DX.1.2.00308809000340373420191114081050249180546.png,0.010738,0.00376451,0.02965437,0.00474315,0.21359944,0.00482618,0.9069801,0.00052782,0.00026185,0.00768404,7.654e-05,0.16396976,5.003e-05,0.00022113,7.597e-05,0.00042795,0.00532779,0.00011595,0.00026229
5DF83FF35620A07.png,0.86183065,0.8064311,0.00784694,0.43481416,0.00384876,0.5394488,5.024e-05,0.02391895,0.2038148,0.00023513,6.076e-05,0.00011783,0.00058298,0.00037643,0.01786859,0.00018607,0.0009095,0.00039212,0.0006158
DX.1.2.0030962100033961872019102208083288366890.png,2.151e-05,0.0818632,1.206e-05,0.00144573,0.0123454,0.02489939,0.6951017,0.04053762,1.266e-05,0.1283057,0.00140754,0.00143788,1.638e-05,4.876e-05,0.00103243,0.00379694,0.03421162,0.00261047,0.00011559
DX.1.3.46.670589.26.802544.25.20191112.114631.308451.0.png,0.42600515,0.04036564,0.9480994,0.15936995,0.00038648,0.77112186,0.02755157,0.41095856,0.1660985,0.00232262,0.00019151,0.00471904,0.00282367,0.01240626,2.978e-05,2.625e-05,0.00053767,0.00031974,0.00542109
DX.1.2.840.113619.2.369.4.2147483647.1572844604.392992.png,0.10301696,0.01155564,0.00128984,0.00025439,0.00318263,0.00084979,0.04766276,0.00076589,0.00054286,0.00127365,0.00015129,0.06309981,1.77e-06,0.00043234,0.00066179,0.0004074,0.02077663,3.431e-05,1.512e-05
DX.1.3.46.670589.26.802544.25.20191105.143534.306608.0.png,0.11180024,0.04866009,0.2376912,0.02057238,0.26294008,0.74448186,0.04013236,0.74847937,0.06335066,0.00136895,0.00013293,0.00032105,0.00152766,0.00193941,9.617e-05,0.00016204,0.00011686,0.00202854,0.00276376
DX.1.2.0031196200034080912019102909361393893500.png,0.00016454,0.00030758,0.01261419,0.00017307,0.2658787,0.00052453,0.95816773,0.0002637,5.79e-06,0.00421227,0.00062861,0.36347947,9.679e-05,0.00039817,0.00018579,0.00091332,0.00158248,0.00024215,0.00106469
DX.1.2.840.113564.920101.20191106141242312520.1003000225002.png,0.00288463,0.03406446,0.00027255,0.00036436,0.0750627,0.00096122,0.2617182,0.00391209,1.561e-05,0.01073425,0.00042523,0.01591537,1.321e-05,6.925e-05,9.813e-05,0.00072814,0.02159877,0.0008934,3.064e-05
DX.1.2.840.113619.2.369.4.2147483647.1568160897.996252.png,0.03358906,0.08534343,0.00025106,0.00463408,0.03149584,0.00795586,0.05230817,0.00366659,0.00015181,0.0412698,0.00010307,0.13667357,1.51e-06,2.364e-05,0.00021353,4.624e-05,0.08491252,0.00028007,2.15e-06
CR.1.3.46.670589.26.602199.4.20191113.80213.334433.0.png,0.9981029,0.01116715,0.0037091,0.9242356,0.19755039,0.49685568,0.00089997,0.4347034,0.3011023,0.06072742,0.00026718,0.0005378,0.00013839,0.00102782,7.87e-06,7.633e-05,0.01599509,0.00045604,0.00121546
5CA54C6A182080F.png,0.63436586,0.0002744,0.09466656,0.0290556,0.5352722,0.00019826,0.05451862,0.02022821,0.00140125,1.669e-05,0.00027841,0.00076912,8.484e-05,0.00021404,4.928e-05,0.03050329,7.899e-05,0.00219892,0.00070007
CR.1.3.46.670589.26.602199.4.20191107.85415.334288.0.png,0.4406449,0.00179193,0.00396419,0.0746688,0.28751597,0.0565724,0.00258942,0.00724705,0.00785965,0.03390092,6.746e-05,0.00206801,1.364e-05,0.00058667,3.98e-05,9.085e-05,0.1999127,0.01153463,7.337e-05
DX.1.2.840.113564.920101.20191112082648578400.1003000225002.png,0.41659743,0.01125799,0.02245622,0.01669116,0.351703,0.00896307,0.00838052,0.01341402,0.00341798,0.00182373,0.00031322,0.02624749,3.116e-05,0.00031159,7.42e-06,2.176e-05,0.02052772,0.02035599,6.878e-05
DX.1.2.0028906500034001992019110108000487687625.png,0.01500781,0.00767641,0.00307226,0.03915978,0.00659868,0.04469256,0.27496293,0.00046651,0.00077118,0.05388492,4.522e-05,0.0102061,7.59e-05,0.00016563,0.00137613,0.00423192,0.00179291,0.00026258,0.00010816
DX.1.2.840.113619.2.369.4.2147483647.1574037988.29026.png,0.8700306,0.00599349,0.1909786,0.0182217,0.138623,0.00014782,0.03232854,0.0101863,0.001677,1.079e-05,3.925e-05,0.00079029,5.761e-05,0.00032516,0.00030676,0.00140591,0.00010828,0.02056731,0.00268818
CR.1.3.46.670589.26.602199.4.20191118.94619.334506.0.png,0.01744025,0.02604187,3.486e-05,0.03268939,0.00516669,0.09144839,0.0040053,0.00417963,0.00065955,0.37567565,0.00069879,0.00177874,8.51e-06,4.84e-06,0.00036612,5.416e-05,0.32342666,0.00034233,3.212e-05
DX.1.2.00220275000340296220191025093348352683046.png,0.09151362,0.02322407,0.0275598,0.00193,0.03114203,0.00031228,0.5178571,0.0171384,6.224e-05,0.00017868,0.00016772,0.0018059,6.905e-05,0.00028178,0.00234308,0.00197365,1.296e-05,0.00025926,0.00254685
CR.1.3.12.2.1107.5.3.57.20200.11.201911111715060062.png,0.1385891,0.00668958,0.05924035,9.728e-05,0.14086586,0.00065597,0.04819032,0.00336084,0.0012609,0.0007049,5.52e-05,0.00944657,6.79e-05,0.01364407,0.0001197,9.316e-05,0.00209972,0.00145411,0.01094916
DX.1.2.0031215500034082562019102910370497543687.png,2.512e-05,0.00060875,4.901e-05,0.00035923,0.23834395,0.00885917,0.9921368,0.00158797,4.48e-06,0.28806344,0.0004335,0.0474606,6.33e-05,0.00033332,0.00062013,0.00046234,0.20415078,0.0009862,0.00045873
DX.1.2.392.200036.9125.4.0.487558286.1975477654.2795306561.png,0.01380326,0.00180145,0.05021431,0.00262299,0.10326695,9.625e-05,0.0087984,4.843e-05,3.602e-05,0.00031181,7.211e-05,0.04967632,9.581e-05,0.00593271,0.00060788,0.00208274,0.00417563,0.00360376,0.01454026
DX.1.3.46.670589.26.802544.25.20191112.151546.308554.0.png,0.0242419,0.03753518,0.00038249,0.0021266,0.00998796,0.00619278,0.00638169,0.00160029,0.00108132,0.02753833,0.00541242,0.0718363,9.851e-05,0.00541955,0.00020517,0.00010836,0.07926652,0.00105158,0.000323
DX.1.2.00315399000342475820191108080118347223187.png,0.99326295,0.00745932,0.16466856,0.98555714,0.13846558,0.18502958,0.00764602,0.01621469,0.5046913,0.00046875,1.03e-05,0.00085517,7.012e-05,4.765e-05,0.00026248,0.00308442,0.00085036,0.00086771,0.00015191
5B3A25BCAD0E7C.png,0.99926734,0.00058274,0.9782434,0.9845994,0.8799902,0.01632555,0.00174298,0.01021298,0.8670067,2.619e-05,0.0004036,0.04395686,0.00259883,0.00843531,8.54e-06,0.7604054,7.563e-05,0.00204141,0.04373722
CR.1.2.156.600734.516764694.1648.1572839697.1042.0.3.png,0.04212097,0.00031851,0.9091161,0.00039667,0.94081587,0.00108024,0.03833113,0.00017268,0.00054263,0.00022037,4.132e-05,0.87221146,5.673e-05,0.0001444,3.749e-05,0.0002824,0.00533974,0.00320162,0.00012496
CR.1.3.12.2.1107.5.3.57.20200.11.201911111649150906.png,0.00169878,0.00433112,0.25326717,0.00644665,0.01761756,0.01291135,0.06152482,0.0718124,0.00036885,0.21694767,0.00029088,0.02847948,0.00239899,0.00883415,0.00291939,0.00058523,0.01684973,0.00994569,0.02175379
DX.1.2.00306307000339104620191018100649174223250.png,9.472e-05,0.00313003,0.00093935,0.00038862,0.07964094,0.00026897,0.85636526,0.00030394,2.504e-05,0.00135666,0.00062844,0.1479609,4.47e-05,0.00062435,0.00561496,0.00548092,0.00090851,0.00161833,0.00158192
DX.1.2.840.113619.2.369.4.2147483647.1573519489.885198.png,0.00634422,0.14225745,0.0002034,0.00226561,0.00881211,0.00194833,0.18853597,0.01856804,0.00029481,0.00069112,0.00040678,0.00470814,6.557e-05,8.102e-05,0.00018456,0.00042101,0.00155542,0.00245074,1.785e-05
DX.1.2.840.113564.920101.20191106112441375180.1003000225002.png,0.0705723,0.00053437,0.00843149,4.53e-05,0.93286943,0.00017921,0.20909251,0.00024265,0.00196087,0.00022909,0.00112847,0.18187995,1.002e-05,0.00010907,1.715e-05,4.564e-05,0.00954531,0.00365324,2.119e-05
DX.1.2.840.113619.2.369.4.2147483647.1573021084.443625.png,0.9914267,0.016984,0.2815896,0.44655913,0.00402351,0.01905235,0.00035118,0.00344665,0.06208655,6.003e-05,1.007e-05,0.01047891,3.292e-05,0.06343157,0.00344634,0.00040596,0.00030923,3.927e-05,0.00643404
DX.1.2.840.113619.2.369.4.2147483647.1572240549.768430.png,0.33101556,0.0661906,0.00047005,0.05736188,0.00261209,0.00011073,0.00071956,0.00244172,0.00017964,8.483e-05,0.00329314,0.00040519,0.0003495,0.00039915,0.07128256,0.06037892,0.0002377,0.00034113,0.01256838
5BFCA9BD16B48D9.png,0.00050585,0.00613018,7.129e-05,0.00021958,0.6182055,0.00686349,0.31181923,0.07541804,5.444e-05,0.00982288,0.0030829,0.01798277,6.28e-06,2.958e-05,4.903e-05,0.00010512,0.01930114,0.00016027,2.543e-05
CR.1.2.156.600734.516764694.1648.1572261661.553.0.1.png,0.6426122,0.00110353,0.9999895,0.35037228,0.9962429,0.43932685,0.00018229,0.06339972,0.54712296,0.00149138,3.75e-06,0.9430057,0.00024188,0.00563481,0.00016975,0.00077153,0.00942112,0.00327653,0.00049136
DX.1.2.840.113564.920101.20191112083950078420.1003000225002.png,0.12544967,0.04553466,0.00012186,0.01696756,0.00134949,0.01041602,0.01783128,0.01617134,0.00117047,0.01234518,5.31e-05,0.0037869,1.8e-06,4.824e-05,0.00015515,0.00078102,0.0077725,0.0002828,8.78e-06
5B8F8A5B1CC03B9.png,0.36017212,0.5804636,0.05499551,0.382116,0.00248871,0.48346293,9.351e-05,0.37758085,0.02406718,9.98e-06,0.00014464,0.00010754,0.0002627,0.00111014,0.01197212,0.00305933,1.817e-05,0.00029611,0.0006375
DX.1.3.46.670589.26.802544.25.20191112.133151.308493.0.png,0.04153918,0.22710101,0.05504838,0.7819052,0.00176746,0.9990068,0.00016234,0.03395554,0.13584146,0.9744665,7.73e-06,0.00101819,5.525e-05,0.00114304,0.0002267,3.41e-06,0.7178503,0.00193448,0.00010903
5D818E834BB0939.png,0.99470645,0.00455018,0.9474616,0.99621934,0.55691403,0.8650004,0.00035598,0.55110955,0.3516698,0.00127106,6.456e-05,0.00131463,0.0008579,0.07105186,7.764e-05,0.00035968,0.02653088,0.00451572,0.00141662
DX.1.3.46.670589.26.802544.25.20191114.150040.309330.0.png,0.99967813,0.00024705,0.98242074,0.9082511,0.00192568,0.98564565,0.00028248,0.00542018,0.98249006,3.92e-05,2.166e-05,0.00439298,4.802e-05,0.00453958,4.006e-05,7.678e-05,0.0259298,0.00095913,0.00026526
DX.1.2.00292316000339055020191018084527169341421.png,0.82920474,0.0007226,0.7639757,0.75210977,0.9881421,0.14664741,0.29011303,0.04236585,0.01837385,0.00913647,2.254e-05,0.01782581,0.00092943,0.00024884,1.013e-05,0.0027384,0.00043426,0.00848936,0.00045389
DX.1.2.00311706000340234120191025081320347854937.png,0.3785133,0.29953814,0.0066153,0.975838,0.01236667,0.03923497,0.00708922,0.00607158,0.00026484,0.00496724,0.00010734,0.00583785,7.695e-05,0.00024558,0.00173943,0.01406491,0.00012269,0.00097246,0.00017576
DX.1.3.46.670589.26.802544.25.20191105.101903.306476.0.png,0.9924935,0.0008813,0.718356,0.38445517,0.11527831,0.56726193,0.0337933,0.02633882,0.77269536,5.549e-05,0.00013805,0.00017269,0.0001365,0.00083413,1.252e-05,6.834e-05,0.0002355,0.00185962,0.00019054
DX.1.2.840.113619.2.369.4.2147483647.1573095176.209098.png,0.00461273,0.00363046,0.00254121,0.00038191,0.06071638,0.00010827,0.12739538,0.00104368,1.748e-05,5.949e-05,0.00277531,0.01314205,4.81e-06,4.271e-05,0.00039758,0.0002217,0.00070949,0.00078101,4.066e-05
5E28FD3613648F7.png,0.01363922,0.03992779,0.17396182,0.05957585,0.38605228,0.03987155,0.02319236,0.9811621,0.00292075,0.00180985,0.0027075,0.00043201,0.00024317,0.00090267,0.00021819,5.302e-05,0.00250714,0.02348112,0.00105435
CR.1.3.46.670589.26.602199.4.20191107.82250.334268.0.png,0.9864737,0.00128369,0.992617,0.9970607,0.6020709,0.99810225,0.0012654,0.51569974,0.9988263,0.00055514,8.87e-05,0.00012234,0.00123087,0.00444239,6.619e-05,0.00047154,0.00012137,0.00369688,0.00399136
5E16765516B4640.png,0.02430966,0.4901898,4.795e-05,0.03875108,0.02315056,0.00052223,0.00550844,0.00186569,0.00020515,0.00011017,0.00018259,0.00455933,1.41e-05,7.927e-05,0.00270385,0.00029965,0.02645868,0.00022875,9.337e-05
5C0F06EC2740A42.png,0.00137291,0.00598052,0.00012123,0.00385933,0.8881971,0.00027374,0.9101899,0.01926281,1.358e-05,0.02490782,0.00166079,0.0260004,8.05e-06,2.012e-05,0.00039965,0.00029529,0.00625105,0.00084767,2.119e-05
CR.1.3.12.2.1107.5.3.57.20200.11.201911180834570750.png,0.00011842,0.2214061,0.00145873,7.86e-05,0.01919852,0.00170279,0.05023002,0.00138479,9.72e-06,0.0095049,0.00011586,0.04373975,2e-05,6.411e-05,0.00237571,8.587e-05,0.0040304,0.00094983,0.00012998
DX.1.2.840.113619.2.369.4.2147483647.1573110695.775508.png,0.00019171,0.01520256,8.505e-05,9.9e-06,0.04527706,0.00077042,0.27280703,0.00611716,1.72e-06,0.0027033,0.00244204,0.02943491,5.91e-06,3.169e-05,0.00117253,0.00014401,0.06362426,0.00048626,3.92e-06
DX.1.2.840.113619.2.369.4.2147483647.1573452827.286400.png,0.11005651,0.00129907,0.00230709,0.00856401,0.02639633,0.00011324,0.00524849,0.00011873,0.0001111,0.00047042,0.00061474,0.00548466,3.926e-05,0.00060026,0.00507151,0.00207271,0.00067242,0.00042261,0.00033209
DX.1.2.840.113619.2.369.4.2147483647.1573519078.168974.png,0.3714418,0.0008128,0.01777769,0.01178038,0.933094,0.00010127,0.67776173,0.31374326,0.00017008,0.00010234,0.00030471,0.03077465,0.00010828,0.00148926,2.02e-05,0.00341193,0.00048861,0.00348022,0.00058328
DX.1.2.840.113564.920101.20191112085057312500.1003000225002.png,0.00155504,0.00483174,0.00061206,8.789e-05,0.8158126,0.00030343,0.81621015,0.00534746,2.521e-05,0.00152683,0.00569031,0.0093202,1.171e-05,3.93e-05,0.00018044,0.00048448,0.00472417,0.00289805,3.516e-05
5CBD11E61CA4335.png,0.05567516,0.43302813,0.0003902,0.00568945,3.541e-05,0.01031,0.00016151,0.00017485,0.00117889,3.785e-05,0.01207572,0.00153858,2.473e-05,0.0012628,0.0133211,0.00027782,0.00094856,0.00015317,0.00420235
5E1D17055994831.png,0.9349964,0.00102527,0.6250057,0.64066917,0.9879343,0.01239732,0.03564889,0.0752712,0.09360872,2.223e-05,0.00050217,0.05435072,8.716e-05,7.459e-05,7.66e-06,0.00157175,0.00029607,0.04627232,3.528e-05
5D37B4EB34A87C5.png,0.9087025,0.28938708,0.03663557,0.48737165,0.00261882,0.02424603,7.749e-05,0.0010405,0.07212844,8.12e-06,4.412e-05,0.0002341,6.53e-06,0.00018226,0.0104348,0.0506459,3.422e-05,0.00131379,0.00027302
DX.1.2.00317779000343450920191114092459253628734.png,0.00024287,0.0161118,6.901e-05,0.0009864,0.07801263,0.00230861,0.9876636,0.03267832,0.00010402,0.02300974,0.00041031,0.0067158,0.00014416,7.317e-05,0.00033486,0.00082554,0.00133311,0.00028508,0.00058536
DX.1.2.392.200036.9125.4.0.487543656.3377096086.2795306561.png,0.08643569,0.00063581,0.24159524,0.00036238,0.02014631,1.836e-05,0.22534803,0.00010805,0.00050167,6.739e-05,4.03e-05,0.00093942,2.848e-05,0.04868112,0.00020371,0.00585681,7.366e-05,0.08555042,0.02803902
5B0DFCFAED897B.png,0.74638015,0.00108791,0.8614522,0.14345992,0.98565024,0.00524286,0.00147785,0.01048313,0.03192222,0.00019058,0.00016754,0.17624909,5.003e-05,0.00014389,1.552e-05,0.00158125,0.00076035,0.00887574,0.00023798
DX.1.3.46.670589.26.802544.25.20191111.91420.307900.0.png,0.99944526,0.0006301,0.78713685,0.95567846,0.00172596,0.99358106,0.00061469,0.0087907,0.9297026,0.00025346,0.00019102,0.0003066,0.00012894,0.00027178,1.041e-05,0.00043222,0.00932659,0.00143054,0.00014887
CR.1.3.46.670589.26.602199.4.20190910.93558.331867.0.png,0.07124143,0.00051598,0.00069496,8.836e-05,0.00388519,0.00382339,0.00347546,2.453e-05,0.0010898,0.02351372,0.01246942,0.00256143,3.05e-06,0.00035788,0.0001418,5.497e-05,0.03406691,0.00030562,9.969e-05
DX.1.2.00311290000340079020191024081805261740109.png,0.29929054,0.00117199,0.0343,0.13398972,0.02605414,0.04930303,0.3013908,0.00104559,0.00573754,0.00475873,3.14e-05,0.03132454,3.497e-05,0.00197706,6.308e-05,0.00075122,0.00399465,0.00166684,9.305e-05
CR.1.2.156.600734.516764694.1648.1571971863.289.0.1.png,0.83481544,0.00061857,0.9654469,0.01872812,0.65971506,0.00063706,0.0128345,0.00559586,0.00569982,7.18e-06,8.377e-05,0.04389069,0.00076069,0.07484136,0.00110922,0.00294265,1.085e-05,0.00308592,0.01783675
DX.1.2.840.113619.2.369.4.2147483647.1573004154.536304.png,0.9892713,0.00541294,0.00044127,0.08347298,0.09179168,1.435e-05,0.00081259,0.00111469,0.0006285,6.25e-06,0.00017756,0.00161573,5.05e-06,0.00130495,0.00538299,0.00349393,0.00186661,0.00013653,8.535e-05
DX.1.3.46.670589.26.802544.25.20191111.131520.308059.0.png,0.01804437,0.10286623,0.03430492,0.00210134,0.1928318,0.6691307,0.16885655,0.96943015,0.00487985,0.01676075,0.00010772,0.00050494,0.00027159,0.00088465,8.58e-06,9.93e-06,0.00420864,0.00033287,0.00083555
DX.1.2.0030960700033961742019102210083595569890.png,9.202e-05,0.00458513,0.00013817,0.00018449,0.05199568,0.00641636,0.86165744,0.00376296,1.478e-05,0.04391685,0.0001937,0.00345177,2.31e-05,6.88e-05,0.00060384,8.844e-05,0.01261557,0.00045302,0.00016353
DX.1.2.00308099000342647520191109081453434438453.png,0.3898816,0.04655066,0.01551027,0.2866703,0.02615439,0.00448953,0.00332853,0.01439378,0.00105461,0.00014283,2.555e-05,0.00164587,4.607e-05,0.00024431,3.19e-05,0.00065564,0.00231653,0.01245032,5.563e-05
5D57C1273658D60.png,0.5614549,0.01195698,0.11123127,0.04042539,0.00707083,0.3751458,0.00609134,0.07541375,0.04984047,0.00164147,3.86e-06,0.52461773,0.00046111,0.77074033,0.00030847,4.439e-05,0.9771016,0.00189733,0.00142073
5DD728F3615CEB8.png,0.09717215,0.00474347,0.00634047,0.00068032,0.2103064,0.00044822,0.04897768,0.00770876,0.00058438,1.716e-05,0.00013208,0.00125082,7.03e-06,0.00030934,0.00051288,5.089e-05,0.00099039,0.01225082,0.00017371
DX.1.2.840.113564.920101.20191111101852453610.1003000225002.png,0.93562526,0.00041895,0.0446267,0.00793353,0.43631628,0.09642445,0.00136127,0.00318106,0.02027502,0.0001964,3.39e-05,0.0178001,4.618e-05,0.00527369,9.107e-05,0.00029293,0.00384338,0.00832635,2.06e-05
DX.1.2.00310876000339861620191023090932178427343.png,0.00658294,0.00041173,0.00304879,0.00182623,0.00216948,0.00029432,0.99787813,0.00035959,0.00058063,0.00634898,0.00032562,0.01959134,9.309e-05,0.00552671,0.00140063,0.00117302,0.01136284,0.00067457,0.01026376
CR.1.2.840.113564.199912075.2019110409393966247.1203801020003.png,0.01427207,0.00013631,0.00171332,7.966e-05,0.6609937,0.00011887,0.32096842,0.00186822,1.888e-05,0.00024626,0.00032964,0.06264546,9.41e-06,0.00033861,0.00039035,2.633e-05,0.00265603,0.00085962,3.504e-05
DX.1.2.392.200046.100.2.1.69131194618.191103093244.1.1.1.png,0.19868316,0.00035908,0.02181764,0.00122348,0.9965325,0.00091105,0.02518503,0.06339331,0.00429651,0.00612536,9.512e-05,0.01236736,6.553e-05,0.00024529,3.124e-05,4.957e-05,0.00947976,0.04521825,3.736e-05
DX.1.3.46.670589.26.802544.25.20191118.113931.310248.0.png,0.9915972,0.00870877,0.7784336,0.9842419,0.06420295,0.99743485,0.00130083,0.9469478,0.9591813,0.00395062,1.272e-05,0.0023112,0.00157392,0.02554458,1.233e-05,9.485e-05,0.01102736,0.00070607,0.00248994
DX.1.2.840.113619.2.369.4.2147483647.1573093079.653038.png,0.00425927,0.09183589,0.00011536,0.00155504,0.00040237,0.00528939,0.00086159,0.00026818,6.418e-05,0.0008067,0.00029317,0.00136404,2.2e-06,3.317e-05,0.00194582,0.00036347,0.00414638,0.00019129,1.058e-05
5E1A83776064F58.png,0.01758439,0.00725741,0.09098457,0.18457884,0.97957546,0.00035579,0.00766952,0.04171385,0.0001238,0.00063291,6.342e-05,0.00229666,2.861e-05,6.182e-05,3.438e-05,0.00060294,0.00123271,0.20155646,0.00013718
CR.1.3.12.2.1107.5.3.57.20200.11.201910230819010000.png,0.9999242,0.00031503,0.99723786,0.8680996,0.04246101,0.8264189,0.00011392,0.00011972,0.99615496,0.00060556,2.53e-06,0.0202898,5.281e-05,0.01726929,0.00029834,0.00066645,0.16036528,0.00069862,0.00015828
DX.1.2.0030967100033962232019102209254492999437.png,0.00035308,0.00435222,5.552e-05,0.00012091,0.00068949,0.00051594,0.83816713,8.838e-05,5.301e-05,0.03610347,0.00016589,0.04848759,6.06e-05,0.00215056,0.00224343,0.00050475,0.02598282,0.00081581,0.00207705
5DF6CF624624B52.png,6.034e-05,0.6042816,0.00011732,0.00154329,0.00010057,0.9468784,0.00080642,0.0007412,9.591e-05,0.9874627,8.969e-05,0.00415887,0.0002838,0.00017047,0.18557586,4.308e-05,0.9922594,0.00078648,5.105e-05
5D1AC87616FCEE2.png,0.00721086,0.00172152,0.00990912,0.00018424,0.9818049,0.001514,0.23800078,0.95459515,0.00431398,0.00021451,0.00027077,0.0268382,8.864e-05,0.00015121,1.287e-05,9.745e-05,0.00513505,0.0031121,1.859e-05
5D5542752A34750.png,0.6980127,0.00887952,0.15581344,0.9953336,0.00696653,0.95239896,3.417e-05,0.2733652,0.4726047,0.2122444,1.215e-05,0.00032497,0.00065512,0.00012458,0.00283334,0.00013826,0.04824365,0.00048888,0.00023997
5E0D879427948CF.png,0.0509062,0.15444146,0.00146878,0.00651452,0.00932784,0.00638702,0.00654409,0.09630739,0.00054772,0.00053365,0.00012035,0.00362657,5.3e-07,4.765e-05,9.64e-05,0.00022284,0.01396422,0.00016597,2.09e-06
5C6383B8AC458D.png,0.85186315,0.00829108,0.78387165,0.9676626,0.8200712,0.9768883,0.0048764,0.99817336,0.3277202,0.00206526,4.478e-05,0.00537711,0.00052419,0.00351001,0.00022518,0.00034661,0.08482562,0.01935021,0.00091578
DX.1.2.392.200036.9125.4.0.487559788.2871944598.2795306561.png,0.00634133,0.00036136,0.04156878,8.967e-05,0.09028981,0.00022341,0.02156127,0.00043022,0.0001994,0.00117125,0.00021411,0.48938605,0.00021823,0.07068846,0.0001526,9.598e-05,0.0053395,0.00341406,0.00188868
CR.1.3.12.2.1107.5.3.57.20200.11.201910230936210406.png,0.00019046,0.00380825,0.00095651,6.349e-05,0.0430689,0.00054356,0.12454018,0.00056837,2.309e-05,0.00315263,0.00129434,0.0208014,9.83e-06,0.0002291,0.00136987,7.121e-05,0.00878266,0.00028223,0.00013348
DX.1.2.0030961700033961832019102208122388598468.png,0.00036562,0.00490017,3.456e-05,8.146e-05,0.00325645,0.00025539,0.54599684,0.00017632,6.74e-06,0.01261798,0.02670395,0.00245211,6.79e-06,0.00041035,0.01408806,0.00025155,0.01290072,0.00012945,0.00095835
5DBF748F1CD84CF.png,0.00022353,0.08039588,0.01225008,0.00052561,0.92602617,0.00068587,0.8119067,0.37940323,7.435e-05,0.00387853,0.0002867,0.09238205,1.802e-05,0.00057182,0.0002145,0.00013582,0.02105745,0.00098505,2.122e-05
DX.1.2.0031718800034301092019111208215477044593.png,0.99980485,0.00295783,0.9937781,0.9999574,0.9421249,0.99707425,0.00226076,0.8435553,0.9469159,0.00213602,0.00011163,0.00091273,0.00766153,0.00056416,6.23e-05,0.02038504,0.00193144,0.00967766,0.00349216
5E51E0E6187874C.png,0.9067148,0.00210869,0.07138918,0.52055943,0.01834634,0.10259972,0.00045384,0.00175523,0.56585395,0.02762079,2.947e-05,0.00241113,8.223e-05,0.00015506,0.0002618,0.00120987,0.05919234,0.0032352,0.00049364
5E1679442B6CA81.png,0.99895453,0.00073167,0.99803466,0.9354056,0.06164982,0.69838697,0.00037544,0.00078519,0.95297307,1.128e-05,2.121e-05,0.00057811,0.0002205,0.00103275,0.00013111,0.00129348,0.00022866,0.02000368,0.00287124
CR.1.3.12.2.1107.5.3.57.20200.11.201911181113520562.png,0.20317468,0.00023765,0.11187011,0.0069926,0.69676626,0.00011795,0.03004494,0.00150848,0.00072501,0.00020095,9.859e-05,0.00372481,2.025e-05,0.00220763,0.00039465,0.00082345,0.00013105,0.03142358,0.00593723
DX.1.2.840.113619.2.369.4.2147483647.1572933033.379322.png,0.01270413,0.60111904,0.0002484,0.00051022,0.00278565,0.02476362,0.00050898,0.00041539,0.00046989,0.0161296,0.01968102,0.0025034,0.00051226,3.462e-05,0.00298013,0.00214679,0.01264675,0.00320235,0.00030071
DX.1.2.840.113619.2.369.4.2147483647.1574039019.309824.png,0.08263212,0.01244631,0.0686787,0.04763235,0.05275858,0.8237949,0.08264964,0.9123115,0.16381164,0.00324522,2.303e-05,0.00051266,0.00016396,0.00012532,8.39e-06,3.852e-05,0.00033263,0.0006314,0.00015853
5B4939A91C0CB4D.png,0.00169231,0.02625857,0.00797199,0.00052524,0.37851635,0.00418922,0.06557988,0.37024644,8.051e-05,2.747e-05,0.001037,0.0077403,9.81e-06,0.00021877,6.148e-05,0.00021202,0.00628162,0.00085686,2.258e-05
DX.1.2.00292202000339238820191019085322256216359.png,0.00049669,0.00237879,0.00151113,0.00054787,0.03761042,0.02050912,0.9491731,0.00705763,8.609e-05,0.0109743,0.00021004,0.0436388,9.268e-05,7.541e-05,2.302e-05,0.00015313,0.00465462,0.00019196,0.0001829
DX.1.2.392.200046.100.2.1.69131194618.191107090521.1.1.1.png,0.00546577,0.00170301,0.02087415,0.0008721,0.9973258,4.695e-05,0.27590242,0.00937461,1.989e-05,0.00316862,0.00025595,0.01906026,1.456e-05,3.587e-05,0.00037605,0.00145179,0.00057201,0.00979293,5.281e-05
DX.1.2.392.200046.100.2.1.69131194618.191106110038.1.1.1.png,0.03226613,0.00292894,0.00146484,0.00762134,0.9988636,0.00053849,0.6380107,0.6489586,0.0002538,0.05123144,0.00104807,0.00290535,0.00011158,0.00010477,7.145e-05,0.0002077,0.005336,0.03526798,0.00030847
DX.1.2.0030968800033962382019102208454090595031.png,3.527e-05,0.01205464,0.00099046,3.82e-06,0.01081156,0.0028019,0.9205972,0.00168021,2.078e-05,0.03179102,0.00319299,0.05958019,5.468e-05,0.00013492,0.00033823,0.00015315,0.00956022,0.00023333,7.924e-05
CR.1.3.12.2.1107.5.3.57.20200.11.201911161457290875.png,0.12459225,0.00359176,0.45412263,0.13031599,0.6205835,0.728014,0.0129858,0.00246819,0.02537784,0.07592816,3.251e-05,0.00917358,3.363e-05,7.867e-05,6.041e-05,1.709e-05,0.01234124,0.00796269,6.113e-05
5DFAD4A14B5055E.png,0.03728354,0.00144488,0.00644603,0.0071189,0.9854586,0.00018235,0.68151,0.752866,0.00114423,0.00025413,0.00046171,0.00668845,0.00031851,0.00054163,4.204e-05,0.00014768,0.00036888,0.04136359,0.00315619
DX.1.2.840.113619.2.369.4.2147483647.1573085600.665595.png,0.3182758,0.00405772,0.00091119,0.00881886,0.90638226,0.00493768,0.04016224,0.9459564,0.02469966,0.00122294,3.373e-05,0.00067939,4.915e-05,0.00027417,1.801e-05,7.133e-05,0.00062563,0.00731442,6.175e-05
DX.1.2.0030876700034140382019110108392390045906.png,0.01556246,0.00019439,0.00117229,0.00105009,0.06243359,1.726e-05,0.7214591,0.00015161,0.00017647,0.00097151,0.00070907,0.00701887,1.158e-05,0.00063802,3.375e-05,0.00026394,0.00111338,0.00231126,0.00092247
DX.1.2.840.113619.2.369.4.2147483647.1572242724.993959.png,0.04295573,0.0010925,8.699e-05,0.00115752,0.4721196,0.00388827,0.0683893,0.15340857,0.00020648,0.00031172,0.00023415,0.00386584,2.404e-05,5.178e-05,4.699e-05,0.00045865,0.00058392,0.00505274,0.00019835
DX.1.2.392.200036.9125.4.0.487561862.2775999894.2795306561.png,0.00567154,0.00623844,0.84671503,0.00383546,0.00027971,0.00020078,0.01532799,1.854e-05,5.558e-05,7.502e-05,0.00025258,0.00242153,0.00018378,0.08623422,0.00427188,0.01327814,0.00027007,0.02190708,0.26729873
DX.1.2.392.200036.9125.4.0.487538803.555771286.2795306561.png,0.08241874,0.00130163,0.9791873,0.02167426,0.07264573,7.609e-05,0.00910477,0.00095307,6.778e-05,3.313e-05,9.644e-05,0.0052444,6.362e-05,0.21226138,0.00025831,0.05860808,3.65e-05,0.07189218,0.07908394
5D8C3E6C5A0648.png,0.00091576,0.27880597,0.00015357,0.00572899,0.00280889,0.07244008,0.00463652,0.03908612,0.00053585,0.2977721,0.00223531,0.00204508,0.00014663,3.181e-05,0.00031834,1.795e-05,0.13816585,0.00055904,3.421e-05
DX.1.2.0028958700034191172019110509002191566343.png,0.99587727,0.00344053,0.99820495,0.964492,0.07327198,0.46810484,0.0002718,0.45449933,0.19549423,0.0002323,3.13e-05,0.00221833,0.00164463,0.13765337,2.577e-05,0.00257332,0.0012606,0.01263398,0.1468216
CR.1.2.156.600734.516764694.906304.1571365699.179.0.1.png,0.00350899,0.00305923,0.91366285,0.00126198,0.98267615,0.00213925,0.00979797,0.02858953,0.00143608,0.00031875,7.443e-05,0.9397353,0.00010729,0.00101927,0.00029303,0.00106246,0.00098765,0.00206809,6.239e-05
DX.1.2.840.113619.2.369.4.2147483647.1573018242.65779.png,0.00572122,0.00846094,0.00040835,0.00023684,0.00653603,0.00017882,0.05293996,6.261e-05,0.00038233,6.625e-05,0.00250047,0.01216958,4.82e-06,0.00032896,0.00079156,0.00178012,0.00113386,0.0001683,5.707e-05
DX.1.2.840.113619.2.369.4.2147483647.1573524268.940879.png,0.3490224,0.00660235,0.04407782,0.48515645,0.8460792,0.0181474,0.0651454,0.47767472,0.01608797,0.0023013,4.373e-05,0.0018877,6.247e-05,0.00011313,8.28e-06,0.00050313,0.00111784,0.00769886,5.827e-05
CR.1.3.46.670589.26.602199.4.20190910.84042.331834.0.png,0.31262833,0.04659192,0.00521595,0.03129547,0.00958946,0.82252795,0.0162164,0.31732383,0.30026338,0.01324881,0.00027176,0.00069902,7.917e-05,0.00117485,5.534e-05,2.102e-05,0.02500538,0.00012712,0.00026219
5E0951213940D16.png,9.276e-05,0.07872762,3.849e-05,0.00018255,0.04750076,0.00107167,0.7938578,0.02800988,9.5e-07,0.01042675,0.02247019,0.00210153,5.57e-06,4.03e-06,0.00063972,7.893e-05,0.01257737,0.00022924,2.044e-05
DX.1.2.840.113619.2.369.4.2147483647.1572238459.610870.png,0.00011327,0.13742681,0.00016167,0.00014925,0.00296717,0.00276212,0.01096684,0.00285896,8.24e-06,0.00469255,0.00040063,0.00326529,5.351e-05,2.947e-05,0.00310882,0.00145915,0.00477295,0.00073307,0.00049769
DX.1.2.392.200046.100.2.1.69131194618.191021143836.1.1.1.png,0.000249,0.02202684,8.558e-05,0.00100466,0.23155127,0.0004996,0.12190399,0.00472798,0.00022794,0.01983142,0.00387932,0.01917886,2.376e-05,1.958e-05,0.00131858,0.00142478,0.00629864,0.00328611,0.00033491
DX.1.2.840.113619.2.369.4.2147483647.1573017707.284964.png,0.8950348,0.10604032,0.00751472,0.7466256,0.04496126,0.00887158,5.757e-05,0.00829572,0.00189418,4.486e-05,0.00010047,4.703e-05,9.191e-05,0.00282151,0.00140165,0.00228189,4.572e-05,0.00099928,0.00775339
DX.1.3.46.670589.26.802544.25.20191105.110935.306518.0.png,0.00388231,0.00559392,0.07335834,0.01809294,0.6669881,0.00417434,0.5914638,0.4731211,0.0009413,0.00033127,9.839e-05,0.00581883,0.00015338,0.00068022,2.105e-05,0.0001972,0.00135303,0.00101073,0.00046617
DX.1.2.003075720003393924201910210820162670984.png,0.01722859,0.0051796,0.02577352,0.02568249,0.83916306,0.00048117,0.8808863,0.00902679,0.00081596,0.0016682,1.97e-05,0.0464014,9.743e-05,5.846e-05,0.00020831,0.00147333,0.00010405,0.00102125,0.00028371
DX.1.2.392.200036.9125.4.0.487581838.466249110.2795306561.png,0.11899063,0.03114521,0.00926463,0.0027473,0.00091901,0.00019261,0.00046175,5.527e-05,0.00018293,8.253e-05,0.00032802,0.01139156,0.00011189,0.02209103,0.00514327,0.01821564,0.0006984,0.00049123,0.01662081
DX.1.2.840.113619.2.369.4.2147483647.1572840369.137507.png,0.3719175,0.16543736,0.00017479,0.13279887,0.04531384,0.01686258,0.0047329,0.30091423,0.00039867,0.00099768,0.0001181,0.00092502,4.133e-05,0.00016034,0.00219958,0.00025467,0.0004579,0.00013958,8.434e-05
CR.1.3.12.2.1107.5.3.57.20200.11.201910181540480218.png,0.00166747,0.00580392,0.0013983,0.00025252,0.0600635,5.054e-05,0.33219498,0.00526304,1.819e-05,0.0009797,0.01343393,0.00106605,1.759e-05,8.917e-05,0.0009953,0.0010761,0.00052145,0.00115617,0.00057415
5E006A535198328.png,0.9642066,0.00057944,0.9237017,0.3705068,0.9875138,0.19623584,0.00336171,0.25584394,0.2815312,0.00011973,8.269e-05,0.01936206,6.881e-05,9.199e-05,6.69e-06,0.00041915,0.00475993,0.01119548,0.00014009
5BAD70AF169CD85.png,0.83055794,0.7912672,0.00142641,0.2156403,0.00033783,0.05575325,0.00103186,0.2322854,0.0281555,5.65e-06,0.00167259,6.436e-05,5.809e-05,0.00012607,0.00276441,0.00086385,6.687e-05,0.00014071,0.00141473
DX.1.2.840.113619.2.369.4.2147483647.1573014728.55041.png,0.09593467,0.01509474,0.03267003,0.00279368,0.08932172,0.00161148,0.19338883,0.01056083,0.00419924,0.00055926,7.459e-05,0.00758063,5.98e-06,0.00014354,0.00017723,0.00034052,0.00841644,0.00023813,6.431e-05
DX.1.2.0031715800034292782019111208275777406968.png,0.15987623,0.00120673,0.03576974,0.02539411,0.75761425,0.00583432,0.37060937,0.00107953,0.00142981,0.00524976,0.00017707,0.0340735,4.653e-05,0.00011306,4.352e-05,0.00060037,0.00264527,0.00211939,2.366e-05
5E251A554EA0138.png,0.9985908,0.03486108,0.9979213,0.9991366,0.02500517,0.99667263,0.00046076,0.19027673,0.99635494,7.172e-05,5.588e-05,0.00042782,0.00029925,0.00325852,0.00423347,0.00083595,0.00018459,0.00081259,0.00084431
DX.1.2.0031198900034081152019102908541291372593.png,0.00017486,0.00156278,0.00058835,3.336e-05,0.00208286,0.00016714,0.18185385,1.612e-05,1.349e-05,0.00225168,0.08344062,0.01203152,1.343e-05,0.000185,0.00406491,0.00193225,0.00080393,0.00019322,0.00016898
DX.1.2.392.200036.9125.4.0.487552121.1700488598.2795306561.png,0.29996932,0.00094286,0.31656146,9.953e-05,0.51519173,2.812e-05,0.15048392,0.00030747,0.00043442,0.00020177,3.86e-05,0.03613159,7.048e-05,0.00630926,6.056e-05,0.00348945,0.00066734,0.0693807,0.00202478
CR.1.3.12.2.1107.5.3.57.20200.11.201910171443350046.png,6.491e-05,0.593839,0.00358036,0.00131872,0.01170592,0.00427882,0.00228873,0.00116427,1.45e-05,0.27779853,0.04089103,0.10367071,6.843e-05,6.431e-05,0.03472258,0.00013695,0.01998961,0.0003229,0.00023443
5D65CF7A62C4874.png,0.00331162,0.03096395,0.00011329,0.00018361,0.05270695,0.00286527,0.21033932,0.87356067,0.00013309,5.029e-05,0.00950475,0.00092214,8.716e-05,4.349e-05,8.947e-05,0.00105134,7.849e-05,0.00075966,0.00014321
5D61D51734646C6.png,0.72710925,0.00819307,0.00052974,0.00978636,0.0368275,0.00222512,0.00662739,0.01964681,0.01687812,0.00012069,0.00107308,0.00126021,1.608e-05,7.502e-05,5.79e-05,0.00012331,0.00138708,0.00056787,2.231e-05
DX.1.2.840.113619.2.369.4.2147483647.1574043197.324538.png,0.012034,0.01307039,0.0001896,0.00015928,0.00048325,0.00083084,0.01048262,0.00025635,0.00032993,0.00067532,0.0002397,0.00166974,0.00013466,0.0009608,0.0006697,0.00071774,0.00235847,0.00051828,0.000801
DX.1.2.392.200036.9125.4.0.487544969.465986966.2795306561.png,0.91893184,0.00030897,0.0370649,0.15396357,0.03248106,2.069e-05,0.01893274,0.00011748,0.00186092,1.365e-05,0.00032334,0.0051956,8.766e-05,0.02839533,0.00670317,0.32424983,0.00023737,0.00069708,0.03591816
DX.1.2.00318275000343670120191118080826594635921.png,0.00168299,0.0140501,0.00398577,0.00161657,0.00071635,0.00224543,0.98864895,0.00207001,0.00015489,0.00636778,0.00021681,0.00312771,0.00011896,0.00181671,0.01118225,0.00456815,0.00129201,0.00082352,0.00078272
5D116CF94710A2F.png,0.02848312,0.46532035,0.47956517,0.12068517,0.07102722,0.00248809,0.00108094,0.00180948,0.00137431,0.00024383,2.792e-05,0.00093203,6.213e-05,0.00446862,0.01006094,0.00170178,0.00014092,0.05932775,0.00331577
DX.1.2.840.113564.920101.20190911081353453140.1003000225002.png,0.17186347,0.00168459,0.00324508,0.00218008,0.93423635,0.00234952,0.00826111,0.01344981,0.00012311,0.00059101,0.00023492,0.00914116,4.29e-06,1.098e-05,5.581e-05,0.00045374,0.00225525,0.00170924,4.54e-06
5D172ACA1680A4B.png,0.9442305,0.00085454,0.86240983,0.00337602,0.00401799,0.01077376,0.15342017,0.00235731,0.2494174,0.00068147,1.81e-05,0.03081828,0.01745666,0.6472172,5.272e-05,0.00064834,0.11632145,0.18162853,0.01923714
5DDDC53B3F849D4.png,0.9979201,0.0007016,0.6960476,0.9659917,0.9840089,0.34378135,0.00741627,0.9458748,0.98552907,0.00071389,5.902e-05,0.00103052,6.516e-05,8.508e-05,1.009e-05,0.00072059,0.00031084,0.00140673,1.677e-05
DX.1.2.392.200046.100.2.1.69131194618.191031091030.1.1.1.png,0.02288458,0.00033533,0.00017751,0.0014414,0.9852592,1.399e-05,0.5334011,0.03695502,2.026e-05,0.00094135,0.00362267,0.00782596,1.387e-05,2.365e-05,0.00097682,0.00392415,0.00029843,0.00469708,3.816e-05
5DFD704C6284CFE.png,1.084e-05,0.77514714,2.354e-05,0.00135871,0.00257331,0.8598708,0.01036092,0.00333048,8.12e-06,0.9944832,0.00016285,0.01144624,3.369e-05,2.892e-05,0.00924598,0.00018059,0.9056269,0.00195908,4.218e-05
DX.1.2.00313686000342651320191109083533435678296.png,0.43876725,0.31312153,0.25591904,0.98285115,0.05913425,0.0084873,0.01040147,0.00798705,0.00015714,0.00289417,2.557e-05,0.03641725,0.0049033,0.01810388,0.00043126,0.00285284,0.001284,0.00754716,0.03420932
DX.1.3.46.670589.26.802544.25.20191111.144510.308131.0.png,0.7162066,0.00238885,0.98026377,0.8065843,0.59638447,0.9032122,0.01232426,0.79787827,0.78052896,0.00025235,0.0001475,0.00012698,0.00057629,0.00775464,4.05e-06,0.00031142,0.00062628,0.0175779,0.00461136
5E055A6A2910BA6.png,0.5354876,0.01539917,0.00013495,0.00130218,0.00651629,0.00799002,0.00283815,0.00123388,0.00599239,0.00011303,0.00502,0.00060333,4.97e-06,3.819e-05,0.0002438,0.00011751,0.00445072,0.00029145,3.499e-05
CR.1.2.156.600734.516764694.1648.1571881483.222.0.1.png,0.00042241,0.00041429,0.9368542,0.00106161,0.99940014,0.00022722,0.2556286,0.01891754,6.793e-05,0.00045167,7.344e-05,0.6547639,0.00021712,8.234e-05,0.00016691,0.00218553,0.0008441,0.00478641,0.00019646
DX.1.3.46.670589.26.802544.25.20191107.153320.307292.0.png,0.14875413,0.00037116,0.00018469,0.00025839,0.00048467,0.00227557,0.00205316,7.3e-06,0.00038737,0.00437162,0.00037828,0.10231809,1.082e-05,0.00348629,0.00115688,8.528e-05,0.7609844,9.146e-05,0.00015923
5E1051989F8682.png,0.00429194,0.7546587,0.00066846,0.03166177,0.005533,0.20352387,0.07468326,0.21803026,0.00116846,0.00284059,4.819e-05,0.00334777,3.98e-06,5.59e-05,0.0001643,0.00021305,0.00262451,0.00037265,0.00016533
DX.1.2.0030700600033881782019101708040280456093.png,1.654e-05,0.00620475,2.888e-05,3.561e-05,0.03587367,0.0019045,0.9302997,0.00177698,6.3e-06,0.06120431,0.00528518,0.00431414,2.305e-05,0.00010263,0.00048658,0.00049984,0.0135784,0.00064541,0.00028182
5E0C30701A8CA7A.png,0.00148751,0.96964926,0.00013703,0.00069936,0.00037944,0.30576897,0.00098911,0.02456908,0.00108824,0.00554983,0.00039062,0.0017216,3.969e-05,4.103e-05,0.00087063,0.00015191,0.00185618,0.00081057,6.183e-05
DX.1.2.840.113619.2.369.4.2147483647.1572827251.677472.png,0.04835364,0.00037625,0.00021245,0.00353301,0.00922844,0.00023829,0.16386892,0.00036167,2.387e-05,0.00145467,0.01273273,0.01330623,1.463e-05,0.00015763,0.00037057,0.00378035,0.00249669,0.00089109,6.616e-05
DX.1.3.46.670589.26.802544.25.20191107.133608.307221.0.png,0.9203572,0.00037119,0.69640845,0.96785873,0.9659486,0.03073238,0.00304054,0.2596288,0.05092291,0.00219233,0.00017624,0.00101183,0.00049569,0.00303195,7.371e-05,0.00248899,0.00402774,0.1179975,0.00069632
CR.1.2.156.600734.516764694.906304.1571271432.64.0.1.png,0.00800581,0.00236928,0.946628,0.00063206,0.7012949,0.00044344,0.00439634,0.00686932,0.00042299,0.00041296,2.256e-05,0.7616461,3.013e-05,0.00169151,0.00023654,0.00147658,0.00074681,0.00343558,0.00026442
CR.1.3.12.2.1107.5.3.57.20200.11.201911061105410875.png,0.02253061,0.07462756,0.01081859,0.03985973,0.00212761,0.22129375,0.00024522,0.00033718,0.0026476,0.06729723,0.00129647,0.00088816,1.604e-05,0.00016052,0.0698644,9.975e-05,0.00963514,0.0001262,0.00040278
DX.1.2.840.113564.920101.20191106155155296960.1003000225002.png,0.01029274,0.01082468,0.00023861,0.0001252,0.11119958,0.00150764,0.00674807,0.00041919,0.00010959,0.00486714,0.00053148,0.1880712,5.91e-06,0.00054826,0.00350284,0.00020499,0.02902124,8.318e-05,5.45e-06
5B21CEFA1B18F59.png,0.9638583,0.02084687,0.02526564,0.37112847,0.49404153,0.16333297,0.00050651,0.87956274,0.05849052,0.00154478,0.00035403,0.00357685,0.00019354,6.943e-05,0.00023884,0.00011312,0.00029034,0.00799854,8.062e-05
DX.1.2.840.113619.2.369.4.2147483647.1573449181.628916.png,0.0247084,0.03371466,0.00083885,0.00017158,0.00474142,6.399e-05,0.01720874,0.00214164,8.944e-05,6.368e-05,0.00012067,0.09878645,1.14e-06,0.00093441,0.00292823,0.00032452,0.00217657,3.933e-05,2.462e-05
CR.1.3.12.2.1107.5.3.57.20200.11.201911181645460125.png,0.9878362,0.00024937,0.9998876,0.9754043,0.15016147,0.9982836,0.00019075,0.01015255,0.9887292,0.00066564,3.463e-05,0.00107121,0.00067275,0.00059745,0.00028655,0.00051544,0.00212442,0.0021743,0.00109029
DX.1.2.0031336900034189192019110508100188546281.png,0.36974397,0.00140113,0.14049435,0.02686901,0.82677674,0.0215012,0.20690024,0.00255895,0.00249659,0.02153796,0.00016624,0.02525722,0.00045075,0.00024987,5.766e-05,0.00195521,0.00387651,0.07981767,0.0004406
DX.1.3.46.670589.26.802544.25.20191106.151746.306947.0.png,0.06532189,0.00480058,0.0042347,0.11971675,0.02889158,0.85074973,0.00740675,0.0704677,0.00768625,0.04425648,0.00011605,0.00114639,2.251e-05,3.385e-05,9.844e-05,2.682e-05,0.02516595,0.00357358,3.9e-05
DX.1.2.00315290000342138320191106095103181007750.png,0.0810484,0.0146336,0.00091655,0.01932876,0.04521498,0.00021728,0.16439179,0.02323359,0.00138004,0.00027588,8.587e-05,0.00029187,4.007e-05,0.00036185,0.00919035,0.00040495,4.662e-05,0.00019466,0.00446656
5D6DB5F173406B.png,0.0019664,0.11474559,0.00129573,0.00033371,0.00347946,0.00019657,0.02956658,0.00141787,2.743e-05,0.00087515,0.00146757,0.00331146,4.74e-06,0.00016239,0.0018205,0.00117734,0.00106331,0.00491864,0.00016715
DX.1.2.00292278000339240220191019083442255095984.png,0.01379963,0.00048514,0.34270948,0.00091291,0.9822558,0.00030387,0.6910621,0.00261262,0.00016513,0.00041658,2.099e-05,0.07977718,3.59e-05,0.00049567,6.56e-06,0.00028891,0.00044884,0.09868412,0.00049004
DX.1.3.46.670589.26.802544.25.20191104.83811.305965.0.png,0.01820208,0.4972061,0.00043544,0.02684459,0.00021725,0.44537425,0.00026522,0.01675772,0.00054024,0.01061276,0.00017252,0.00046526,1.984e-05,0.00075236,0.00423834,4.326e-05,0.01112422,5.355e-05,7.139e-05
CR.1.3.12.2.1107.5.3.57.20200.11.201911041032460234.png,0.3999563,0.00267766,0.88669753,0.0979102,0.07437096,0.99630266,0.00356467,0.09227294,0.84258515,0.06151952,2.577e-05,0.00153817,0.00159523,0.00108464,0.00012348,6.303e-05,0.00879002,0.00263452,0.00104233
CR.1.3.12.2.1107.5.3.57.20200.11.201910251509570156.png,0.02124334,0.00024664,0.04675776,0.00402556,0.97825694,0.00389837,0.03304008,0.00439426,0.00305848,0.00649796,0.00014193,0.00197961,5.712e-05,9.607e-05,6.837e-05,1.497e-05,0.00312228,0.02688368,0.00037661
DX.1.2.00293179000340071720191024082813262347937.png,0.6411983,0.00069898,0.17821705,0.12684907,0.53254795,0.03860039,0.02410597,0.00109066,0.01909684,0.086734,6.38e-06,0.00125031,9.405e-05,0.00012965,2.108e-05,0.00172436,0.00424011,0.00826766,8.373e-05
DX.1.2.840.113619.2.369.4.2147483647.1573107924.122679.png,0.49199384,0.00303052,0.01014644,0.00273733,0.01925477,0.00058049,0.00214397,8.603e-05,0.00457609,4.142e-05,8.352e-05,0.0264448,2.03e-06,0.00040622,0.00093778,0.0028848,0.00026657,3.464e-05,3.264e-05
5DEDE62A648C6A.png,0.98382854,0.19888525,0.19308248,0.9917365,0.29793245,0.73725766,0.00010627,0.4130993,0.26914594,0.00159023,4.71e-05,0.00170953,0.00016461,0.00114239,0.0003175,0.00020907,4.707e-05,0.00053148,0.00067752
CR.1.2.156.600734.516764694.906304.1571296922.116.0.1.png,0.0003377,0.00016287,0.13149925,8.582e-05,0.20332128,5.044e-05,0.2579362,9.154e-05,1.406e-05,0.00046196,0.00589312,0.29444745,0.00012414,0.00201603,0.00125778,0.00041519,0.00177693,0.00207795,0.00139525
CR.1.3.46.670589.26.602199.4.20190910.94931.331877.0.png,0.13500604,0.00063847,0.00298591,0.00015456,0.10668069,0.00066893,0.07989312,0.01192459,0.00294055,0.00092142,0.00075402,0.0438471,2.013e-05,0.00032843,2.421e-05,8.68e-06,0.2516048,0.00050496,3.487e-05
DX.1.2.840.113619.2.369.4.2147483647.1572240928.424945.png,0.00303186,0.04295086,0.00015878,0.00119267,0.02151904,0.00253484,0.00712618,0.00598546,1.162e-05,0.00238252,0.00020758,0.00103396,4.38e-06,1.369e-05,0.00131347,0.00041632,0.00194939,0.00134857,2.394e-05
5C6E0C4F1898300.png,0.03760536,0.9891686,0.00885576,0.09190452,0.00103838,0.0190941,0.00278572,0.37259737,0.00132188,0.00011284,0.00020333,0.00064973,9.19e-06,2.279e-05,0.00682781,0.00012098,4.649e-05,0.00107297,0.00010505
5E1D10EB4BA899D.png,0.9003236,0.10684057,0.01298765,0.21899661,0.0075549,0.60453975,0.00514517,0.05173198,0.00546599,0.00074515,0.00019052,0.00552462,2.14e-05,0.00020404,9.077e-05,0.00010844,0.0665445,0.0033839,6.418e-05
DX.1.2.840.113619.2.369.4.2147483647.1568187567.998174.png,0.00126702,0.02074145,0.00111501,9.798e-05,0.00393708,0.00694741,0.04013185,0.00083289,5.392e-05,0.0008062,0.0003984,0.0019434,4.03e-05,0.00059098,0.00011402,0.00040404,0.00237845,0.0062858,7.246e-05
CR.1.2.156.600734.516764694.1648.1573367484.1457.0.1.png,0.00011006,0.00113227,0.7012321,2.376e-05,0.9640736,0.00013673,0.15017274,0.0007391,3.259e-05,0.0005629,0.00032653,0.9839676,0.00044591,0.00020295,0.00091416,9.842e-05,0.00598388,0.00103422,3.136e-05
CR.1.3.12.2.1107.5.3.57.20200.11.201910251740040984.png,0.00071663,0.00284096,0.01197561,0.00508075,0.99568295,0.00763644,0.8719473,0.5413454,0.00043376,0.11849602,0.00017155,0.00912311,0.00029006,0.00014515,0.00030168,0.00023612,0.00810623,0.00840463,0.00028937
5DBA9CDE25880FF.png,0.01022479,0.02676681,0.00220408,0.0019979,0.52806,0.00044799,0.04236397,0.2544945,0.00851722,0.00016178,0.02158087,0.00150714,1.381e-05,0.00017498,5.663e-05,2.209e-05,0.00018586,0.00051315,2.08e-05
CR.1.2.840.113564.199912075.2019102916323976562.1203801020003.png,0.00038187,0.15463582,0.00044141,0.00052819,0.00511635,0.01877825,0.05138386,0.00018154,5.093e-05,0.451196,0.00012524,0.00769947,2.31e-05,0.00060451,0.00046759,0.00088169,0.0459779,0.00368409,2.062e-05
5C12FCD52194766.png,0.01552179,0.98839587,0.00108702,0.5438627,0.00623659,0.97912115,0.0004359,0.95605725,0.04764722,0.00200711,2.3e-05,7.079e-05,0.00016341,0.00018093,0.00210612,0.00034519,0.00077326,9.758e-05,0.00031997
DX.1.2.392.200036.9125.4.0.487535760.51799446.2795306561.png,0.01703127,0.00631099,0.09995942,0.00188417,0.02065676,0.0001862,0.5455469,0.0003632,0.00017394,0.00013069,9.514e-05,0.00571651,0.00039757,0.00389118,0.00081769,0.00315118,6.842e-05,0.00614533,0.01179906
DX.1.2.00306379000339119320191018094345172839078.png,0.03751729,0.00438648,0.00016045,0.00084562,0.0029017,6.004e-05,0.10213514,8.069e-05,5.965e-05,0.00119946,0.00313256,0.00196661,2.268e-05,0.00100528,0.04015863,0.00044373,0.00192067,7.91e-05,0.00403387
DX.1.2.392.200036.9125.4.0.487534479.1067017622.2795306561.png,0.26804543,0.00217484,0.6492632,0.00913424,0.00452363,0.00054087,0.00849285,0.00021643,0.00056345,1.85e-05,3.332e-05,0.00126057,0.0001559,0.0728141,0.00053302,0.00241249,0.00014259,0.06822215,0.00928852
DX.1.2.00197019000340102220191024090857264792031.png,0.9834102,0.00532784,0.00345611,0.96201897,0.06635754,0.0016326,0.03241703,0.10213787,0.00379328,0.00020319,3.78e-06,0.00113432,0.00014936,0.00022233,0.00015613,0.04414917,0.00013763,0.00203713,0.00060081
DX.1.2.392.200046.100.2.1.69131194618.191021151512.1.1.1.png,0.000245,0.00035178,0.00035206,0.00012207,0.7917644,0.00041177,0.4423636,0.002335,4.25e-05,0.07325466,0.00100379,0.13730027,2.067e-05,0.00010319,0.00011286,0.00018014,0.2663849,0.00236011,2.396e-05
DX.1.2.392.200046.100.2.1.69131194618.191108111417.1.1.1.png,0.11283457,0.00014629,0.00860014,0.00382712,0.9895548,0.00024128,0.6877761,0.0787524,0.00212591,0.01138233,0.00530446,0.03185953,7.494e-05,0.00106744,2.343e-05,0.00018527,0.01006724,0.06371694,0.0001181
DX.1.3.46.670589.26.802544.25.20190911.91511.290782.0.png,0.00245139,0.00499649,2.632e-05,0.0001952,0.00846408,0.0002047,0.20651285,0.00372308,9.22e-06,0.00039832,0.02832102,0.00069042,1.183e-05,6.547e-05,0.00079841,0.00176846,0.00053737,0.00099699,0.00022778
DX.1.2.00317281000343164620191113075722161972390.png,0.00170211,0.05328186,5.464e-05,0.00030356,0.00110554,0.00084493,0.55124164,0.00120187,1.841e-05,0.01049449,0.00064812,0.01009834,1.369e-05,0.00107026,0.06877029,0.00076946,0.00577078,0.00016337,0.0001842
DX.1.3.46.670589.26.802544.25.20190911.110249.290860.0.png,0.04506017,0.08980717,0.00023109,0.01373539,9.145e-05,0.00218974,0.00209711,0.00085305,0.0003038,0.00014796,0.5641414,0.00034912,0.00020497,0.00050109,0.29219988,0.00422755,0.00022115,0.00010627,0.00839407
DX.1.2.840.113619.2.369.4.2147483647.1573537218.449786.png,0.00104457,0.5551381,6.616e-05,0.00011644,2.539e-05,0.00203296,0.00054748,6.129e-05,3.788e-05,0.00052699,0.00183318,0.00619714,3.689e-05,0.00039076,0.43778837,0.00052641,0.00499208,5.241e-05,0.00011121
DX.1.2.392.200036.9125.4.0.487535983.51996054.2795306561.png,0.00104982,0.00065427,0.10820577,6.76e-06,0.39917156,7.763e-05,0.81930226,0.00091834,0.00016522,0.00017886,3.722e-05,0.1449553,3.474e-05,0.00332058,0.00018485,8.902e-05,0.00185273,0.006937,0.0026967
DX.1.2.0030980200033963322019102208221789192515.png,0.00050541,0.00623819,3.697e-05,0.00023388,0.00072319,0.00203135,0.88996774,0.0005514,1.785e-05,0.05673533,0.0037101,0.00303404,1.283e-05,0.00031205,0.01649393,0.00124611,0.02031636,0.00032715,0.00062922
DX.1.2.840.113619.2.369.4.2147483647.1574044739.914057.png,0.69638306,0.4183176,0.03322572,0.57927257,0.01190401,0.15075393,0.00474537,0.09796397,0.00229374,4.79e-05,1.183e-05,0.00084211,6.439e-05,0.00014519,0.0004594,0.00029918,0.00019604,0.00144,0.00013515
DX.1.2.0030666700034144122019110109294593067937.png,0.0063718,0.00057809,0.04369087,0.00056781,0.83784246,0.0005492,0.04065186,0.00146827,0.00030299,0.00081471,0.0002194,0.02236334,1.396e-05,0.00017801,2.103e-05,0.00026894,0.0089691,0.03217615,0.00017672
DX.1.2.840.113619.2.369.4.2147483647.1572239357.587954.png,0.00104266,0.57047224,0.00029103,0.0045832,0.00280306,0.24532036,0.03732649,0.0518864,3.382e-05,0.0094986,3.597e-05,0.00270986,1.867e-05,0.00012104,0.00097076,0.000607,0.00798795,0.00308402,1.039e-05
DX.1.2.840.113619.2.369.4.2147483647.1572836367.182309.png,0.9988964,0.00510303,0.6092886,0.63908297,0.55454236,0.01273968,0.00208339,0.02496083,0.4559853,1.414e-05,6.23e-05,0.00965801,4.004e-05,0.00016417,0.00017639,0.01713692,0.00031499,0.09249455,5.243e-05
CR.1.2.156.600734.516764694.1648.1572317898.600.0.1.png,0.00045561,0.00490791,0.08760954,1.823e-05,0.30453032,0.05372675,0.13019241,0.01301022,0.00045425,0.01792171,0.00014413,0.75954294,0.00057645,0.00020235,0.00021219,2.192e-05,0.06317538,0.00062036,5.63e-05
5C2025BA1DE4702.png,0.00163388,0.01977314,0.00072262,0.00016125,0.00155181,0.00035656,0.0626576,0.00011346,2.465e-05,0.00058608,0.00792942,0.00170104,9.34e-06,0.00120526,0.01884773,0.0005213,0.00083042,0.00052651,0.00033554
CR.1.3.46.670589.26.602199.4.20191105.84742.334178.0.png,0.99728966,0.00127498,0.30433768,0.2087706,0.08481898,0.2613908,0.00011976,0.00147057,0.97543246,0.01556391,1.573e-05,0.0030771,0.00028335,0.00338899,1.191e-05,6.278e-05,0.10959,0.00450726,0.00041615
CR.1.3.12.2.1107.5.3.57.20200.11.201910210959070093.png,0.34403947,0.00200233,0.9944936,0.03589368,0.9998005,0.05309695,0.04711309,0.07376354,0.00845266,0.02106132,0.00019738,0.04437286,0.00265692,0.00190396,5.037e-05,0.00042203,0.0018064,0.18344134,0.00278896
5E0564385548673.png,0.00960922,0.29513747,0.00037109,0.0007281,0.00058235,0.00047669,0.00070755,0.00044994,0.00011895,0.00015934,0.01642783,0.00651584,8.86e-06,0.00025172,0.03870367,0.00053139,0.00111209,3.224e-05,2.42e-05
DX.1.2.840.113619.2.369.4.2147483647.1573698492.995471.png,0.27837664,0.04535858,0.00022325,0.0123547,0.00049622,0.0002302,0.0025798,0.00010873,0.00017159,1.923e-05,0.0134997,0.00081721,2.36e-06,0.0008084,0.00780282,0.0041126,0.00079661,6.376e-05,7.362e-05
CR.1.3.12.2.1107.5.3.57.20200.11.201910230949120359.png,0.00194362,0.00263328,0.00069937,0.00199847,0.05771852,0.00137036,0.25500074,0.0011946,5.838e-05,0.0133066,0.00148021,0.01894845,4.537e-05,0.00039714,0.00099253,0.00040609,0.01337712,0.00077397,0.00089787
DX.1.2.392.200046.100.2.1.69131194618.191028103423.1.1.1.png,7.015e-05,0.00351599,9.537e-05,3.565e-05,0.07312011,0.00193834,0.83048993,0.00040155,1.598e-05,0.0705877,0.00782336,0.02025541,8.451e-05,0.00029421,0.00047318,0.0001628,0.10170539,0.00297332,0.00010482
5B0CB39711E4AFA.png,0.9231093,0.0084459,5.749e-05,0.05092852,0.00357207,0.00058624,0.00049773,0.02124512,0.00214008,1.019e-05,0.00393553,0.0001637,3.9e-06,0.00012405,0.00065507,0.00452755,6.138e-05,0.00041074,2.002e-05
DX.1.2.840.113564.920101.20191112144332328270.1003000225002.png,0.00284169,0.16285451,3.534e-05,0.00087269,0.00219838,0.00086283,0.00302094,0.00037853,9.32e-06,0.00375036,0.00486532,0.01069216,1.546e-05,3.258e-05,0.00401776,0.00200166,0.01181043,0.00017704,5.627e-05
DX.1.2.840.113619.2.369.4.2147483647.1573453851.442050.png,0.01814061,0.5349617,0.01134005,0.00077118,0.00302046,0.01044342,0.01181926,0.00099934,2.066e-05,0.00019356,0.00035252,0.02014492,9.613e-05,0.00027212,0.00104548,0.00296426,0.00246914,0.00394507,5.35e-05
CR.1.3.46.670589.26.602199.4.20190910.80110.331808.0.png,0.9233669,0.05862702,0.00285059,0.8324322,0.00824613,0.94964373,0.00021075,0.2947477,0.09242519,0.01818507,0.00013982,0.00016531,0.00010701,0.00029557,0.00052266,0.00014378,0.00201954,0.00050448,0.00032264
DX.1.2.840.113619.2.369.4.2147483647.1572844173.596740.png,0.7686619,0.00181571,0.00751137,0.05919016,0.08467806,0.00187543,0.09442864,0.01243721,0.03169591,0.00011403,9.789e-05,0.00133894,4.937e-05,0.0001815,4.441e-05,0.0004071,0.00050064,0.00230719,2.504e-05
5AFBA3F41BBC223.png,1.95e-05,0.44819587,9.61e-05,5.76e-06,0.00076126,0.01646938,0.00380676,0.00095747,3.887e-05,0.19228467,0.00108918,0.02720845,0.00017912,0.00072106,0.00117389,7.592e-05,0.12958393,0.00073913,0.00014182
5E0D3B9A576CAD2.png,0.00397574,0.00326241,0.06282818,0.00052567,0.98166907,0.00056301,0.17970785,0.03954709,0.00015121,0.00019239,0.00034753,0.01054702,2.731e-05,9.389e-05,0.0001582,0.00126171,7.158e-05,0.02085189,0.0003001
DX.1.2.840.113619.2.369.4.2147483647.1573536974.325757.png,0.60339844,0.56418467,0.00727523,0.20456746,0.00124656,0.04100096,0.00042542,0.00184145,0.0089211,0.00015271,0.00047313,0.00039034,8.863e-05,0.00088634,0.01492612,0.0007341,0.00101278,0.00043042,0.00096707
DX.1.2.840.113619.2.369.4.2147483647.1573453948.99349.png,3.071e-05,0.01787665,0.00038127,1.184e-05,0.01022339,0.00195502,0.5564995,0.00111951,7.06e-06,0.00439914,0.0012175,0.148049,9.932e-05,0.0023488,0.00016499,0.00050854,0.03842763,0.00388049,8.021e-05
CR.1.2.156.600734.516764694.906304.1571223395.54.0.1.png,0.01758527,0.00241849,0.271738,0.01180934,0.9764934,3.595e-05,0.00873529,0.12420584,0.0001956,0.00024808,0.00089912,0.10110953,0.0002022,8.05e-06,0.00045909,0.00061577,0.00074016,0.00028039,0.00200086
DX.1.3.46.670589.26.802544.25.20191114.85452.309149.0.png,6.395e-05,0.00570673,0.00237846,5.88e-06,0.00079019,0.00109064,0.01169261,0.00016062,5.81e-06,0.0063045,0.8668189,0.00758089,0.00012933,0.00186219,0.00337463,2.779e-05,0.01374811,0.00024678,0.00343275
DX.1.2.0031502800034192482019110509135692381171.png,0.00096439,0.00235644,0.00268183,4.548e-05,0.01290216,1.022e-05,0.67662746,0.00028395,3.71e-06,6.197e-05,0.00518693,0.02189676,4.53e-06,0.0001299,0.00743448,0.00075491,0.00045956,0.00014108,0.00016487
CR.1.3.12.2.1107.5.3.57.20200.11.201910191254040093.png,0.00029106,0.0005864,0.07534486,7.076e-05,0.6505198,0.0029977,0.36476484,0.021782,0.00011639,0.00350318,0.00018038,0.3059762,7.051e-05,0.00113644,4.375e-05,1.422e-05,0.3590206,0.00918476,0.00053709
5C7F5BB824C78B.png,0.3930981,0.0012382,0.22304279,0.00057881,0.42332515,0.0001369,0.19101173,0.01442066,0.00146771,4.69e-06,0.00050428,0.00261586,3.724e-05,0.00094747,0.0002236,0.00011801,0.00011743,0.01000594,9.593e-05
DX.1.2.392.200036.9125.4.0.487527783.2377541014.2795306561.png,0.1860553,0.00060137,0.62089556,0.02561736,0.60536087,0.00071228,0.17468962,0.0046687,0.00047769,0.00010792,0.00017051,0.01928988,0.00038982,0.02931874,0.00155203,0.00525991,0.00027744,0.02557026,0.03855497
DX.1.2.392.200036.9125.4.0.487562609.668689814.2795306561.png,0.46988973,0.00080416,0.00569131,0.00471057,0.00085084,4.132e-05,0.02599266,2.067e-05,0.00074176,1.449e-05,0.00204536,0.00571657,4.939e-05,0.0035368,0.00561702,0.01818036,8.732e-05,0.0005274,0.00395321
5DD9D20D2D74C4E.png,0.1169484,0.01317231,0.00075568,0.0001603,0.00444959,0.0010498,0.0037653,0.00054512,0.00069506,0.00022166,0.00298761,0.06995614,3.93e-06,0.00016636,5.996e-05,7.666e-05,0.01537786,0.00033101,1.445e-05
DX.1.2.840.113619.2.369.4.2147483647.1573693307.601173.png,0.15488128,0.12959811,0.00971509,0.434477,0.25607485,0.1137257,0.00026697,0.69659007,0.00548819,0.00237405,0.00049902,0.00014687,4.185e-05,0.00015784,0.0005784,0.00072199,0.00073451,0.00103195,5.412e-05
DX.1.2.840.113619.2.369.4.2147483647.1572912438.537539.png,0.00079533,0.03235522,4.521e-05,6.48e-06,0.00161774,0.00055869,0.01425744,0.00037807,1.471e-05,0.00014857,0.00212061,0.00577922,3.504e-05,0.00021636,0.00502775,0.00067676,0.00208317,0.00060142,9.116e-05
5CEB23A280801A.png,0.72322714,0.27956724,0.00139107,0.20169985,0.00386657,0.07851966,0.00231574,0.4977432,0.01066656,0.00024215,4.902e-05,0.00192912,4.458e-05,0.00011227,3.047e-05,0.00066184,0.0605782,0.00048812,1.885e-05
CR.1.2.156.600734.516764694.533640.1571543602.10.0.1.png,7.46e-06,0.00326678,0.31313518,3.935e-05,0.7748048,0.00012856,0.42109337,0.00116975,7.47e-06,0.00773008,0.00086928,0.47506985,0.00011416,0.00010568,0.00207195,0.00032368,0.00545672,0.00672846,0.00021371
DX.1.3.46.670589.26.802544.25.20191104.132754.306161.0.png,0.49584836,0.00691748,0.00090165,0.00384174,0.00885267,0.07035791,0.00040521,0.01713262,0.00924123,0.01702243,0.00015954,0.00168084,3.106e-05,0.00044062,7.236e-05,2e-05,0.1502855,0.00014239,0.0004961
CR.1.2.156.600734.516764694.1648.1572652374.885.0.1.png,0.42477673,0.00625981,0.99822193,0.41609737,0.9624731,0.03840296,0.00203791,0.00767189,0.1938531,0.00018096,5.661e-05,0.31951272,5.805e-05,0.0115197,0.00340427,0.01877016,4.13e-05,0.00096465,0.00480361
5D2401A422588BF.png,0.7576285,0.00171514,0.5998756,0.01246235,0.4726455,0.0008496,0.01021813,0.00010648,0.09876571,9.837e-05,0.00023016,0.02926622,8.37e-06,0.00067909,0.00016085,0.00584808,0.0037662,0.02437174,0.00019749
DX.1.3.46.670589.26.802544.25.20191111.113020.307996.0.png,0.7782322,0.00647125,0.11038503,0.00260072,0.02650186,0.04729215,0.02203103,0.07458654,0.03831278,0.00011758,0.00088476,0.00984633,0.00509099,0.02336414,8.665e-05,5.756e-05,0.00143983,0.00313455,0.00253923
DX.1.2.840.113619.2.369.4.2147483647.1573707746.267679.png,0.02254011,0.9881505,0.00065327,0.13452397,0.00224538,0.0832974,0.00073314,0.00763112,1.53e-05,0.03225408,1.372e-05,0.01702345,0.00012109,0.00105007,0.04175486,0.00078223,0.01281746,0.00044988,0.00027269
DX.1.2.392.200046.100.2.1.69131194618.191110151135.1.1.1.png,0.01350668,0.01004112,0.01491382,0.00068805,0.94531214,0.00103249,0.45124856,0.1331925,0.00073202,0.00152327,7.355e-05,0.05357928,3.879e-05,0.00029438,1.537e-05,3.323e-05,0.05766136,0.10729702,4.528e-05
DX.1.2.840.113619.2.369.4.2147483647.1574044650.569518.png,0.01867178,0.85216767,3.525e-05,0.05823592,0.00024305,0.00860873,0.00064859,0.00200469,6.19e-05,0.01079995,0.0001946,0.00045233,0.00016648,4.243e-05,0.4423833,0.00034254,0.01307561,0.00025977,0.00049786
5D02ECF513CCD61.png,0.99897087,0.00123312,0.9992221,0.958369,0.04501647,0.98685765,0.00054047,0.04328776,0.9998461,4.211e-05,1.69e-05,0.00419069,0.00137638,0.00131817,0.00040514,0.0246883,0.00181514,0.00500914,0.00291104
DX.1.2.0030973900033962842019102209532494659390.png,0.00041441,0.01636766,0.00011017,0.00104797,0.510355,0.00708155,0.91026646,0.03796495,4.49e-06,0.22157744,0.00301543,0.02024631,0.00022186,5.946e-05,0.00113699,0.00043179,0.0224826,0.00043931,0.00015925
DX.1.2.00311296000340082820191024082722262296859.png,0.00144394,0.0008608,0.02422664,0.00121417,0.13659984,0.00076243,0.9661811,0.00084906,0.00014577,0.01139606,0.00028298,0.42017353,0.0003536,0.00128152,0.00136679,0.00078628,0.00917841,0.00028081,0.00188793
DX.1.2.392.200036.9125.4.0.487566474.1761830294.2795306561.png,0.01562034,0.00135712,0.92213535,0.00064897,0.08573028,3.578e-05,0.02755519,5.26e-06,4.585e-05,5.242e-05,0.00035257,0.02778795,0.00019426,0.10504676,0.00234889,0.00725369,4.918e-05,0.0737552,0.02366374
CR.1.2.840.113564.199912075.2019102210242961243.1203801020003.png,0.06889251,0.00167302,0.00298792,0.00148391,0.2254244,0.00178005,0.61394364,0.42757797,0.00080707,0.0002522,0.00023474,0.00086387,9.003e-05,0.00059996,2.024e-05,0.00028051,0.00031956,0.01833205,0.00040033
DX.1.2.840.113564.920101.20191113111044859580.1003000225002.png,0.01205899,0.02629078,0.00011595,0.00163991,0.00073668,0.01647717,0.0564581,1.885e-05,0.00010859,0.00486638,0.00231678,0.00369662,1.783e-05,0.00034645,0.00012184,0.00363794,0.00079037,0.00110522,8.456e-05
DX.1.3.46.670589.26.802544.25.20191105.81650.306385.0.png,0.00111887,0.00921382,0.0052031,0.00076524,0.236539,0.17599311,0.5024044,0.327316,0.00036096,0.07347248,5.965e-05,0.0422208,0.00020969,0.001071,3.01e-06,1.037e-05,0.01404538,0.00186644,6.165e-05
DX.1.2.840.113619.2.369.4.2147483647.1568163632.73038.png,0.01133609,0.0030758,0.00012082,9.012e-05,0.01222282,4.189e-05,0.2852252,0.00011092,3.622e-05,0.00032351,0.00063999,0.0297589,9.98e-06,0.00023238,0.00634238,0.00051666,0.00494771,0.00046007,6.158e-05
DX.1.2.840.113564.920101.20191118135100687920.1003000225002.png,0.9996119,0.00057681,0.95869946,0.90915,0.9963121,0.04575282,0.00131338,0.38572964,0.6048115,0.00015713,1.887e-05,0.00538077,4.666e-05,0.00056455,3.742e-05,0.00029163,0.00039945,0.0049594,0.00014482
5BEAB90221E883F.png,0.00025718,0.00045711,0.00121281,2.01e-05,0.00974406,0.00034537,0.458674,0.00030141,2.671e-05,0.00024459,0.02088795,0.0037912,7.65e-06,0.00026839,0.00049765,0.00014791,0.00120231,0.00104806,0.00073265
DX.1.2.00310979000339870020191023080201174376437.png,4.335e-05,0.02026447,5.202e-05,0.00022846,0.267436,0.02810649,0.96587247,0.13246278,1.615e-05,0.29349896,0.00152241,0.01222175,6.178e-05,4.287e-05,9.933e-05,0.00097102,0.00589524,0.00021853,0.00015636
DX.1.2.840.113619.2.369.4.2147483647.1573018278.966278.png,0.00512271,0.01152246,0.00309014,0.00013074,0.7839365,0.00132091,0.11113791,0.04847815,0.00055544,0.00132312,0.00015146,0.08237887,4.34e-06,0.00037198,2.81e-05,6.045e-05,0.02706055,0.00214226,7.02e-06
DX.1.2.840.113564.920101.20191113104731328460.1003000225002.png,0.0040073,0.00443094,0.00021558,0.00029604,0.4597544,0.00042544,0.3445206,0.00466882,8.45e-06,0.00556301,0.00189689,0.01471659,1.899e-05,4.352e-05,0.00062771,0.00201999,0.01201752,0.00092586,6.696e-05
DX.1.2.00289127000343622720191115091616339505859.png,0.5041661,0.0110936,0.13749866,0.960376,0.55636615,0.7978071,0.03745428,0.14021693,0.09108054,0.01224027,8.592e-05,0.016066,0.00014411,7.663e-05,0.00013051,0.00239262,0.00573088,0.00234032,0.0001081
CR.1.2.156.600734.516764694.1648.1572200299.453.0.1.png,0.00630773,0.02731262,0.13081563,0.0006147,0.00487892,0.00014655,0.00801006,0.00112654,4.757e-05,8.998e-05,0.00021341,0.07782583,8.661e-05,0.00766464,0.00221221,0.00852913,0.00050649,0.00797117,0.0007469
DX.1.2.840.113564.920102.20191106092111375360.1003000225002.png,0.13491963,0.00582331,0.00185489,0.0184865,0.03690302,0.00084325,0.05616256,0.00853131,0.00037664,0.02622783,0.03044726,0.00104967,0.00026339,0.00051239,0.00376171,0.07813412,0.00078249,0.00352191,0.00231107
5DF8292F172CC4E.png,0.00266955,0.8777205,8.31e-06,0.00240923,5.176e-05,0.01823264,7.203e-05,0.00053991,7.386e-05,0.01108714,0.01135592,0.00311877,7.69e-06,3.383e-05,0.36696312,0.00051996,0.00223548,0.00022757,6.933e-05
CR.1.2.156.600734.516764694.1648.1573735113.1831.0.1.png,0.0052259,0.00949151,0.00074633,0.00467072,0.00140475,0.00180461,0.00600662,5.795e-05,5.17e-06,0.00027509,0.01239735,0.00545055,0.00015604,6.424e-05,0.00265646,0.04880487,0.00039242,0.00085047,0.00034344
DX.1.2.392.200046.100.2.1.69131194618.191021100159.1.1.1.png,0.20152105,0.00163286,0.00132418,0.00027421,0.81313753,4.106e-05,0.0747623,0.0016758,0.00103946,0.00034977,0.00040195,0.00366112,1.33e-05,0.00048296,4.51e-05,0.00041815,0.00092525,0.02266185,0.00042297
CR.1.3.12.2.1107.5.3.57.20200.11.201911121434330156.png,0.9898956,0.00137703,0.9999298,0.9911583,0.8183173,0.9993963,0.00372105,0.14077862,0.9887001,0.00110404,1.975e-05,0.00126787,0.00112319,0.00247754,4.851e-05,0.000233,0.00013732,0.03362235,0.00118365
DX.1.3.46.670589.26.802544.25.20191107.150338.307280.0.png,0.03517179,0.00990587,0.01138917,0.00219319,0.00134319,0.00656938,0.00784704,0.07078192,0.00458166,3.689e-05,0.00360603,8.555e-05,6.932e-05,0.00280842,0.00113216,0.00240317,2.956e-05,0.00071725,0.00827051
5CBD5A4D22CA5E.png,0.18681704,0.01237232,0.12456141,0.00528663,0.20387805,0.00213971,0.00997951,0.02289916,0.00088821,0.00015727,0.00029042,0.00499794,2.973e-05,0.00078115,0.00043464,0.00065728,0.00328805,0.00833472,0.00019455
DX.1.3.46.670589.26.802544.25.20191106.84907.306709.0.png,0.03030918,0.00153145,0.00071247,0.00118821,0.07408507,0.01011465,0.03881214,0.3289849,0.00029839,6.818e-05,0.00354956,0.00148751,0.00013152,0.00074868,0.0003655,0.00152608,0.00121713,0.00209952,0.00013852
CR.1.3.12.2.1107.5.3.57.20200.11.201911110925090953.png,0.69593567,0.00626586,0.8782092,0.82186586,0.08817558,0.9919252,0.00144271,0.32468507,0.9033208,0.04216532,3.877e-05,0.00057722,0.00311001,0.00254983,0.0012533,5.95e-05,0.00155631,0.01049016,0.00015443
DX.1.2.00308831000339123920191018093822172516250.png,0.00019043,0.00105931,0.00017896,5.024e-05,0.00107224,0.00017513,0.9443788,7.314e-05,2.504e-05,0.00269644,0.00118878,0.00783404,3.452e-05,0.00122499,0.00421038,0.0047885,0.0018828,0.00018187,0.0016312
DX.1.2.840.113619.2.369.4.2147483647.1573603708.497281.png,0.934156,0.00135151,0.9938934,0.7994083,0.9259744,0.04089396,0.00036061,0.04177213,0.02690986,0.00035132,6.654e-05,0.00229529,0.00159656,0.0390824,1.375e-05,0.00472743,0.00114526,0.05195065,0.00407596
DX.1.2.0028723500034300202019111208241177181328.png,0.96733207,0.00244355,0.1602103,0.67864394,0.9181953,0.0179049,0.0856015,0.05185338,0.01171661,0.00062168,5.83e-06,0.02190146,0.00018751,0.00038463,1.676e-05,0.00039786,0.00061281,0.00273359,0.00010551
DX.1.2.00191051000340258220191025082231348406031.png,0.00050529,0.00281775,0.00338401,0.00103005,0.24618243,0.02279133,0.64378494,0.00018941,4.747e-05,0.05932216,0.00016505,0.10602279,7.27e-05,0.00039881,0.00045931,0.00032311,0.04099422,0.00461009,0.00010117
DX.1.3.46.670589.26.802544.25.20191113.104023.308878.0.png,0.9934484,0.00143195,0.35467315,0.965896,0.21893476,0.8408671,0.00352656,0.82079893,0.6526919,0.005468,0.00030702,0.00092114,0.00066639,0.00906673,1.202e-05,4.733e-05,0.00200296,0.00293242,0.00178984
DX.1.2.840.113619.2.369.4.2147483647.1572230501.381209.png,0.10927256,0.00587918,0.00098175,0.0922063,0.00962274,0.00010619,0.01223283,7.608e-05,0.00103903,2.34e-05,0.00024098,0.00248238,6.32e-06,0.00300646,0.0254951,0.0010526,0.00056609,0.00084963,0.0013186
5C6B4F111F88A18.png,0.9622689,0.23313919,0.00400961,0.8690117,0.01628054,0.01545704,0.00174713,0.71301574,0.00356599,0.00011826,2.111e-05,0.00727002,2.85e-05,3.257e-05,0.00011346,0.00213528,0.00524731,4.654e-05,4.431e-05
CR.1.2.156.600734.516764694.906304.1571301749.126.0.1.png,1.672e-05,0.00191136,0.24524626,3.073e-05,0.8724192,3.744e-05,0.4533409,0.00024253,6.5e-06,0.00075149,0.00237369,0.30397606,9.105e-05,3.927e-05,0.00060022,0.00046271,0.00084308,0.00282921,8.649e-05
DX.1.2.840.113619.2.369.4.2147483647.1573020229.665671.png,0.0439433,0.1631578,0.00010115,0.023215,0.0581877,0.00533988,0.00120296,0.21060593,0.00011499,0.00033949,0.00408648,0.00061729,2.739e-05,9.26e-06,0.00046652,0.00013378,0.00415648,9.141e-05,0.00030891
DX.1.2.840.113619.2.369.4.2147483647.1572915160.178316.png,0.09502392,0.33186585,8.34e-05,0.00486711,0.00017458,0.00280431,0.01135916,0.006382,0.00022899,0.00039459,0.00057584,0.00235223,2.86e-06,7.837e-05,0.03155028,0.00243005,0.00130244,0.00014417,7.167e-05
DX.1.2.840.113619.2.369.4.2147483647.1572829271.493368.png,0.04795206,0.0157939,3.586e-05,0.00243198,0.00482233,0.00056991,0.01014154,0.00152042,2.157e-05,0.00064717,0.00610802,0.00268677,3.19e-06,0.00024364,0.00143843,0.0022822,0.00064083,0.00024094,0.00018566
CR.1.2.156.600734.516764694.1648.1572584636.845.0.1.png,0.1273671,0.06002111,0.00822188,0.04296952,0.43369713,0.00141342,0.06699534,0.02995691,0.00061729,0.0048142,0.03032857,0.01423355,0.0021329,0.00034181,0.01579319,0.07118884,0.00284014,0.00466026,0.00577306
DX.1.3.46.670589.26.802544.25.20191118.80441.310106.0.png,0.96475554,0.0005288,0.04671688,0.0159666,0.06356782,0.00231842,0.04101218,0.00630092,0.0527715,0.00032532,0.00031461,0.00721732,9.617e-05,0.0069085,1.502e-05,3.356e-05,0.01720119,0.00030473,0.00021189
DX.1.2.392.200046.100.2.1.69131194618.191021152115.2.1.1.png,0.1944258,0.00045087,0.02078639,0.00281583,0.8970478,0.00101222,0.6913148,0.24492829,0.00019157,0.00082157,3.704e-05,0.00878557,0.00045509,0.01418566,1.575e-05,0.01179539,0.000502,0.451827,0.00182325
DX.1.2.840.113619.2.369.4.2147483647.1572237695.412502.png,0.00082718,0.5543346,0.00012994,0.00036284,0.00202316,0.02204232,0.00289524,0.00909922,4.845e-05,0.02316123,0.00026074,0.00112908,6.27e-06,2.295e-05,0.01983499,0.00033368,0.00621915,0.0004101,9.054e-05
DX.1.2.840.113619.2.369.4.2147483647.1572915378.216705.png,0.5985236,0.02368015,0.0001191,0.12802581,0.02122822,0.00062374,0.1565898,0.06945466,0.00017413,2.904e-05,0.00015612,0.0004869,1.438e-05,0.00013057,0.02500482,0.00352868,0.00011689,0.0032022,3.485e-05
DX.1.2.392.200046.100.2.1.69131194618.191110160947.1.1.1.png,0.00221801,0.00549869,0.00411372,0.00108224,0.99792814,0.00071455,0.66847134,0.07658358,0.00022296,0.0020241,0.00022769,0.01354139,0.00012008,2.839e-05,0.00085015,0.00054874,0.00136191,0.00312761,8.992e-05
DX.1.2.840.113619.2.369.4.2147483647.1572844025.89808.png,0.67274606,0.915794,0.00591956,0.8819548,0.00075862,0.627751,0.00025115,0.248325,0.01781209,3.541e-05,8.5e-06,0.00017388,0.00012175,0.00010666,0.00687432,0.00138533,0.00018572,0.00031318,0.00015711
DX.1.2.840.113619.2.369.4.2147483647.1573541875.900550.png,0.0673237,0.02004573,0.00166496,0.0473103,0.03445315,0.00335524,0.04250198,0.00635456,0.00021182,0.00047165,6.779e-05,0.00348464,4.73e-06,6.696e-05,0.00011267,0.00139783,0.00281677,0.00162175,6.08e-06
DX.1.2.00288995000339244420191019082039254253640.png,0.00040697,0.0015904,0.01975155,8.197e-05,0.0088143,0.00018092,0.9444515,0.00023491,2.07e-05,0.00106823,0.00010407,0.06496022,3.105e-05,0.01291161,0.00233946,0.00272602,0.00129908,0.00031695,0.001144
DX.1.2.00316661000343760920191116081028421958390.png,0.33167362,0.01151768,0.42783195,0.8107114,0.9479172,0.58969414,0.01913277,0.47860575,0.01674014,0.03950222,2.992e-05,0.01546544,0.0012956,0.0008094,0.00058317,0.00637992,0.00422816,0.00344983,0.00027652
DX.1.2.00200989000342362820191108075224346688968.png,0.4263049,0.00338666,0.00103164,0.02214438,0.00352829,0.00010756,0.16130422,0.00021479,9.126e-05,0.00027091,0.00036676,0.00195593,4.9e-06,0.00027182,0.20347768,0.02026085,0.00012213,0.00013088,0.00044791
5D070C041240268.png,0.00013428,0.01144701,0.00069348,0.00011082,0.00048725,0.00148162,0.42229697,0.00078445,9.68e-06,0.00463088,0.01389187,0.00307807,3.715e-05,0.00061998,0.00380835,0.0003596,0.002527,0.00154301,0.00225227
5D897BDB6590EC7.png,0.2859011,0.6250014,6.851e-05,0.60044897,0.02176633,0.77146095,0.00053508,0.094398,0.00311692,0.14790216,0.00031416,0.00102605,8.572e-05,2.392e-05,0.0010727,0.00022318,0.11419953,0.00102524,3.043e-05
5CE7A5936ACC81.png,0.00062249,0.11641125,4.093e-05,9.522e-05,0.00864833,0.07952222,0.01570763,0.19352412,8.674e-05,0.04721892,0.00030623,0.006021,3.696e-05,8.65e-06,1.519e-05,3.795e-05,0.06662359,0.00016054,1.109e-05
DX.1.2.840.113619.2.369.4.2147483647.1574054081.628684.png,0.00108047,0.08049552,5.638e-05,0.00308474,0.01389658,0.0207977,0.14290875,0.00983502,6.304e-05,0.05855852,0.00022058,0.00867824,6.25e-06,0.00011024,0.00012595,0.00017757,0.0357735,0.00055342,1.833e-05
DX.1.2.840.113619.2.369.4.2147483647.1572831000.586412.png,0.00342808,0.00077513,6.119e-05,3.666e-05,0.01340729,0.00031598,0.29330668,0.0004615,7.705e-05,0.0004655,0.02128646,0.01936396,1.846e-05,3.064e-05,0.00049721,0.0005017,0.00030796,0.00016843,0.00018642
CR.1.3.12.2.1107.5.3.57.20200.11.201910280924370906.png,0.03015686,0.00315784,0.00081994,2.122e-05,0.00953746,0.00027641,0.4989001,0.01446521,0.00013329,0.00042849,0.00049278,0.00059171,7.72e-06,0.00014914,0.00018647,5.37e-05,0.0009483,0.00091749,0.00043139
DX.1.2.392.200036.9125.4.0.487573374.696739222.2795306561.png,0.00784776,0.00643509,0.0304222,5.754e-05,0.00289305,2.2e-05,0.05431648,1.89e-06,7.852e-05,0.00011995,7.796e-05,0.00549277,8.417e-05,0.01813797,0.00875197,0.00468646,0.00014063,0.00304343,0.04336102
DX.1.3.46.670589.26.802544.25.20191113.141503.308983.0.png,0.90425986,0.00029492,0.33537287,0.08034994,0.47871107,0.1694239,0.04327814,0.29829618,0.00922945,0.00129759,4.65e-05,0.0741019,0.00083722,0.30605713,3.37e-06,1.144e-05,0.08513499,0.01214858,0.00081585
DX.1.2.00313307000341553220191102080232174235312.png,0.26996556,0.00082817,0.3437319,0.04664321,0.29000792,0.00084032,0.9132308,0.00111902,0.02903926,0.00092956,2.384e-05,0.23994765,8.206e-05,0.00028735,4.271e-05,0.0072374,0.00083337,0.00138418,0.00059152
5E168DC2EB8358.png,0.00142218,0.05553412,2.462e-05,9.992e-05,0.02003802,0.01399789,0.11425912,0.00789728,0.00012646,0.02477825,0.00083824,0.01353827,2.128e-05,3.6e-06,0.00277253,0.00011676,0.08345728,0.00027704,3.71e-05
DX.1.2.840.113619.2.369.4.2147483647.1572835854.598380.png,0.05004032,0.09373876,0.0106461,0.2403357,0.8037443,0.33120745,0.10874575,0.9901061,0.00108973,0.00309042,2.743e-05,0.00191876,0.00025244,0.0001273,6.361e-05,0.00037272,0.00122057,0.00105109,7.412e-05
DX.1.2.003069600003417449201911041012419505843.png,0.00015336,0.01491145,0.00018655,5.693e-05,0.00034786,0.0001552,0.9265267,0.00022761,2.013e-05,0.00091082,0.00773804,0.00650846,8.976e-05,0.00068034,0.00250834,0.00098502,0.00324754,0.00178287,0.00151797
DX.1.2.392.200046.100.2.1.69131194618.191116164023.1.1.1.png,0.63036114,0.00016283,0.14336254,0.04939908,0.99706775,0.00059339,0.04583606,0.04626274,0.01780369,0.00193271,0.00010643,0.20590152,3.48e-05,0.00040647,3.99e-06,0.00178907,0.02771011,0.02972128,7.61e-05
5D4E205B55CCC74.png,0.01671705,0.01242078,0.00066299,0.00660904,0.00516264,0.00325399,0.6435649,0.12642679,0.00033589,0.00135512,0.00033471,0.00030922,9.765e-05,0.00014334,0.00115487,0.00090776,0.00090521,0.00475126,0.00056199
5B551F991F0C736.png,0.00241313,0.0026165,0.13479298,0.00064449,0.9050703,0.002035,0.04257928,0.09358966,4.755e-05,0.00575733,0.00110158,0.01298415,2.018e-05,3.712e-05,0.00011703,0.00011046,0.00135003,0.0109397,9.57e-06
DX.1.2.00292223000343411320191114083707250756890.png,5.798e-05,0.00492663,8.949e-05,0.00143712,0.3611375,0.00327084,0.98775846,0.09307125,1.014e-05,0.3484946,0.00043249,0.00716687,8.58e-05,3.688e-05,0.00085888,0.0004609,0.00591121,0.00138399,0.00192112
CR.1.3.12.2.1107.5.3.57.20200.11.201910250927480750.png,0.03649754,0.00244673,0.9247658,0.00505817,0.5464938,0.00481823,0.02500221,0.00188621,0.00432091,0.00061419,6.164e-05,0.00426151,0.00073348,0.03831399,0.00018706,0.00081509,0.00015225,0.24800505,0.03445296
CR.1.3.12.2.1107.5.3.57.20200.11.201910251030340843.png,0.00262164,0.08594324,0.00018015,0.00577497,0.0038724,0.03052158,0.00314144,0.00047615,9.841e-05,0.02341342,0.00034044,0.00169192,1.848e-05,2.321e-05,0.00766199,0.00025291,0.01313575,0.00120487,0.00015162
DX.1.2.840.113564.920101.20191112104034671770.1003000225002.png,0.13476774,0.47851613,0.00022366,0.52395976,0.04619342,0.00069526,0.00197041,0.00569999,8.851e-05,0.00013104,0.00035203,0.00135366,2.723e-05,3.922e-05,0.00283324,0.00187399,0.0014507,0.00046166,6.643e-05
DX.1.2.00306937000342292820191107075327260352078.png,0.04518711,0.00292869,0.01514911,0.0029647,0.07082984,0.00127372,0.7703377,0.000787,0.00052789,0.00240715,8.921e-05,0.16382141,0.00019167,0.00038249,0.00064296,0.00351178,0.00309621,0.00044052,0.00024675
DX.1.2.840.113619.2.369.4.2147483647.1573451264.264123.png,0.01419774,0.17551276,9.454e-05,0.00094651,0.00023203,0.00320018,0.0788676,0.00501628,2.852e-05,0.00011888,0.00379332,0.00046925,1.575e-05,2.675e-05,0.00376479,0.00086969,0.00206306,0.00035829,0.00010806
5D6F2DFF2A84A7A.png,0.00284935,0.22585507,0.00043434,0.00013075,0.03658574,0.00971139,0.34511352,0.2161839,9.542e-05,0.00089019,0.00122164,0.06336078,1.19e-06,7.5e-05,9.349e-05,7.74e-05,0.00236828,9.771e-05,2.381e-05
DX.1.2.00237366000340243320191025083344349079234.png,0.9758126,0.00782741,0.04447245,0.89915645,0.00384042,0.03855191,0.03070648,0.01542262,0.00602898,0.00107203,8.32e-06,0.00239451,6.633e-05,0.00085585,0.00033562,0.01075708,0.0021955,0.00028755,0.00131526
CR.1.3.12.2.1107.5.3.57.20200.11.201911131556200531.png,0.01386436,4.642e-05,0.00125776,0.00089504,0.27796865,1.728e-05,0.2276151,3.978e-05,0.00011069,0.00332162,0.00411286,0.06475152,8.45e-06,0.00037303,0.00065358,0.00033651,0.05923116,0.00313297,0.00072635
CR.1.2.156.600734.516764694.1648.1573442948.1578.0.1.png,0.75867766,0.00118275,0.13767014,0.00472455,0.7086135,0.0005166,0.180605,0.01576957,0.02968478,0.00031122,0.00072431,0.4080903,0.00024229,0.00157712,0.00015105,0.00329684,0.00707201,0.00419547,0.00092581
DX.1.2.840.113619.2.369.4.2147483647.1574046473.200932.png,0.03668045,0.0087621,0.00991449,0.0089433,0.03598782,0.00051618,0.3968036,0.04927172,0.00064977,0.00229362,0.0011352,0.00061347,0.00016163,0.00014565,0.00058737,0.00133761,3.735e-05,0.0121824,0.0006499
CR.1.3.12.2.1107.5.3.57.20200.11.201910221010580031.png,0.02783156,0.00983875,5.696e-05,0.0001411,0.00258245,5.881e-05,0.02396576,0.00104796,9.95e-05,0.00012515,0.00804241,0.0004247,4.56e-06,6.787e-05,0.00294412,0.0001689,0.00188771,0.00099235,0.00019053
DX.1.3.46.670589.26.802544.25.20191104.121234.306112.0.png,0.01756417,0.8739641,0.00707872,0.10398892,0.00046504,0.8233273,0.2694818,0.8790757,0.0649983,0.00416152,0.00396168,0.0007239,0.00945326,0.01508904,0.0070552,0.0006691,0.00071448,0.00467674,0.5083162
DX.1.2.840.113564.920101.20191114082125859910.1003000225002.png,0.04757472,0.03035158,0.00060153,0.00825758,0.02223686,0.00779537,0.0164,0.00213335,0.00031227,0.02856575,0.0014483,0.00183771,5.533e-05,0.00058464,0.00020759,0.00610931,0.02060144,0.00175787,3.114e-05
CR.1.2.156.600734.516764694.1648.1571704729.32.0.1.png,0.00160173,0.00010171,0.9984232,0.00024536,0.9993116,0.00043064,0.00592277,0.00306627,0.00078203,0.00033401,4.835e-05,0.9787345,0.00113506,0.00288624,0.0001876,0.00102322,0.00077567,0.0400033,0.00052532
DX.1.2.003130910003412663201910310948287790890.png,0.00513076,4.037e-05,0.01519246,0.00543563,0.03974701,3.158e-05,0.80366904,3.113e-05,7.273e-05,0.00496442,0.00111671,0.86592454,3.647e-05,0.03343046,0.00071235,0.00072275,0.01636322,0.00528564,0.00207126
5D117D7C4558B9A.png,0.9247054,0.32779354,0.00357552,0.18055704,0.00030653,0.32461038,8.589e-05,0.00418197,0.00299087,6.445e-05,0.00023448,0.00114317,4.262e-05,0.00094183,0.01165582,0.0009954,0.00352447,3.868e-05,0.00025369
CR.1.2.156.600734.516764694.906304.1571359501.160.0.1.png,0.01938941,0.000468,0.99857223,0.00417625,0.99987257,0.00072123,0.00406019,0.00618196,0.00130866,0.00059711,2.438e-05,0.98936135,0.00024843,0.00027614,0.00022054,0.00286089,0.00033974,0.00315456,0.00018762
DX.1.2.392.200036.9125.4.0.487541393.355624342.2795306561.png,0.45650947,0.00669794,0.6800129,0.19778153,0.62033933,0.0035534,0.02183337,0.00480778,0.02099902,0.00015141,0.00141353,0.0038002,0.0005741,0.00791793,0.00032634,0.00193848,0.00044687,0.07319785,0.01388924
DX.1.2.840.113564.920101.20191112080715687180.1003000225002.png,0.00986054,0.00095658,0.00010645,3.004e-05,0.3668004,0.00036487,0.0204086,0.00028573,0.00013379,0.00051061,0.00066563,0.02366103,4.36e-06,7.963e-05,0.00010643,0.00012593,0.00899255,0.00069607,2.096e-05
DX.1.2.840.113619.2.369.4.2147483647.1568185038.341097.png,0.00097947,0.940872,0.00039875,0.00384513,0.00153819,0.00560951,0.00305902,0.22774526,6.408e-05,8.166e-05,8.676e-05,0.00046752,3.039e-05,0.00079692,0.31518966,0.00023434,0.00234313,0.00015989,0.00012673
DX.1.2.392.200036.9125.4.0.487542924.1058170262.2795306561.png,0.00196756,0.00472095,0.36398533,0.00110587,0.00218149,0.0006539,0.00419719,4.31e-06,7.423e-05,4.86e-05,0.00018305,0.00363778,0.00016541,0.49690333,0.00673041,0.00620072,0.00049872,0.00561789,0.1343748
5D0AD0DB1504F39.png,0.0255934,0.00591947,0.99686617,0.00065898,0.87696326,0.01374345,0.03222449,0.05387924,0.00453862,0.00056032,1.821e-05,0.01301418,6.871e-05,0.00179687,7.557e-05,0.00079726,0.00018298,0.7025282,0.00240039
CR.1.2.156.600734.516764694.1648.1572081707.382.0.1.png,0.01808075,0.00542762,0.00110909,0.0037733,0.00560252,0.00025633,0.00708507,0.00017001,2.529e-05,0.00022441,0.04234622,0.0015001,2.295e-05,0.00011502,0.00227808,0.11918638,0.00010348,0.00040695,0.00056579
CR.1.2.156.600734.516764694.1648.1573982610.2011.0.1.png,0.00030095,0.00369546,0.98375314,0.00067027,0.913658,0.00354568,0.01311096,0.01807784,0.0002052,0.00041412,2.764e-05,0.7258125,0.00012256,5.742e-05,0.00011826,6.426e-05,0.00134498,0.00518211,3.314e-05
5E279412C989BD.png,0.77932584,0.33649492,0.03429691,0.9613218,0.00315205,0.9326291,0.00203724,0.03547274,0.2010242,0.00043732,5.265e-05,0.0007387,3.476e-05,0.0001154,0.00036938,4.802e-05,0.00034502,0.00057924,9.553e-05
DX.1.2.840.113619.2.369.4.2147483647.1573609199.313366.png,0.82779306,0.00474528,0.2813324,0.03875816,0.11187112,0.02868809,0.0913609,0.01018146,0.15315475,0.00027589,1.484e-05,0.0004628,4.524e-05,0.00024585,5.21e-06,0.00034775,0.00062913,0.00549771,0.00012088
DX.1.2.840.113619.2.369.4.2147483647.1574046253.65222.png,0.06314948,0.5450474,0.00017892,0.17671154,0.0040239,0.49986577,0.00390811,0.0552959,0.00191401,0.00254627,5.1e-05,0.00233334,2.279e-05,2.664e-05,3.987e-05,0.00035363,0.00501762,0.00036801,9.04e-06
DX.1.2.0030700300033881762019101708362382397265.png,0.00022753,0.00197469,0.00112343,0.00021694,0.00289816,0.00041945,0.8473104,0.00048706,1.196e-05,0.00511971,0.0398042,0.00162792,0.00011741,0.00013141,0.00322649,0.00136065,0.00096937,0.00052232,0.00568608
5E38C1413E40FA9.png,0.9886779,0.07065114,0.00698161,0.8425368,0.04098654,0.03893551,0.0006058,0.40626255,0.24618794,0.00021823,1.697e-05,0.00070935,0.00011737,8.67e-05,0.00017219,0.0002147,0.00113277,0.0006693,0.00013097
5DD9DA925224A41.png,0.00381054,0.02537052,0.00269933,0.00094348,0.32941806,0.2067145,0.0069664,0.265388,0.0015729,0.03818521,0.00031354,0.00241565,7.86e-06,0.00022496,1.136e-05,2.94e-06,0.09210223,0.00188009,2.296e-05
DX.1.3.46.670589.26.802544.25.20191111.101250.307939.0.png,0.9611736,0.00085579,0.00150908,0.30163434,0.0118,0.003704,0.00637681,0.01100343,0.03486946,3.755e-05,0.00020928,0.00010211,2.655e-05,0.00022184,0.00018382,0.03143332,0.00034554,0.00245613,0.00030001
5DC20FC23CB886D.png,0.02749519,0.18854886,0.00296951,9.258e-05,0.00017298,0.0072584,0.00379449,0.00034429,0.0008485,0.00025665,0.00050021,0.10621423,4e-06,6.047e-05,0.00213069,8.273e-05,0.0134677,6.33e-05,3.225e-05
DX.1.2.840.113619.2.369.4.2147483647.1573437951.993610.png,0.00011279,0.06342708,3.839e-05,0.00012563,0.00368353,0.00012418,0.03425136,0.0003604,4.37e-06,0.00199691,0.47155073,0.00084968,1.08e-05,1.318e-05,0.00363778,0.0002906,0.00123751,0.00082886,0.00030446
CR.1.3.12.2.1107.5.3.57.20200.11.201910250841270437.png,0.00057181,0.00182681,0.16531752,0.00021233,0.9973142,0.00013869,0.74996865,0.00860242,0.00061079,0.0170384,8.093e-05,0.08486116,0.00029801,0.0001749,0.00010171,0.00030522,0.00213491,0.04571216,0.00016203
CR.1.3.12.2.1107.5.3.57.20200.11.201910211700000984.png,0.13490099,0.2032145,0.06866143,0.00543271,0.00220414,0.05617073,0.00052193,0.00114057,0.01599067,0.0498297,2.2e-05,0.00308615,0.00025232,0.00357985,0.00355508,1.427e-05,0.0374338,0.0009884,0.00041636
5CE20DA42360591.png,0.14312351,0.00105792,0.00583006,0.001553,0.0530235,0.00412763,0.00671621,0.00031,0.00058933,0.00161078,0.00076992,0.01330608,4.415e-05,0.00037074,1.297e-05,0.00146518,0.01923177,0.0012386,0.00020603
DX.1.3.46.670589.26.802544.25.20191111.102059.307946.0.png,0.8523729,0.00115335,0.73490435,0.30343115,0.00281743,0.00477989,0.04031979,0.01236676,0.10080268,0.00025877,0.00395534,0.0286904,0.00143012,0.36915305,0.0005051,0.00016721,0.00862741,0.01402816,0.00482586
DX.1.2.392.200036.9125.4.0.487540107.2371380630.2795306561.png,0.88686526,0.00025006,0.99788505,0.03101868,0.8405682,8.425e-05,0.00340078,0.00020637,0.01160956,4.118e-05,4.132e-05,0.05733777,0.00017558,0.09279392,0.000127,0.03999953,0.00048716,0.1176175,0.05912852
DX.1.2.840.113619.2.369.4.2147483647.1568168244.451241.png,0.00032571,0.00835225,6.359e-05,0.00025156,0.00306055,9.591e-05,0.29506525,0.00101572,6.19e-06,0.00047764,0.394518,0.00199915,1.629e-05,4.398e-05,0.00239641,0.00104677,0.00099578,0.00086496,0.00045299
5D05F4B5F9015D.png,0.02055713,0.02040919,3.421e-05,0.00709764,0.3321056,6.206e-05,0.56252176,0.07388243,0.00180848,6.609e-05,0.00052953,0.00254926,9.17e-06,1.601e-05,5.939e-05,0.00028539,0.00021639,0.00122264,5.72e-05
5E05B43F3838D2A.png,0.9976394,0.01216533,0.01199474,0.3278916,0.14743714,0.00130333,0.00068063,0.32095566,0.10937651,0.00016008,3.261e-05,0.00041067,3.802e-05,0.00020511,0.00064592,0.00107454,0.00091508,0.00024158,5.095e-05
CR.1.2.156.600734.516764694.906304.1571285378.105.0.1.png,0.08695389,0.00270574,0.00188328,0.00095255,0.44261548,8.132e-05,0.02304554,0.02481936,3.289e-05,0.00013875,0.01974559,0.0174705,4.203e-05,0.00012816,0.00081425,0.02496806,6.361e-05,0.00068879,0.00044828
DX.1.3.46.670589.26.802544.25.20191106.130703.306850.0.png,0.05701641,0.00244916,3.462e-05,0.00234515,0.00519347,0.000415,0.0151649,0.000297,5.201e-05,0.00643801,0.09118637,0.0008347,8.271e-05,9.996e-05,0.00167743,0.00642917,0.00369716,0.00017149,0.00013613
DX.1.3.46.670589.26.802544.25.20191114.83145.309131.0.png,0.16531698,0.00879527,0.00031899,0.00494361,0.00569287,0.00050122,0.06870845,0.00248689,5.148e-05,0.00233619,0.01594447,0.00103944,5.052e-05,0.00083115,0.00053829,0.00164347,0.00286472,0.0001274,0.0007757
DX.1.2.840.113619.2.369.4.2147483647.1573449571.882621.png,0.9952062,0.00107904,0.24010022,0.99687594,0.99140537,0.21662068,0.00043516,0.35514688,0.21331076,0.00045189,2.552e-05,0.00022565,0.00014641,0.00020951,5.369e-05,0.00997496,8.639e-05,0.00353918,0.0002319
DX.1.2.840.113619.2.369.4.2147483647.1573535022.138910.png,0.07565434,0.00414898,0.00033093,0.00075563,0.03299154,0.0001623,0.02083048,0.00124365,0.00024339,0.00040205,0.00061568,0.00873169,6.06e-06,3.475e-05,0.00024037,0.00022068,0.00239486,0.00073545,0.00019227
CR.1.3.46.670589.26.602199.4.20190910.85354.331843.0.png,0.9898735,0.00090535,0.32331124,0.9841637,0.8604899,0.7288717,0.00235062,0.25183088,0.88540506,0.00017835,4.801e-05,6.828e-05,0.00014345,0.00011624,2.173e-05,0.00026544,0.00016109,0.01621794,6.814e-05
DX.1.2.392.200046.100.2.1.69131194618.191110112714.3.1.1.png,0.00854341,0.00100613,0.0017244,0.00020338,0.8695164,0.00015895,0.68144655,0.00801222,9.42e-05,0.00280615,0.0006178,0.07453467,1.085e-05,0.00013589,5.059e-05,0.00014803,0.03992972,0.00830662,0.00011576
CR.1.3.12.2.1107.5.3.57.20200.11.201910241145150640.png,5.37e-05,0.01130809,0.00207507,0.00011434,0.4804117,0.00542624,0.44272068,0.01700672,2.805e-05,0.15211417,5.156e-05,0.08292746,3.684e-05,0.00041031,0.00502796,0.00023165,0.2507121,0.00258644,0.00010578
DX.1.2.0012339600034138282019110108344989772234.png,0.02545278,0.00089638,0.00012305,0.00255751,0.03254594,0.0010915,0.8350576,0.00046939,0.0002565,0.04974803,0.00068889,0.04355759,5.766e-05,0.00031061,4.444e-05,0.00057218,0.10544679,0.00073454,9.74e-05
DX.1.2.840.113564.920101.20191105085348921880.1003000225002.png,0.02390882,0.02614671,0.00057555,0.00055493,0.81196326,7.136e-05,0.88295954,0.4567589,5.508e-05,7.522e-05,0.00069474,0.00581644,8.06e-06,4.574e-05,0.00027634,0.00073688,0.0003147,0.00129826,0.00021782
DX.1.2.0028395800034138782019110108294389466031.png,0.00383658,0.0057499,0.00102296,0.00217966,0.5666554,0.00125116,0.8536157,0.00714309,0.00020139,0.00798642,6.522e-05,0.07937874,2.177e-05,0.00079413,2.161e-05,0.00034154,0.0447868,0.00158768,7.045e-05
DX.1.2.840.113619.2.369.4.2147483647.1573538903.999036.png,0.19923918,0.00051702,0.00696936,0.00243626,0.02023733,2.186e-05,0.02366516,1.7e-05,0.00092387,0.000294,0.00013065,0.31227708,9.64e-06,0.01192335,0.00304688,0.00469202,0.06690374,7.236e-05,9.262e-05
CR.1.2.156.600734.516764694.1648.1573203751.1348.0.1.png,0.7317167,0.00012702,0.98793554,0.1838583,0.9814611,0.0003184,0.00633605,0.00187898,0.00409799,2.169e-05,0.00071235,0.7242339,5.488e-05,0.00086449,0.00019118,0.00051337,0.00028842,0.00842393,0.00017454
CR.1.3.12.2.1107.5.3.57.20200.11.201911111517400546.png,0.00014837,0.0006886,0.00022676,3.766e-05,0.00550647,0.00114308,0.48759767,0.00024027,1.541e-05,0.00734035,0.02926032,0.00509593,3.803e-05,0.00041215,0.00279822,0.00031983,0.00235967,0.0019836,0.00080991
DX.1.3.46.670589.26.802544.25.20190911.140830.290911.0.png,0.80739605,0.00446386,0.04208382,0.08567244,0.00059381,0.17173143,0.00401927,0.00829971,0.17061244,0.00339692,0.00141689,0.00697584,9.04e-05,0.00238249,5.746e-05,3.342e-05,0.01112639,0.00029663,0.00042766
DX.1.2.392.200046.100.2.1.69131194618.191021150621.1.1.1.png,0.44149092,0.00032222,0.01913957,0.0173491,0.97078395,3.475e-05,0.04464153,0.00514246,0.01214989,0.00062962,0.0001392,0.00155399,5.025e-05,0.00031248,0.00015,0.0064068,0.00013891,0.08516602,0.00402637
DX.1.3.46.670589.26.802544.25.20190911.84829.290764.0.png,0.02460426,0.00045885,0.02064437,0.00309503,0.91656506,0.00247052,0.5817805,0.93980765,0.00060318,0.00027921,0.00024398,0.00854774,0.00010136,0.00064527,4.3e-06,2.539e-05,0.00277117,0.00036601,0.00057444
DX.1.2.840.113564.920101.20190911102109828570.1003000225002.png,0.99968135,0.00010239,0.7507684,0.9146169,0.8692603,0.00788979,0.00265335,0.02871301,0.498037,0.00019352,6.825e-05,0.03824222,0.00022884,0.00136234,2.777e-05,0.14472097,0.00647418,0.00531272,0.00013546
DX.1.2.840.113619.2.369.4.2147483647.1573105740.192767.png,0.7000609,0.00433617,0.00054651,0.00206186,0.01542699,1.779e-05,0.00208754,0.00036087,0.00045416,2.225e-05,7.204e-05,0.00614305,2.232e-05,0.00395934,0.01039632,0.01850388,0.0010794,0.00019711,0.00032409
5DF57A6A3F34E30.png,0.9700839,0.01470907,0.00112129,0.0292113,0.01322754,0.00080237,0.00267015,0.05413094,0.00127545,2.34e-06,0.00091701,0.00168963,2.034e-05,0.00033618,7.559e-05,0.00198873,0.00092841,0.00079859,7.519e-05
DX.1.2.0031216600034082662019102909071492154500.png,0.00017993,0.00751585,0.00021551,0.00149836,0.3695045,0.00156631,0.915459,0.00182124,3.03e-06,0.04109561,0.00010436,0.01482172,9.967e-05,8.726e-05,0.00099445,0.00054055,0.0062139,0.00031556,0.00031932
5D2DCB595708A6A.png,0.00712442,0.00094284,0.0003462,0.00010495,0.10761771,0.00044744,0.7941827,0.00121542,0.00079663,0.00995903,0.00105717,0.01123052,0.00022938,0.00045951,0.00010312,0.00180792,0.01520846,0.00038819,0.00016137
CR.1.3.12.2.1107.5.3.57.20200.11.201910240852010031.png,0.00013695,0.13354024,0.02655979,0.00026264,0.24417827,0.00264132,0.21167915,0.25169393,0.00036559,0.04648827,9.56e-05,0.00630686,7.892e-05,0.00037424,0.00036538,9.86e-05,0.00243547,0.0093472,0.00024071
DX.1.2.392.200046.100.2.1.69131194618.191018083029.4.1.1.png,0.03184184,0.00071272,0.00177557,0.00106959,0.9732635,2.672e-05,0.406998,0.00442375,0.00012982,0.00073046,0.00149364,0.00369661,1.544e-05,9.859e-05,0.00010758,0.00027692,0.0005585,0.03281559,0.0001048
DX.1.2.392.200036.9125.4.0.487587462.85550486.2795306561.png,0.816417,0.00095334,0.0092087,0.5173987,0.6141095,1.071e-05,0.04753006,0.00181905,0.00031103,1.149e-05,0.04035444,0.00061976,2.203e-05,0.00012562,0.00123873,0.62134224,0.00012963,0.01401747,0.00113635
5E26904E2DB4759.png,0.69702005,0.00408288,0.00029096,0.02885576,0.00358822,0.00105025,0.00255738,7.15e-05,0.00205063,0.00065707,0.00025383,0.00698547,9.975e-05,0.00032179,0.00089397,0.3259209,0.00488662,5.415e-05,0.00017676
DX.1.2.00312827000341022120191030082410175969781.png,0.00082973,0.04393618,0.00044293,8.75e-05,0.00153536,0.00584567,0.93587303,0.00877512,2.372e-05,0.00417927,9.317e-05,0.00353708,1.395e-05,0.00021918,0.00048805,0.0006935,0.00178874,0.0002477,6.462e-05
DX.1.3.46.670589.26.802544.25.20191111.115857.308018.0.png,0.0131457,0.12051237,0.00039992,0.00545602,0.00219697,0.5819793,0.00248382,0.01557507,0.00048125,0.5075284,0.00012722,0.00594414,7.84e-06,0.00034151,0.00027013,6.261e-05,0.08599003,0.00021671,0.00010507
DX.1.2.00312376000340441820191026085803436938078.png,0.3486586,0.04055436,0.00024157,0.02676558,0.00151467,7.076e-05,0.1759627,0.00244817,0.00053633,0.0026443,0.00057112,0.00385824,0.00011884,0.00088518,0.02263878,0.03198192,0.00052741,8.074e-05,0.0006686
CR.1.3.12.2.1107.5.3.57.20200.11.201910181107180796.png,0.00021811,0.00286394,0.04652488,0.00018266,0.04309135,0.00116903,0.05268056,0.0102081,7.744e-05,0.00223744,0.00590478,0.01497071,1.965e-05,0.00025716,0.00206992,4.736e-05,0.00506411,0.00044845,0.00022387
DX.1.2.0019770100033888902019101709221585149328.png,0.00219631,0.00055095,0.00187195,0.00121181,0.00770558,0.00010131,0.98127145,0.00015822,3.673e-05,0.00039457,0.00026501,0.0679409,1.058e-05,0.01553277,0.00178065,0.00663139,0.00038567,0.00040935,0.00360832
CR.1.3.12.2.1107.5.3.57.20200.11.201910221454290156.png,0.00295555,0.00293244,0.00105199,9.234e-05,0.00439696,0.00375295,0.01556188,0.00305891,0.00059026,0.0132265,0.00010342,0.00472915,3.819e-05,0.00044913,0.00018743,1.747e-05,0.01319038,0.00159217,0.00130532
DX.1.2.392.200046.100.2.1.69131194618.191026101616.6.1.1.png,0.00873149,0.00829242,0.08455083,0.00318431,0.13948591,0.00015887,0.3460247,0.00510096,0.00027789,0.00138074,0.00045886,0.00293524,0.00192874,0.00568184,0.00018596,0.00601527,0.00034604,0.00367696,0.08445033
CR.1.3.12.2.1107.5.3.57.30003.11.201911140923570171.png,0.02248758,0.000136,0.00236189,0.0001506,0.04242564,3.07e-05,0.04164135,3.526e-05,6.598e-05,0.00019119,0.01017973,0.0313284,1.11e-05,0.000577,0.00046668,0.00062887,0.00339661,0.00162325,0.00023405
DX.1.2.0029260000033885802019101709290285555843.png,0.01083333,0.00842161,0.00132461,0.03139721,0.6220496,0.00026413,0.50008845,0.00268247,0.00041733,0.00880859,0.00016201,0.00446686,0.00014109,6.795e-05,0.00037746,0.00035631,0.00036518,0.00413299,0.00026108
DX.1.3.46.670589.26.802544.25.20191118.151034.310375.0.png,0.40382093,0.00132862,0.01732643,0.02462891,0.00858048,0.00766525,0.00989303,0.02270029,0.00201962,4.97e-06,0.00035956,6.156e-05,1.739e-05,0.0004055,0.00123609,0.00459966,0.00010674,0.00125467,0.00128465
DX.1.2.840.113619.2.369.4.2147483647.1572842456.86443.png,0.00097138,0.00552807,7.278e-05,0.00012043,0.02169188,0.00154178,0.25598833,0.00232027,7.5e-06,0.01121077,0.01150744,0.00847754,1.003e-05,3.931e-05,0.00103401,0.00173294,0.00384845,0.00014803,0.00010939
DX.1.2.840.113619.2.369.4.2147483647.1574058652.596419.png,0.6222681,0.00816979,0.00064965,0.25205672,0.00188065,0.00084464,0.00789495,0.00067098,0.00094656,1.609e-05,0.00029578,0.00199464,1.363e-05,0.00558037,0.01971044,0.13079382,0.00015025,0.00053235,0.00157066
DX.1.2.840.113619.2.369.4.2147483647.1574054947.691689.png,0.56704503,0.5671727,0.0001259,0.1890405,0.0031962,0.01428767,0.00018709,0.01881452,0.00174233,0.00147775,2.701e-05,0.00202999,2.043e-05,0.0005373,0.01295408,0.00020266,0.01757529,0.00010285,7.844e-05
CR.1.2.156.600734.516764694.906304.1571297340.118.0.1.png,0.9747484,0.00014277,0.99994934,0.04524341,0.98658967,0.05876314,0.00064938,0.0032232,0.61782175,7.83e-06,4.685e-05,0.917346,0.00010866,0.04793002,1.227e-05,0.00154975,0.00022941,0.01743831,0.00148178
CR.1.3.12.2.1107.5.3.57.20200.11.201911131010550843.png,0.00451417,0.01263052,0.0180979,0.00021654,0.8868338,0.00025274,0.84384775,0.27522424,0.00054623,0.00036376,9.141e-05,0.00237555,5.155e-05,0.00051652,0.00022131,0.00022938,0.00099554,0.06306836,0.0001387
5D59F55849CC479.png,0.00229143,0.02324692,0.03455096,0.00772829,0.98550177,0.00581384,0.53969604,0.42628577,5.701e-05,0.00457743,0.0001833,0.02880938,5.023e-05,0.00026969,9.5e-05,0.0014973,0.00636356,0.01964494,0.00057263
5D2A715C2DDC759.png,0.533912,0.0094006,0.01547528,0.02586161,0.80503494,0.00757975,0.44255733,0.98318785,0.0171584,1.82e-05,0.00028339,0.00750967,9.351e-05,0.00031926,8.81e-06,0.00116483,0.00794469,0.00406855,0.00022527
5E59BAC01354F5B.png,0.00239465,0.1637638,0.0004554,0.01177583,0.10499067,0.08263895,0.08827609,0.41178155,0.00016643,0.04660756,0.00011426,0.0215623,3.695e-05,2.241e-05,6.079e-05,2.138e-05,0.12654202,0.00067225,1.342e-05
DX.1.2.00318616000343931320191118093035599565296.png,0.00104827,0.00173731,0.00065664,0.01406958,0.9289884,0.00281782,0.27048013,0.00236112,0.00014404,0.6740597,0.00053855,0.00975611,0.00010833,5.58e-05,4.658e-05,0.00185591,0.02628179,0.05145192,0.00021234
DX.1.3.46.670589.26.802544.25.20191028.140715.303847.0.png,0.00106836,0.01983023,1.622e-05,0.00038514,0.00188382,0.04289731,0.0321365,0.0006716,0.00019161,0.09307512,0.01284515,0.00244462,3.08e-05,2.273e-05,0.0001121,0.00121522,0.02797308,0.00046921,9e-05
DX.1.2.00311782000343759020191116082209422659093.png,0.1634785,0.00434532,0.004867,0.13091886,0.30560264,0.00523664,0.5165775,0.00106818,6.178e-05,0.00486056,6.946e-05,0.02993182,0.00017621,0.00030411,0.00036982,0.00348338,0.00274442,0.00062666,0.00020759
DX.1.2.840.113619.2.369.4.2147483647.1574042221.197091.png,0.0001553,0.0768776,8.412e-05,0.0002171,0.0456366,0.06873592,0.12016946,0.12252554,9.5e-05,0.14380215,9.774e-05,0.00128959,1.67e-05,1.421e-05,4.418e-05,6.851e-05,0.04003286,0.00129234,3.337e-05
DX.1.2.840.113619.2.369.4.2147483647.1574055790.627795.png,0.00392263,0.03980258,6.64e-05,0.0005318,0.05531944,0.00106918,0.03706185,0.09219135,8.083e-05,0.00090962,0.00388963,0.00020164,5.69e-06,4.93e-06,0.00021352,0.00020654,0.00082997,0.0007354,4.408e-05
DX.1.2.003090350003394242201910210929386832765.png,0.00167947,0.00060687,0.00145273,0.0030077,0.04007185,0.00314775,0.4891773,0.00417976,8.105e-05,0.13409594,0.00196349,0.0032828,2.827e-05,0.00027764,0.00179525,0.00832104,0.00839838,0.00069817,0.00095713
5E0560BB1A14CB0.png,0.00021083,0.0004138,0.9738229,8.406e-05,0.99319315,0.00059203,0.00673224,0.00183048,0.00100481,0.00057817,6.481e-05,0.18779862,5.677e-05,0.00066998,3.49e-05,6.409e-05,0.00273689,0.22487712,0.00018434
5D9DE46053509A5.png,0.00614428,0.00116413,0.00288544,0.00080816,0.37102687,0.00145081,0.01030171,0.00010043,9.64e-06,0.00393476,0.00103398,0.011443,3.01e-06,0.00022959,0.00076253,0.00011635,0.0022018,0.00338716,1.882e-05
DX.1.2.840.113564.920101.20191112102400125550.1003000225002.png,0.18688805,0.00135257,0.00086898,0.00355376,0.06098465,2.93e-05,0.01663135,7.398e-05,0.00015978,0.00078905,0.0005598,0.01216722,1.175e-05,0.00135109,0.00179418,0.00499626,0.0037471,0.00273784,0.00102981
DX.1.2.0030995500034303292019111209183080439734.png,0.00032468,0.00879653,0.00013608,0.00043841,0.00178909,6.207e-05,0.98947185,0.00179814,7.91e-06,0.00327822,0.00432782,0.00143538,0.0002442,0.00057721,0.00271927,0.00201792,0.00503705,0.00061041,0.0105809
CR.1.2.156.600734.516764694.1648.1571926754.257.0.1.png,0.00936044,0.00015238,0.9998803,0.00103447,0.98318774,0.00791223,0.00042432,0.00018484,0.00360269,0.0002043,0.00011926,0.9973335,0.00027304,0.00623385,0.00017416,0.00036881,0.00448654,0.0070544,0.0001903
5BA459835307D0.png,0.00114734,0.05353294,0.0004301,5.841e-05,0.00045074,0.00027461,0.00110465,1.78e-05,4.607e-05,0.00015625,0.26947817,0.00120848,7.77e-06,0.00017719,0.08329958,0.00017983,0.00028208,0.00019941,0.00018713
DX.1.2.0031692600034310022019111210513186020734.png,0.0054715,0.00124393,0.03473496,0.00125729,0.80429053,0.00195528,0.5590875,0.00339958,0.00015399,0.00142758,4.739e-05,0.01372454,1.93e-05,0.00011298,1.436e-05,0.00019678,0.0004762,0.0530408,0.00010713
DX.1.2.840.113564.920101.20191028113807843130.1003000225002.png,0.10700123,0.00324928,0.0442292,0.00144412,0.27079645,0.01906853,0.00600264,0.05936364,0.10833113,0.00099307,6.524e-05,0.0063856,4.157e-05,0.00032462,7.521e-05,3.018e-05,0.00217094,0.00119336,0.00019142
DX.1.2.00292239000339235020191019084943255997343.png,0.00048405,0.001956,0.00155271,0.00015576,0.01369917,0.0002039,0.90213096,0.00029302,4.27e-06,0.00072589,6.988e-05,0.00768163,2.451e-05,0.0013937,0.00046874,0.00015005,0.00216552,0.00197291,0.00016845
5D0C999F1550348.png,0.9696168,7.642e-05,0.33419845,0.19206218,0.20002522,0.00093496,0.05400272,0.00082377,0.05485548,0.00151026,0.00010393,0.00423912,0.00523286,0.00416661,0.00031824,0.3331719,0.00032259,0.00237149,0.00454449
DX.1.2.392.200046.100.2.1.69131194618.191028103244.1.1.1.png,0.0012014,0.00153042,0.00175858,0.00125962,0.40030992,0.00056912,0.6529435,0.00290739,5.065e-05,0.01525792,0.00320957,0.0334912,2.92e-05,0.00030776,0.00016395,0.00036625,0.04156411,0.00217323,0.00015936
DX.1.2.840.113619.2.369.4.2147483647.1573437205.934811.png,0.96557814,0.10339823,0.12849054,0.89685386,0.14365575,0.13244526,0.00022996,0.01051499,0.02538034,0.00010709,6.62e-06,0.0016803,1.144e-05,0.00024498,0.00126658,0.0033388,0.00017611,0.00135719,0.00020645
CR.1.2.156.600734.516764694.1648.1573088067.1246.0.1.png,0.8754232,0.00108793,0.9460154,0.02515964,0.47784597,0.01545535,0.00153279,0.03412561,0.00272854,2.326e-05,8.86e-06,0.52929026,0.00033119,0.01466948,0.00032849,0.00134113,0.00036887,0.00159181,0.00234509
DX.1.2.0031152200034143952019110110152395805671.png,0.00034959,0.0068768,2.645e-05,0.00217391,0.00855127,0.00036897,0.89136493,0.00064785,3.86e-06,0.01714017,0.00993851,0.00460878,1.374e-05,0.00012682,0.00320387,0.00061838,0.03655433,0.00073938,0.00116228
5E00110A46006C4.png,0.03075436,0.5681456,0.00472901,0.2620762,0.01108291,0.00610635,0.00044698,0.00239815,0.00085717,0.00343781,0.00075557,0.00235006,2.239e-05,0.00025766,0.0252145,0.00121093,0.00088546,0.00145353,0.00051112
DX.1.2.003133920003416764201911040811292234250.png,0.01504224,0.0021177,0.01683175,0.005201,0.10119589,0.00289286,0.85690314,0.00424935,3.421e-05,0.00073318,2.174e-05,0.1642176,0.00018322,0.0002782,0.00023203,0.00031425,0.01214495,0.00027838,0.00031594
5E22B48E105051D.png,0.517444,0.00781769,0.00153404,0.01189986,0.64839685,0.04187688,0.700307,0.93074447,0.00066391,0.0933099,3.06e-06,0.0557723,0.0002453,0.00070269,4.836e-05,2.349e-05,0.0043013,0.0002144,0.00017127
DX.1.2.00289532000341070520191030094554180874281.png,0.00095458,0.00201363,0.01118348,0.00027485,0.5846649,0.00189715,0.8766915,0.00071796,0.00015914,0.02372294,3.439e-05,0.09070748,0.00014586,0.00021966,0.00017145,0.00072931,0.01892957,0.0021047,0.00048682
DX.1.2.392.200046.100.2.1.69131194618.191027160947.1.1.1.png,0.9160365,0.00070422,0.15885435,0.02183462,0.9774515,0.00047734,0.00760231,0.00332948,0.00750205,0.00088848,0.00014377,0.00112094,3.167e-05,0.00024849,5.299e-05,0.00029195,0.00067629,0.07416671,0.0002672
DX.1.2.00312792000343577220191115075547334676906.png,0.11582135,0.00184339,0.2984346,0.02207066,0.9638202,0.00433092,0.82970893,0.01501621,0.01515844,0.01595342,6.092e-05,0.12983032,0.00031802,0.000317,3.911e-05,0.00065392,0.00138355,0.00233522,0.0022309
DX.1.2.392.200046.100.2.1.69131194618.191106164058.2.1.1.png,0.7281286,0.04727776,0.00624628,0.00084109,0.01865925,1.036e-05,0.0039036,0.00085789,0.00112045,0.00030907,0.00042317,0.00042568,6.156e-05,0.00233672,0.00364738,0.00028877,9.558e-05,0.000674,0.00104558
DX.1.2.392.200036.9125.4.0.487533435.770205078.2795306561.png,0.66513723,7.656e-05,0.6275092,0.08871678,0.01193194,0.00060412,0.43128327,0.00605373,0.00215378,6.12e-06,4.476e-05,0.01380108,6.852e-05,0.04741532,0.00044348,0.00290324,0.00081812,0.00466188,0.0125919
DX.1.2.840.113619.2.369.4.2147483647.1573090318.681950.png,0.00011648,0.00242116,0.00052254,3.175e-05,0.5566554,0.00013587,0.95793027,0.00071138,7e-06,0.00295424,0.01840533,0.13609348,2.033e-05,3.743e-05,0.00143635,0.00034599,0.00283193,0.00040101,0.00012707
DX.1.2.840.113619.2.369.4.2147483647.1574059089.290353.png,0.00748346,0.13100877,0.00010636,0.00154149,0.01403925,0.0019931,0.06285702,0.00603412,0.00031055,0.00053953,0.00047821,0.00212352,1.248e-05,0.00010255,0.00024413,0.0001621,0.00365853,0.00112191,8.864e-05
DX.1.2.840.113619.2.369.4.2147483647.1574035462.662658.png,0.10827594,0.00656334,0.00139364,0.01923721,0.0462537,0.00030506,0.04951761,0.00033114,0.00023446,5.207e-05,0.00011599,0.01760187,5.75e-06,0.00015927,0.00045016,0.00212195,0.00063144,0.00121368,6.142e-05
DX.1.2.840.113619.2.369.4.2147483647.1573625479.312846.png,0.9737526,0.15210123,0.04436572,0.82206094,0.00557146,0.00954595,0.00237714,0.0961718,0.09589078,3.172e-05,2.03e-05,0.00023819,0.00089677,0.0079992,0.00169841,0.00041346,3.605e-05,0.00023669,0.02262638
5D6A2BF622FC743.png,0.3194672,0.17155059,0.27419844,0.8608502,0.9565052,0.10712828,0.00656717,0.97773373,0.01617154,0.00202525,0.00012601,0.00026743,0.00060995,0.00578884,2.746e-05,0.00520601,0.00011684,0.15682268,0.00503413
DX.1.2.840.113619.2.369.4.2147483647.1573110495.329787.png,0.00738314,0.7297412,0.00010457,0.00016968,1.22e-05,0.00086472,0.00135009,0.00010122,0.00020481,0.00017334,0.00238988,0.00129413,1.936e-05,0.00098582,0.25281012,0.00071043,0.00157583,0.00019919,0.00352309
DX.1.2.840.113619.2.369.4.2147483647.1572932767.39164.png,0.00587397,0.73994935,0.00217492,0.04889829,0.00059079,0.12240113,0.00035793,0.00829577,0.00052509,0.00273475,8.346e-05,0.00060923,3.814e-05,0.00034657,0.01655902,0.00092897,0.00120055,0.00034652,0.00073714
DX.1.3.46.670589.26.802544.25.20191113.111625.308902.0.png,0.15999256,0.01755859,0.02033751,0.00496458,0.00505576,0.8841538,0.00245719,0.04539985,0.02210834,0.05907871,2.6e-05,0.00360178,2.097e-05,0.000277,8.05e-06,1.139e-05,0.0185185,0.0014915,7.418e-05
5BC7FFF923E0AE6.png,0.774798,0.00288491,0.01102014,0.00557774,0.02743211,0.00906352,0.00077488,0.01433335,0.20850389,4.062e-05,0.00034953,0.0010224,7.44e-06,2.878e-05,5.53e-06,0.00020343,0.00020938,0.00069761,5.698e-05
DX.1.2.840.113564.920101.20191112110658546880.1003000225002.png,0.00192772,0.06877535,8.715e-05,0.00045318,0.08627711,0.0001592,0.32625642,0.00053644,0.00022493,0.00565992,0.00929534,0.01678652,1.012e-05,6.145e-05,0.00054449,0.00179547,0.00599148,0.00062624,0.00010823
DX.1.2.840.113619.2.369.4.2147483647.1573627949.479760.png,0.00816494,0.00459929,0.00050106,0.00016678,0.47873297,0.00098666,0.18309516,0.02912983,7.331e-05,0.00177699,0.00172699,0.03467731,4.07e-06,2.69e-05,5.59e-05,0.00030788,0.00216508,0.00022748,1.756e-05
DX.1.2.840.113619.2.369.4.2147483647.1572244248.323657.png,0.24655454,0.0392891,0.00017701,0.02989404,0.00382835,0.00049491,0.00173403,0.00230579,0.00014709,9.038e-05,0.00088009,0.00047124,2.646e-05,0.00063907,0.00482055,0.01028967,4.74e-05,0.00157604,0.00039337
DX.1.2.840.113619.2.369.4.2147483647.1573008347.528314.png,0.02160912,0.12158754,0.00015018,0.00933636,0.00183038,0.0027558,0.00088197,0.0002612,5.764e-05,0.00812325,0.00188199,0.00077445,4.99e-06,4.513e-05,0.01405274,0.00406617,0.0010253,0.0017616,0.0002641
CR.1.3.12.2.1107.5.3.57.20200.11.201910301129320125.png,0.98583335,0.00317536,0.9850006,0.27265066,0.05023048,0.9978477,0.00175221,0.62819207,0.84062195,0.44079152,4.497e-05,0.01766466,0.0022181,0.027154,0.00129283,4.169e-05,0.1905994,0.00126798,0.00106249
CR.1.2.156.600734.516764694.906304.1571286525.106.0.1.png,0.0434019,0.00159886,0.99545056,0.02016182,0.6531463,0.01445176,0.00026075,0.01968604,0.08103874,0.0003343,4.387e-05,0.5023127,0.00012062,0.00016683,0.00012598,0.00016894,0.00270441,0.00195373,0.00038014
5DB0F3FE39AC7F8.png,0.00016867,0.09876075,0.00986458,0.00171208,0.7135069,0.00013998,0.47085467,0.20740055,0.00014024,0.00051743,0.00106728,0.15861522,2.457e-05,0.00020144,0.00014869,0.00020443,0.00490143,0.01287242,9.324e-05
DX.1.2.003118270003416672201911040759141498687.png,0.00230081,0.01244274,0.00951912,0.00064902,0.0005123,0.00394421,0.4778704,0.00042261,2.416e-05,0.00166334,4.96e-06,0.0176683,5.862e-05,0.00090511,0.00654288,0.00014669,0.00203931,0.00062122,0.00073363
5DFC756217BC285.png,0.00041596,0.7704217,4.194e-05,0.00062198,0.00011309,0.00095566,0.00070148,0.00019319,6.23e-06,0.00195414,0.04219178,0.00051017,1.321e-05,1.707e-05,0.2523007,0.00059454,0.00292132,0.00096368,0.00015733
DX.1.2.00293957000340268820191025081931348226062.png,0.00021494,0.00196616,0.03046278,0.00107837,0.6737583,0.00226456,0.95892173,0.00064235,3.428e-05,0.10823099,0.0001866,0.67506886,0.00037552,0.00175903,0.00059303,0.00066375,0.01073439,0.0011072,0.00016291
DX.1.2.0030980300033963332019102208224189216468.png,0.00018345,0.00030855,0.00035967,0.00030205,0.08117924,0.00049305,0.9988456,0.00364527,3.122e-05,0.00747671,0.00115424,0.04312924,4.828e-05,0.00051029,0.00028247,0.00074565,0.0900809,0.00086498,0.00354855
DX.1.2.840.113619.2.369.4.2147483647.1573605381.416603.png,0.93047625,0.00165025,0.21417722,0.20319115,0.49645263,0.00480111,0.00431309,0.00336324,0.04714088,0.00018857,2.65e-05,0.01101103,2.93e-06,0.00033522,7.91e-06,0.00088093,0.00520985,0.00479994,2.134e-05
DX.1.2.840.113619.2.369.4.2147483647.1572999186.282210.png,0.00132383,0.29226467,2.696e-05,0.00056047,0.00019637,0.00163849,0.00355825,0.00033626,3.05e-06,0.00096867,0.00044013,0.00122685,5.1e-06,6.366e-05,0.148495,0.00023684,0.004984,0.0001102,6.06e-05
DX.1.2.0030972500033962712019102209145292347062.png,0.05130304,0.00022434,0.00582165,0.00794938,0.36269397,8.28e-05,0.97968507,0.00262398,6.755e-05,0.00079096,9.397e-05,0.04649631,4.193e-05,0.00049471,0.00021489,0.00800888,0.0002411,0.00219146,0.00179441
DX.1.2.0031725600034307402019111209550882638562.png,0.06251859,0.01511282,0.00045651,0.17161775,0.85738325,0.01187012,0.4999736,0.02150576,8.965e-05,0.04078138,8.406e-05,0.00629959,7.863e-05,6.636e-05,0.00018015,0.00696209,0.00221313,0.00156706,7.806e-05
5D02F81E8343FD.png,0.3932108,0.00480201,0.00239965,0.00736522,0.01768428,0.00189351,0.02120746,0.00869677,0.00064867,1.832e-05,0.00119994,0.00057461,7.69e-06,3.328e-05,5.307e-05,0.00567777,7.496e-05,0.01442899,0.000121
DX.1.2.840.113619.2.369.4.2147483647.1572239475.749938.png,0.00153622,0.0121701,0.00018672,0.00128426,0.87108374,0.00056565,0.85518485,0.3506857,9.48e-06,0.00274866,0.00113424,0.00615103,1.092e-05,1.596e-05,9.287e-05,0.00033904,0.00332321,0.00204269,2.021e-05
DX.1.2.840.113619.2.369.4.2147483647.1572931244.138667.png,0.30186275,0.12036797,0.00136197,0.00395956,0.00604233,0.00089359,0.00862036,0.00227752,0.00020363,0.0021913,0.00296463,0.00672009,9.708e-05,3.498e-05,0.0048769,0.0045962,0.0011991,0.00048406,0.00020184
5DE9EF4F6484BEE.png,0.00745294,0.00878547,0.00029329,0.00125515,0.00985159,3.071e-05,0.02219244,0.00303781,1.389e-05,2.212e-05,0.0953465,0.00596928,4.27e-06,6.057e-05,0.00209404,0.00086411,0.0001728,0.00020138,0.00011868
5D02F6871330D23.png,0.8740032,0.00084379,0.00792647,0.0002519,0.00125793,0.02752694,0.01082686,0.00130873,0.0028168,0.00222665,4.479e-05,0.09221701,4.6e-05,0.00393193,1.612e-05,0.00023887,0.526191,0.00053985,0.00046375
CR.1.2.156.600734.516764694.1648.1573434026.1505.0.1.png,0.00010245,0.00236943,0.00249084,5.279e-05,0.0942216,4.026e-05,0.06731174,0.00010811,2.06e-06,0.00212492,0.02891172,0.15107109,1.221e-05,3.8e-05,0.00201096,0.00170366,0.00175372,0.00128888,0.00022071
DX.1.3.46.670589.26.802544.25.20191106.102248.306762.0.png,0.38864216,0.00423876,0.00047776,0.24061131,0.00220977,0.00143826,0.00042608,0.00010275,0.00043303,8.533e-05,0.00103828,0.00026875,9.85e-06,0.00071021,0.00070316,0.01021601,0.00304204,0.00113141,0.00281352
CR.1.2.156.600734.516764694.1648.1573811577.1898.0.1.png,0.01778417,0.00759616,0.02286945,0.00617986,0.43794823,7.284e-05,0.25554022,0.00485602,3.946e-05,0.00026298,0.00169225,0.06353634,0.0001501,0.0001224,0.00144621,0.01050829,9.26e-05,0.00200603,0.00119788
DX.1.2.840.113619.2.369.4.2147483647.1573108835.294451.png,0.00345478,0.00177103,0.00068451,0.00015948,0.04088328,0.00024063,0.03057554,0.00109068,0.00088102,0.00011089,0.00022174,0.0016698,1.098e-05,0.00401987,0.00104655,8.298e-05,0.00112785,0.00505561,0.0019665
CR.1.2.156.600734.516764694.1648.1573782124.1857.0.1.png,0.00124111,0.05644156,0.04026641,0.00029857,0.00232615,0.00014843,0.00264131,0.00015813,1.367e-05,0.00141601,0.00066633,0.64627665,2.621e-05,0.00056,0.11965585,0.00256051,0.00079053,0.00023133,5.909e-05
DX.1.2.840.113619.2.369.4.2147483647.1572240178.198937.png,0.7528006,0.34972817,0.00014103,0.21101119,0.00106945,0.00310284,0.00039998,0.00744126,0.00050032,5.074e-05,6.784e-05,0.00086192,4.21e-06,8.107e-05,0.00656057,0.00750692,0.00152897,0.00010613,4.807e-05
DX.1.2.002399870003412070201910310808511813750.png,0.9302422,0.00217336,0.14491503,0.8040421,0.9793179,0.12261458,0.22853984,0.36410904,0.03649714,0.00217199,8.557e-05,0.00140609,4.963e-05,0.00017968,1.02e-05,0.00107927,0.00310826,0.00688414,0.00011495
5D803E592A98145.png,0.04200668,0.00059751,7.399e-05,0.00286948,0.09750489,6.093e-05,0.2707311,0.01526118,0.0009787,0.00037609,0.00192881,0.003188,1.021e-05,1.913e-05,5.504e-05,0.00052762,0.018655,0.00098363,7.307e-05
5DFADD544A48B76.png,1.884e-05,0.2940023,0.00013208,0.00012637,0.05623954,0.0616742,0.02619081,0.1495024,6.193e-05,0.25906417,0.0018383,0.00097065,6.627e-05,5.115e-05,0.00015784,7.942e-05,0.03910296,0.00092586,1.078e-05
DX.1.2.840.113619.2.369.4.2147483647.1573109167.604011.png,0.09120465,0.01066257,0.00045733,0.00129253,0.06719568,0.00104197,0.07554709,0.5605461,0.00023532,0.00014386,0.00018664,0.00041247,5.204e-05,0.00053617,0.00069789,9.208e-05,0.00011031,0.00206308,0.00313222
DX.1.2.840.113619.2.369.4.2147483647.1572825585.984251.png,6.9e-05,0.4384595,1.748e-05,0.00025975,0.00302069,0.00076675,0.04500902,0.00280555,3.51e-06,0.00956027,0.00131416,0.00199915,3.822e-05,0.00013274,0.01790922,0.0011188,0.0039225,0.00046305,0.00017987
CR.1.2.156.600734.516764694.1648.1571930318.258.0.1.png,0.00250872,0.00108773,0.9996222,0.00058001,0.8543179,0.00255845,0.00139564,0.00075917,0.00095862,0.00053005,9.542e-05,0.9336531,0.00028234,0.00181004,0.0006001,0.00057712,0.00034702,0.00305665,0.00014304
5BFB43411040154.png,0.02599002,0.6844381,0.00080871,0.06504505,0.04551483,0.02283732,0.0364896,0.5338704,0.00081911,0.04128227,5.95e-06,0.00838498,2.577e-05,1.394e-05,0.00124575,0.00024693,0.00894956,0.00021209,1.854e-05
CR.1.2.156.600734.516764694.1648.1573869807.1923.0.1.png,0.27584407,0.00021167,0.99016577,0.00286252,0.91533375,0.00070558,0.00254661,6.599e-05,0.00288917,6.273e-05,2.143e-05,0.9257764,8.375e-05,0.00048319,0.00012802,0.00038472,0.00062289,0.00266256,8.814e-05
DX.1.2.392.200046.100.2.1.69131194618.191028104109.1.1.1.png,0.00013764,0.00220051,0.00017869,0.00055723,0.89191145,0.00123814,0.37310317,0.00493385,9.29e-06,0.13220507,0.00200482,0.05189346,5.411e-05,2.141e-05,0.00049364,0.00023887,0.23825257,0.00384389,2.816e-05
DX.1.2.840.113564.920101.20191113091032984700.1003000225002.png,0.8417601,0.00080571,0.8157847,0.00116174,0.92167294,0.00654192,0.00779691,0.01869296,0.00625951,0.0001037,1.837e-05,0.05280715,0.00019979,0.00119832,1.951e-05,0.00077912,0.00454935,0.18102992,0.00108073
CR.1.2.156.600734.516764694.1648.1574036562.2030.0.1.png,0.3417113,0.00176172,0.19348305,0.04291877,0.07689972,7.781e-05,0.00015141,3.645e-05,8.482e-05,3.783e-05,3.428e-05,0.2824612,1.454e-05,0.00480335,0.01298021,0.01359726,0.0003526,0.00012256,0.00262142
DX.1.2.00281371000342104620191106081439175224109.png,6.829e-05,0.00163581,0.00021128,4.07e-06,0.0007924,0.00242188,0.6764823,0.00020922,5.91e-06,0.00498505,0.00643912,0.0012103,2.077e-05,0.0004222,0.00132875,0.0003748,0.00739643,0.00083456,0.00029645
DX.1.2.840.113619.2.369.4.2147483647.1573021233.482490.png,0.00375567,0.00367774,0.00347667,7.157e-05,0.07703574,0.00098379,0.0318147,0.00205894,0.00034862,0.00109096,0.00011376,0.0819224,7.324e-05,0.00253789,6.641e-05,0.00013531,0.41652125,0.00022317,4.744e-05
5B20CBF91A885CB.png,0.0335375,0.6572541,0.00044327,0.01098202,0.00163226,0.05996156,0.00055472,0.22456989,0.00113555,0.00010063,0.00097664,0.00023273,2.356e-05,0.00030626,0.01431141,6.637e-05,0.00211078,0.00025129,8.654e-05
DX.1.2.840.113619.2.369.4.2147483647.1572236133.870060.png,0.66727334,0.02046822,0.00166209,0.00355952,0.00390418,0.00032006,0.00136483,0.00137676,0.00062169,3.18e-05,8.246e-05,0.01966096,2.64e-06,0.00155885,0.00108295,0.00112046,0.00421121,2.316e-05,0.00011845
CR.1.2.156.600734.516764694.533640.1571640989.99.0.1.png,0.00013284,0.00018298,0.1305317,7.558e-05,0.9663225,0.00013728,0.40677404,0.00067328,7.7e-07,0.00144866,0.00275691,0.97441405,0.00010679,0.00036317,0.00095958,0.0003787,0.00272538,0.00133351,0.00026192
DX.1.2.392.200036.9125.4.0.487584911.1272210838.2795306561.png,0.20705798,0.01508402,0.21154694,0.06490596,0.01303745,0.00010099,0.05496557,0.00117055,0.00013753,4.627e-05,6.2e-05,0.00073876,0.00020187,0.02868171,0.0034712,0.03012468,5.719e-05,0.00479566,0.22676532
DX.1.2.0031325200034144592019110109560894650796.png,0.00196907,0.00143513,0.00187986,0.00010414,0.01050896,0.00010772,0.8468043,0.0013839,6.753e-05,0.00032735,0.12942077,0.00104746,1.267e-05,0.00014287,0.00224104,0.00064006,0.00029963,0.00136014,0.00199387
DX.1.2.392.200046.100.2.1.69131194618.191104170640.1.1.1.png,0.43209893,0.00199841,0.00078835,0.02939101,0.5485718,5.167e-05,0.10693953,0.00726729,0.00560091,0.00013037,3.206e-05,0.00157821,3.172e-05,8.599e-05,3.008e-05,0.00220216,0.00033691,0.05952811,6.038e-05
DX.1.2.00266192000340080420191024082231262005921.png,0.07766529,0.00272602,0.0815121,0.00085046,0.20536894,0.00058497,0.98101646,0.0011818,0.00265936,0.00508282,5.504e-05,0.30111456,0.00040487,0.00165447,7.529e-05,0.00179837,0.00438514,0.00082876,0.00074551
5C36C02715E0D9F.png,0.08754833,0.32736745,0.02175113,0.05344838,0.13262643,0.21494485,0.00449955,0.6827869,0.00855781,0.00235554,0.00030896,0.00020937,0.00048092,0.00826279,0.00012453,0.00034975,0.00065923,0.00313468,0.00140932
DX.1.2.840.113564.920101.20191118110557875540.1003000225002.png,0.00036998,0.00169537,5.505e-05,9.599e-05,0.10448437,0.00023147,0.2813491,0.00099618,1.43e-06,0.00385806,0.11257425,0.00408253,4.67e-06,5.85e-06,0.00064921,0.00094971,0.00073094,0.00136964,0.00014044
DX.1.2.392.200036.9125.4.0.487523720.201221526.2795306561.png,0.592874,0.00061933,0.02582794,0.00161242,0.00359364,9.629e-05,0.00264856,2.43e-06,0.00023067,0.00012035,0.0001383,0.00648607,0.00014876,0.01399331,0.00395673,0.02005198,0.00138014,0.0038431,0.00197617
DX.1.3.46.670589.26.802544.25.20191106.113723.306808.0.png,0.0535251,0.1892261,0.00173939,0.03461737,0.00079808,0.6362762,0.00125445,0.14791065,0.00516039,0.01602138,0.0001808,0.00177971,0.00028225,0.00044828,0.00033439,2.845e-05,0.01399227,6.307e-05,0.00046884
5B823E96159006B.png,0.21838515,0.00342195,0.99719787,0.06498084,0.9403837,0.10640909,0.04542612,0.84764385,0.08475911,9.7e-05,0.00026664,0.00126878,0.00030223,0.00222681,1.214e-05,0.00019138,0.00103017,0.39145553,0.00120089
CR.1.2.156.600734.516764694.1648.1574036269.2029.0.1.png,0.01186162,0.00018176,0.72505355,0.00186191,0.9856796,0.00055504,0.3423819,0.06077188,3.061e-05,0.00036571,3.403e-05,0.88621426,0.00084879,0.0033815,3.302e-05,0.00232252,0.00689347,0.01213821,0.00059132
DX.1.2.0030700900033881812019101707574780081609.png,0.00841157,0.00118164,0.00809895,0.02835832,0.0135349,0.01628662,0.39191756,6.227e-05,3.638e-05,0.04276604,2.206e-05,0.0125312,0.00011067,0.0009516,0.00228424,0.002025,0.00456872,0.00029097,0.00413005
DX.1.2.840.113619.2.369.4.2147483647.1573092049.144421.png,0.10503726,0.0002364,0.23666576,0.0260448,0.43619704,6.67e-05,0.00896073,0.00578556,0.00036711,7.92e-06,1.749e-05,0.00262699,0.00017595,0.04352441,0.00021238,0.00993346,0.00027703,0.19706547,0.01586465
5DC3BF2F455CBB8.png,0.00900146,0.18771634,2.426e-05,0.00058138,0.00110109,0.00139208,0.00949513,0.02034966,1.089e-05,4.717e-05,0.04095814,0.00034506,2.546e-05,3.815e-05,0.00114021,0.00264237,0.00019447,0.00047288,0.00059675
DX.1.2.840.113564.920101.20191111094728453410.1003000225002.png,0.30125037,0.00857025,0.00136337,0.00749913,0.2294639,0.00502588,0.04872222,0.01003051,0.00057045,0.00800862,0.0020312,0.00372464,4.442e-05,0.00019517,6.161e-05,0.00398847,0.01791816,0.0021905,2.513e-05
CR.1.3.12.2.1107.5.3.57.20200.11.201910230908470203.png,5.867e-05,0.23738998,0.02186112,0.00025718,0.40715477,0.02688725,0.04155553,0.08586266,0.00092261,0.8577041,1.763e-05,0.00496816,0.0002248,0.00061385,0.00156838,3.385e-05,0.05957784,0.0003563,0.00097112
DX.1.2.00227082000343665920191116075611421101578.png,6.298e-05,0.01086315,0.00228357,0.00055059,0.02006359,0.00333547,0.865514,0.00091163,3.36e-06,0.03919494,0.00075752,0.0957054,0.00012721,6.373e-05,0.00823615,0.00090267,0.01696585,0.00072389,0.00062986
5E0D3EED14D0440.png,0.81926006,0.338819,0.00881278,0.73919433,0.1359809,0.3199299,2.676e-05,0.23503438,0.11455235,0.00225587,0.00012874,0.00048286,2.798e-05,0.00011475,0.00166874,8.712e-05,0.00054409,7.476e-05,0.00024096
DX.1.2.0031207600034081932019102911025999099265.png,3.973e-05,0.00022095,0.00211532,2.54e-05,0.08182124,0.00023702,0.89758027,6.934e-05,1.77e-06,0.01473919,0.00436115,0.17439365,4.399e-05,0.00082452,0.00130619,0.00032799,0.0168255,0.00225005,0.0010009
CR.1.3.12.2.1107.5.3.57.20200.11.201910291531300359.png,0.00039303,0.00199835,0.07574486,0.00016253,0.39932424,0.01857242,0.09680952,0.00062312,0.00023196,0.09216665,0.00069648,0.58361244,0.00012463,0.00556163,0.000441,2.365e-05,0.52560073,0.00480596,0.0006713
5CF86B281780A37.png,0.0017019,0.05280201,0.00227802,0.00075472,0.00110094,0.71301746,0.00659038,0.01290592,0.00063043,0.26740053,0.00038242,0.00182224,2.854e-05,0.00028381,0.00014048,0.00011151,0.26692495,0.00070073,7.106e-05
DX.1.2.392.200036.9125.4.0.487539853.1462527382.2795306561.png,0.00578058,0.00143053,0.6160822,5.371e-05,0.28683248,6.038e-05,0.00832203,1.127e-05,3.608e-05,4.353e-05,0.00049052,0.06551214,9.35e-06,0.003078,0.00064033,0.00164283,0.0005094,0.10602643,0.00167554
CR.1.3.12.2.1107.5.3.57.20200.11.201910211107000328.png,0.00088066,0.00922922,0.03187451,0.00018243,0.07795838,0.05760742,0.00345142,0.00516829,0.0015333,0.25950357,5.287e-05,0.19867526,0.00028003,0.00794989,0.00026201,1.098e-05,0.7146771,0.00472968,6.401e-05
CR.1.3.46.670589.26.602199.4.20191118.91039.334494.0.png,0.00012991,0.25331935,6.574e-05,8.575e-05,0.00101383,0.02875294,0.03222322,0.0025961,1.018e-05,0.1447906,0.02358159,0.00285824,1.719e-05,1.745e-05,0.00053613,5.878e-05,0.01701598,0.0003115,0.00028597
DX.1.2.0030659500033888642019101708425082784656.png,0.00099715,0.00297269,0.0001869,0.00221803,0.25088766,0.00147853,0.81342006,0.03432106,8.207e-05,0.01103947,4.023e-05,0.00148741,4.564e-05,3.247e-05,0.00045006,0.00044957,0.00240566,0.00220728,0.00054699
DX.1.2.0030957200033961442019102210212696341640.png,0.00014471,0.00073722,5.94e-05,4.746e-05,0.01962756,0.00023771,0.9789796,0.00051472,3.168e-05,0.0101884,0.01225968,0.01621792,2.33e-05,0.00013942,0.00068657,0.00028585,0.02782304,0.00020585,0.00048913
DX.1.2.392.200046.100.2.1.69131194618.191025170922.1.1.1.png,0.00024098,0.0991604,0.00030865,0.00051057,0.847675,0.00073467,0.7285369,0.03773548,3.372e-05,0.00588404,0.00076005,0.03861638,4.396e-05,3.608e-05,0.00035661,0.00028997,0.0241897,0.00387057,2.009e-05
CR.1.2.156.600734.516764694.1648.1571826596.186.0.1.png,0.16588694,0.00013755,0.9999827,0.00979903,0.8479922,0.02657919,0.00047923,0.0005961,0.10654275,7.698e-05,1.74e-05,0.8701667,0.00022164,0.00914498,5.328e-05,0.00084452,0.01154316,0.09399455,0.00055826
5D648657198C832.png,0.9587076,0.00195525,0.01320313,0.3750156,0.32932454,0.01990317,0.00566604,0.00560571,0.70720047,0.00194634,0.00095611,0.00054972,1.383e-05,0.00025918,3.355e-05,0.0001722,0.00562263,0.00231824,9.679e-05
DX.1.2.0031319700034139332019110108310989552593.png,6.303e-05,0.010216,5.371e-05,0.00154765,0.1862806,0.00870161,0.97653645,0.00772544,5.085e-05,0.160177,0.00025916,0.00978739,2.268e-05,5.569e-05,0.00063839,0.00052604,0.00605039,0.00099022,0.00034553
DX.1.2.0031210600034082212019102909512494803984.png,0.00017842,0.00034357,0.00167682,0.00016511,0.06298499,0.00021782,0.9974252,0.00044053,0.00013276,0.00259204,0.00053435,0.18441807,8.735e-05,0.00256059,0.00019573,0.00021208,0.09412,0.00079345,0.0029201
5CD23F311A68C74.png,0.0032423,0.5770834,0.00024944,0.18061423,0.01963698,0.85235864,0.00050051,0.15236512,0.00134574,0.5252008,2.193e-05,0.00078618,3.086e-05,2.687e-05,0.0127515,2.491e-05,0.13585187,8.164e-05,5.079e-05
CR.1.3.12.2.1107.5.3.57.20200.11.201910300908340359.png,0.24882887,0.03435148,0.5669453,0.6016403,0.11374527,0.86099595,0.00176327,0.39430207,0.06997654,0.19799536,1.379e-05,0.005493,0.00031493,0.02723908,0.00179209,6.83e-06,0.02478811,0.00248799,0.00034074
DX.1.2.840.113619.2.369.4.2147483647.1572834885.200505.png,0.32892957,0.13457108,0.00021125,0.01939643,3.908e-05,0.00045045,0.00043034,0.0002177,0.00044054,1.717e-05,0.00062287,0.0012165,1.089e-05,0.00086737,0.1701123,0.02770191,0.00069342,0.00022698,0.00013214
5DFC14AB53E8C4B.png,0.8974457,0.00418598,0.11103542,0.00029784,0.01397298,9.427e-05,0.00050148,0.00046947,0.13539602,4.1e-06,0.00091302,0.01742262,5.122e-05,0.00278669,0.00057555,0.00058074,0.00081293,0.00037772,0.00040599
DX.1.2.840.113619.2.369.4.2147483647.1572843352.417389.png,0.6030024,0.00155897,0.00164313,0.05360377,0.28234714,0.00022719,0.01129575,0.00066423,0.00210661,0.00063508,3.609e-05,0.00728099,6.7e-06,0.00023474,0.00017825,0.00038576,0.00269639,0.00108498,2.26e-05
CR.1.3.12.2.1107.5.3.57.20200.11.201911071438520765.png,0.09882052,0.00664867,0.11346052,0.00871778,0.02798879,0.08445223,0.00218258,0.00117962,0.00312921,0.07121042,5.904e-05,0.00567425,2.497e-05,0.00263219,0.0003581,3.32e-05,0.03129719,0.00045036,0.00032212
CR.1.2.156.600734.516764694.906304.1571357702.153.0.1.png,0.00011119,0.00186003,0.654866,0.00014602,0.77659386,0.00030762,0.09229586,0.00715989,3.003e-05,0.00109797,0.00013577,0.6505076,0.00037482,0.0001118,0.00051166,0.000369,0.00323864,0.00787979,0.00018734
DX.1.3.46.670589.26.802544.25.20190911.81445.290745.0.png,0.00158805,0.05343946,0.00093363,0.0020284,0.0022379,0.5905803,0.36980712,0.9798331,0.00186251,0.01021702,0.00033592,0.00010726,0.00958611,0.001106,1.841e-05,0.00027957,0.01375082,0.00067988,0.00237432
CR.1.3.12.2.1107.5.3.57.20200.11.201910281703340968.png,0.9177976,0.00014166,0.9762899,0.75259227,0.91876733,0.36643937,0.04202902,0.00427061,0.37050027,0.00254382,9.645e-05,0.05407824,9.22e-05,9.002e-05,3.55e-05,0.00052289,0.00221355,0.00556594,0.0001872
5C79D3612014947.png,0.9700155,0.00167793,0.28840214,0.16039369,0.80266035,0.04678114,0.31174865,0.7155992,0.12055083,6.171e-05,5.257e-05,0.02719398,0.00050847,0.00620534,6.067e-05,0.00468972,0.00063825,0.0034565,0.00182516
5C7C8D30F342C5.png,0.99228245,0.00426115,0.77533466,0.99100494,0.66841763,0.95331496,0.00514151,0.911622,0.9626414,0.00152576,3.783e-05,0.00366123,6.686e-05,0.00050893,0.00016221,0.00067548,0.06249863,0.00059269,4.549e-05
5DF6DF83A847F5.png,0.00545636,0.5098674,0.00020059,0.00122039,0.00169965,0.11291827,0.00126621,0.02457765,0.0010435,0.02923894,2.93e-06,0.01176812,1.559e-05,9.296e-05,0.04458722,1.795e-05,0.36923733,0.00028755,2.38e-05
DX.1.2.840.113564.920101.20191113151735640450.1003000225002.png,0.8153323,0.01589643,0.00014866,0.10680208,0.10305353,8.836e-05,0.00153622,0.00039451,0.0007207,0.00015948,0.00026466,0.00385641,6.18e-06,4.173e-05,0.00089734,0.0070204,0.01929618,0.0005172,8.088e-05
DX.1.2.840.113619.2.369.4.2147483647.1573016700.84846.png,0.02410106,0.0155627,0.00037002,0.00265149,0.12512958,0.00114146,0.34898168,0.5791646,9.283e-05,0.00044802,0.00029909,0.00035538,5.205e-05,3.34e-05,0.00053518,0.00185867,0.00020219,0.00056591,8.445e-05
CR.1.2.156.600734.516764694.1648.1573199250.1345.0.1.png,2.362e-05,0.08018475,0.06744901,0.00013681,0.12460728,0.01505482,0.01316876,0.00034813,6.43e-06,0.03263328,0.00030174,0.75512266,0.00023813,0.00063548,0.00050457,0.00045633,0.17941421,0.00195936,3.485e-05
5DF84D8242702F6.png,0.14164656,0.00879398,7.227e-05,0.00165965,0.00124045,1.21e-05,0.00063795,7.251e-05,0.00014842,4.82e-06,0.37854108,0.00034377,7.14e-06,0.00033889,0.00239583,0.02579363,0.00027436,0.0005058,0.00032883
DX.1.2.392.200046.100.2.1.69131194618.191023110107.1.1.1.png,0.00019406,0.00397152,0.00212792,0.00136316,0.8104985,0.00027911,0.7697549,0.01795862,2.281e-05,0.00615971,0.00749129,0.35961157,4.495e-05,7.024e-05,0.00074139,0.00112798,0.01828265,0.00255953,2.694e-05
DX.1.2.840.113619.2.369.4.2147483647.1572920870.457157.png,0.17655344,0.01242834,0.00430298,0.00675044,0.01142086,0.12196704,0.00694507,0.00344267,0.00157141,0.0065965,7.35e-06,0.09787173,2.4e-05,0.00012385,0.00025921,9.686e-05,0.06823886,0.00052265,5.99e-06
5CFC515D3807D0.png,0.72193307,0.00099053,0.5538449,0.01688945,0.8607387,0.03730895,0.00331058,0.34119803,0.09025683,1.011e-05,4.621e-05,0.00369715,7.443e-05,0.00091362,1.159e-05,0.0001654,0.00019498,0.01343008,0.00017036
DX.1.2.392.200046.100.2.1.69131194618.191020161340.1.1.1.png,0.03399527,0.00044872,0.00038695,0.00444681,0.9899713,0.00039153,0.1675842,0.00843253,0.00015064,0.10617162,0.00062972,0.01103953,0.00013781,4.905e-05,0.00013361,0.0020104,0.01612909,0.00892578,4.731e-05
CR.1.3.12.2.1107.5.3.57.20200.11.201911061116250078.png,0.00719517,0.00218804,0.8161188,0.00570759,0.8445825,0.3916155,0.00768352,0.0069017,0.00252371,0.04720353,3.045e-05,0.00946533,9.94e-06,0.00093717,0.00019207,1.792e-05,0.01301025,0.09164912,0.00023937
5DFC26BF241C19B.png,0.99027634,0.07684314,0.08983666,0.95342547,0.00388445,0.9781723,6.414e-05,0.73189086,0.798096,0.00056065,2.63e-06,0.0004833,0.00033642,0.00060086,3.673e-05,0.00108899,0.00278352,0.00070078,0.00032847
DX.1.2.0031215300034082552019102909485394653593.png,0.0008812,0.00035181,0.0008855,0.00010379,0.00049584,0.00175244,0.9593936,0.00018563,8.334e-05,0.00268681,0.00463117,0.0018406,4.516e-05,0.00066053,0.0023029,0.00197552,0.00061526,0.00035371,0.00540423
CR.1.3.12.2.1107.5.3.57.20200.11.201910230812040109.png,0.0002067,0.14217986,0.01969278,0.00824453,0.0077693,0.989765,0.00366236,0.00346018,0.00068775,0.99086267,7.369e-05,0.0097174,0.00033884,0.00089693,0.00180748,1.068e-05,0.9093889,0.00131975,0.00021654
5B8372011388A75.png,0.00055798,0.08057006,0.0002407,0.00017494,0.03951742,0.00030043,0.02647755,0.04799584,4.55e-06,0.00027383,0.0047742,0.00669373,1.27e-06,2.693e-05,0.00050627,8.801e-05,0.00101493,0.00010242,7.65e-06
5DCF9854173440E.png,0.99989,0.00413025,0.8134236,0.40711585,0.14578603,0.71751386,0.00047567,0.12339959,0.9879449,0.0006689,2.25e-05,0.08502381,0.00029013,0.0039789,9.169e-05,9.776e-05,0.00613703,0.0026486,0.00108424
5B9609EE1F64826.png,0.9536163,0.06615933,0.05369816,0.34449613,0.00235535,0.9713853,0.00023819,0.08107604,0.6226939,0.01814282,4.878e-05,0.00310483,4.457e-05,0.00052776,0.00017667,3.453e-05,0.21409597,0.00011497,0.00015855
DX.1.2.0030972300033962702019102209140292297500.png,0.00050774,0.00114587,0.00251032,0.00061337,0.3075204,0.00143074,0.8584865,0.0033035,4.345e-05,0.01292326,0.00076332,0.14015494,2.259e-05,0.00051619,0.00012572,0.00078788,0.0221955,0.00016495,0.00028157
5DC913EE66F8C32.png,0.9680127,0.0761263,0.00202561,0.10584056,0.03868592,0.05084136,0.00028426,0.02164737,0.11353695,0.00029348,0.00028253,0.00321105,4.748e-05,0.00355601,0.00149782,7.812e-05,0.00120467,0.00150001,9.678e-05
5D155C8A1B50910.png,0.8691744,0.14325953,0.0021713,0.3406337,0.05172476,0.00362199,0.000294,0.26066685,0.00649328,4.093e-05,0.00011715,0.00027633,0.00020417,6.338e-05,0.00055021,0.00255453,0.00017991,0.00040098,0.00019212
DX.1.2.0029237800033885422019101708170681239921.png,0.0224137,0.00215129,0.07220787,0.01621578,0.9646609,0.00333,0.79034096,0.00194492,0.00046365,0.01009126,8.883e-05,0.16982454,0.00039102,0.00077854,0.00015225,0.00318746,0.00594781,0.00413711,0.00016819
01D3EB39D683DF63.png,0.12262449,0.06465702,0.00047609,0.00360302,0.00800782,0.00066123,0.00062758,0.00063909,0.01243193,0.00270909,0.00111694,0.00577862,0.00010077,0.00064977,0.00244349,0.00038652,0.01112224,0.00154787,0.0010729
5DC3AEAF25F0CEC.png,0.41788003,0.01124242,0.67850053,0.00951602,0.9984388,0.00288901,0.01016782,0.19818826,0.00820771,7.715e-05,0.00017155,0.12828341,0.00011571,7.294e-05,2.015e-05,0.00060961,0.00155603,0.00185047,4.67e-05
5E1A7C212B10E5C.png,0.09716796,0.01278461,0.00218768,0.01695197,0.2944351,0.00685126,0.03439007,0.00567266,0.0001975,0.0238831,0.0001043,0.02944914,7.26e-06,4.258e-05,8.61e-05,0.00034132,0.03478172,0.00598446,9.56e-06
DX.1.2.392.200046.100.2.1.69131194618.191022114919.1.1.1.png,0.00026322,0.00433186,0.00015742,3.186e-05,0.22118545,8.884e-05,0.8966096,0.00063872,6.296e-05,0.00654117,0.00357188,0.07597099,2.22e-06,5.433e-05,0.00155487,7.176e-05,0.02495024,0.00168539,0.00011551
DX.1.2.840.113619.2.369.4.2147483647.1573106542.881697.png,0.00018751,0.0285277,9.738e-05,5.821e-05,0.14841586,0.00118481,0.5809441,0.00400852,8.19e-06,0.00474702,0.00409517,0.02538126,6.84e-06,9.26e-06,0.00021473,0.00020604,0.0033374,0.00010863,4.6e-06
DX.1.2.392.200036.9125.4.0.487567719.3274532246.2795306561.png,0.5857365,0.00373226,0.33251122,0.0179743,0.08232372,0.00023629,0.00691531,0.00030186,0.00063731,8.47e-06,0.00013742,0.00162241,3.853e-05,0.00173284,0.00029511,0.02262627,3.322e-05,0.0114634,0.0052395
DX.1.2.840.113564.920101.20191112103514640730.1003000225002.png,0.00048976,0.00223398,0.00042164,0.00012747,0.71317863,0.00020432,0.8557579,0.0033857,2.069e-05,0.00181052,0.01419522,0.05910488,1.405e-05,9.53e-06,0.00019513,0.00019791,0.00407391,0.0026614,5.712e-05
DX.1.3.46.670589.26.802544.25.20191114.102146.309203.0.png,0.02800342,0.31788877,0.00046421,0.02013074,0.00089654,0.8275325,0.01343689,0.16718784,0.0003336,0.2212533,0.00029854,0.00092775,3.666e-05,0.0003364,6.04e-06,2.286e-05,0.05913687,0.0006308,4.661e-05
5E05C48C4CFC6C2.png,0.00140169,0.04041808,0.00047242,0.0003832,7.822e-05,0.00914229,0.00318588,0.00019441,8.862e-05,0.0183158,0.00293162,0.00431377,1.579e-05,0.00135769,0.08424849,0.00075699,0.01147044,0.00010104,8.917e-05
DX.1.3.46.670589.26.802544.25.20191106.92411.306729.0.png,0.09164268,0.00520003,0.00014637,0.00213126,0.00267619,0.0014066,0.00787291,0.00192128,0.00026238,0.00121161,0.01360436,0.00030628,3.669e-05,3.633e-05,0.00018308,0.00203654,0.00072457,0.00040131,0.00030172
DX.1.2.840.113619.2.369.4.2147483647.1573107003.667160.png,0.00527027,0.00285944,0.00017781,0.00115949,0.15088297,0.00039507,0.25014755,0.00035528,2.68e-06,0.00993801,0.00038671,0.3107108,3.044e-05,0.00025955,0.00020658,0.00076742,0.0524683,0.00045391,5.358e-05
5B528A1112884F8.png,0.8049716,0.00218619,0.10883511,0.00533278,0.5896576,0.04392156,0.08875658,0.97778034,0.10159215,7.187e-05,7.491e-05,0.00118419,5.464e-05,0.00072999,4.01e-06,0.00010977,0.00258119,0.00183863,0.00258095
DX.1.2.840.113619.2.369.4.2147483647.1573690610.917589.png,0.96028054,0.5790005,0.00387202,0.94928074,0.0143287,0.04927455,0.00013508,0.31194776,0.00646078,1.643e-05,0.00039684,9.43e-05,7.719e-05,7.629e-05,0.00112165,0.00155748,0.0001515,0.00215422,6.455e-05
DX.1.2.392.200046.100.2.1.69131194618.191105144003.2.1.1.png,0.02190145,0.00064187,0.00612425,8.817e-05,0.9205631,6.691e-05,0.86545306,0.01020511,0.00016241,0.00042781,0.00059059,0.07569932,3.093e-05,0.00013926,4.753e-05,0.00110088,0.00092561,0.01339659,0.00169962
DX.1.2.840.113619.2.369.4.2147483647.1572240596.885533.png,0.7912378,0.07398312,0.00042216,0.07264902,0.00342374,0.00161959,0.00312666,0.00124062,0.00126764,0.00026425,0.02643325,0.00080054,0.00045477,0.00011925,0.02818228,0.07129848,0.00127069,0.00014854,0.00039575
DX.1.2.002815100003405909201910280842224262609.png,4.223e-05,0.0070715,0.00059844,0.00036368,0.01114758,0.00191755,0.99675864,0.00109114,1.119e-05,0.04791828,0.00018711,0.02052032,0.000246,0.00062517,0.00049227,0.00153945,0.00633765,0.00066846,0.00074756
CR.1.3.46.670589.26.602199.4.20191118.101552.334522.0.png,0.29616776,0.00234129,0.00015636,0.00051407,0.0413789,0.00011401,0.14841978,0.00182264,0.00096585,4.435e-05,0.00875124,0.00034448,2.52e-06,2.715e-05,7.137e-05,0.00018505,0.00055575,0.00069893,0.00014014
DX.1.2.392.200046.100.2.1.69131194618.191112090911.2.1.1.png,0.36940336,0.0100949,0.00033088,0.00079964,0.55666107,0.00100343,0.0301847,0.0010368,5.35e-05,0.00545614,0.00039992,0.01258743,2.825e-05,0.00030107,0.00019683,0.00161657,0.00076767,0.00184978,6.566e-05
5C7DE68712E4A47.png,0.00227087,0.14198537,0.00024755,0.00155656,0.04727442,0.00167089,0.2954972,0.6768995,9.97e-05,8.919e-05,0.00875492,0.00285906,5.644e-05,1.924e-05,2.113e-05,0.00055627,0.00038879,0.00064332,0.00027646
5B53DAAD1538E75.png,0.6544086,0.10956667,0.15523271,0.01948537,0.00107421,0.00356618,0.00227855,0.03088127,0.00382445,2.75e-06,0.00022017,0.0031766,3.608e-05,0.0241269,0.00958471,0.00046529,0.00073217,0.00070584,0.00195982
DX.1.2.392.200036.9125.4.0.487562349.3375654294.2795306561.png,0.15196286,0.00052627,0.18637373,0.00125038,0.12028135,2.44e-06,0.02043557,2.572e-05,0.00024513,2.868e-05,3.434e-05,0.00733906,9.3e-06,0.00842376,0.00293825,0.01146362,7.329e-05,0.00383563,0.01030763
DX.1.2.392.200046.100.2.1.69131194618.191021154900.1.1.1.png,6.44e-05,0.00242802,0.0002418,0.00010538,0.6669812,0.00108524,0.9130788,0.00191814,2.694e-05,0.1750417,0.00178725,0.08940002,5.257e-05,0.00010381,0.00084168,0.00024186,0.20323166,0.00145349,4.652e-05
DX.1.2.392.200036.9125.4.0.487568006.3077596566.2795306561.png,0.8148289,0.00228911,0.9879759,0.00480848,0.00917396,0.00031544,0.01283603,8.441e-05,0.00101347,1.58e-05,7.502e-05,0.00356944,0.00010174,0.03129562,0.00161117,0.02203075,5.182e-05,0.02789898,0.14588165
CR.1.2.156.600734.516764694.1648.1571647063.1.0.1.png,0.97120583,0.00055297,0.8196518,0.05359704,0.42461133,0.00336403,0.00021953,0.0050625,0.09682091,8.48e-06,4.157e-05,0.2615571,2.691e-05,0.00219408,4.871e-05,0.00082934,8.567e-05,0.00110375,0.00040564
5D807456282CC85.png,0.8748462,0.0006069,0.0274566,0.00246405,0.4757654,0.0001476,0.04649122,0.02316736,0.0938687,1.372e-05,0.00039175,0.0064361,4.95e-06,0.00017243,1.025e-05,0.00213858,0.00021701,0.00182058,5.386e-05
CR.1.2.156.600734.516764694.1648.1573367823.1458.0.1.png,0.00106904,0.0011674,0.0017653,9.204e-05,0.2226779,0.00014396,0.02145357,5.202e-05,1.269e-05,0.00023497,0.00162965,0.14488772,1.087e-05,0.00011145,0.00107186,0.0005713,0.00092613,0.0014599,0.00012873
DX.1.2.840.113619.2.369.4.2147483647.1573707655.705462.png,0.00023793,0.04489673,0.00010635,0.00011485,0.01694462,0.00011166,0.6538908,0.0250488,7.878e-05,0.00029778,0.23482645,0.01041304,1.477e-05,0.00012454,0.00524868,0.00456882,0.00093449,0.00026099,3.86e-05
DX.1.2.00313765000343274220191113095156168846218.png,0.04575332,0.00074291,0.25373328,0.00371882,0.71860784,0.0001735,0.7262863,0.00047939,0.0004705,0.00073298,8.89e-05,0.15992403,0.00011426,0.00086922,9.886e-05,0.00149826,0.00041949,0.00579858,0.00114646
DX.1.2.00316053000342513320191108090158350863375.png,0.00913266,0.01856172,0.00053918,0.00480138,0.00045331,0.02035436,0.9128087,0.00032427,0.00880655,0.00331414,5.048e-05,0.08491979,0.00015623,0.00529169,0.00034117,0.00204383,0.01192719,0.00017921,0.00099255
CR.1.3.12.2.1107.5.3.57.20200.11.201910221551500484.png,0.01030278,0.00070532,0.25813022,0.00011668,0.7626307,0.00114746,0.03642597,0.00102209,0.00059506,0.00064904,0.00022728,0.50994956,1.949e-05,0.00102811,6.212e-05,4.105e-05,0.03365013,0.00154832,7.399e-05
CR.1.3.12.2.1107.5.3.57.30003.11.201911140837500000.png,0.09264941,0.00106762,0.06997594,0.00164802,0.42337567,0.0021679,0.11761795,0.00038236,0.0101815,0.00080146,0.00077064,0.06533198,6.95e-06,0.00077057,1.821e-05,0.00050918,0.01827994,0.00492937,7.959e-05
DX.1.2.0030967300033962252019102209264693060828.png,0.00066321,0.00368077,8.752e-05,0.00077967,0.01280287,0.01174215,0.9376274,0.00098814,2.302e-05,0.36800367,0.00016559,0.00468136,0.00019641,0.00056428,0.00041913,0.00034763,0.03400019,0.00024548,0.00075802
DX.1.2.392.200046.100.2.1.69131194618.191021100159.3.1.1.png,0.00104264,0.00239848,0.00080563,0.00090418,0.6000013,7.265e-05,0.87303734,0.00727896,0.00014446,0.00189961,0.00151218,0.01034215,7.875e-05,4.073e-05,0.00048779,0.00035629,0.00860858,0.31848678,0.00507298
5BAD782B1BEC6B6.png,0.11215527,0.00431705,5.498e-05,0.00818214,0.00389064,0.00325422,0.0160991,0.00016032,0.00049216,0.03088683,0.00050528,0.02577216,5.094e-05,6.165e-05,0.00026889,0.00037228,0.461884,0.00014129,0.0003165
CR.1.2.156.600734.516764694.1648.1573260674.1362.0.1.png,0.84461254,0.00093614,0.9862479,0.05763073,0.32700315,0.00825148,8.804e-05,0.00090664,0.03711781,0.00019273,3.5e-06,0.7297169,2.417e-05,7.778e-05,0.00081897,0.00158641,0.00144565,0.00041629,8.387e-05
CR.1.3.46.670589.26.602199.4.20191111.75439.334378.0.png,0.06529764,0.00664642,0.00212806,0.00176149,0.00183337,0.09763845,0.00384235,0.00723484,0.00297423,0.05785936,0.00014166,0.00393005,1.175e-05,1.685e-05,3.357e-05,5.03e-05,0.01082154,0.00059259,4.874e-05
DX.1.2.392.200036.9125.4.0.487567209.57501078.2795306561.png,0.690776,0.00042219,0.9831482,0.03745444,0.1766889,0.01081931,0.01715135,0.00027371,0.01505964,0.00094841,8.554e-05,0.40344355,0.00933592,0.52817214,9.811e-05,0.00168713,0.03101728,0.12107415,0.13046494
DX.1.2.392.200046.100.2.1.69131194618.191027111615.1.1.1.png,0.6323416,0.00389228,0.01524936,0.05762636,0.98900366,5.38e-05,0.03846806,0.12426215,5.49e-05,0.00201421,0.00018577,0.00054302,0.000146,0.00018902,0.00010974,0.01567057,0.0004303,0.09904347,0.00033617
CR.1.3.46.670589.26.602199.4.20191105.92303.334187.0.png,0.00040096,0.09872052,8.939e-05,3.823e-05,0.05128566,0.00689893,0.42845336,0.49648875,2.595e-05,0.00731617,0.00274314,0.00341472,7.17e-06,3.585e-05,0.00011298,3.524e-05,0.00452292,0.00072922,0.00042928
DX.1.2.840.113564.920101.20191111082327156160.1003000225002.png,0.13175482,0.00012591,0.02129625,2.158e-05,0.18976498,0.00071811,0.05890977,9.233e-05,0.00576842,0.00652258,0.00326122,0.17766286,0.00023464,0.0096027,1.781e-05,0.00011995,0.05243182,0.0006401,0.00060262
5E2178B41CBC63A.png,0.9969772,0.00145786,0.40788108,0.44490147,0.00567857,0.01289323,0.01539894,0.00340267,0.8581232,4.799e-05,0.00041286,0.02360864,4.32e-05,0.02694074,1.622e-05,0.04932786,0.0153797,0.00026731,0.00069394
DX.1.3.46.670589.26.802544.25.20191113.141135.308981.0.png,0.7458308,0.00131468,0.05378448,0.00749503,0.04153122,0.023013,0.04185365,0.00305817,0.04142158,0.00015136,0.00017024,0.04543408,9.83e-06,0.00183175,4.83e-06,4.862e-05,0.01605222,0.00406069,7.615e-05
5CE20CB2B9460E.png,0.0093845,0.00476957,1.484e-05,0.00157603,0.2267041,0.00047483,0.4817314,0.04550106,4.499e-05,0.00354247,0.00561132,0.00126139,1.63e-05,1.866e-05,0.00014303,0.00143811,0.02372022,0.00043657,0.0002134
5D0C6AA5F58B10.png,0.08772358,0.00313735,0.8325761,0.0159032,0.99599177,0.00320855,0.00270309,0.02129853,0.00093535,0.00191233,0.00025917,0.0336316,7.431e-05,0.00010053,2.669e-05,0.0002639,0.00333905,0.503357,7.688e-05
DX.1.2.00258376000341012120191030083022176341796.png,0.00586906,0.00259799,0.00235221,0.0001781,0.00250168,0.00055283,0.9689276,0.0010705,0.00012124,0.00031506,0.00049815,0.00355173,1.033e-05,0.00084546,0.00105555,0.00135184,0.00032555,0.00030468,0.00012015
CR.1.2.156.600734.516764694.1648.1572076658.379.0.1.png,0.00950367,0.00037064,0.7396142,0.00289238,0.8709603,3.655e-05,0.0412422,0.00241113,0.00013901,5.93e-05,0.00027432,0.94031686,9.652e-05,0.00083229,4.446e-05,0.0044916,0.00041436,0.00400991,0.00067812
DX.1.2.840.113619.2.369.4.2147483647.1574059278.197710.png,0.9036551,0.03437643,0.0003567,0.12328061,0.00086671,0.00096519,0.0027929,9.701e-05,0.00112067,2.373e-05,0.00017762,0.0009279,7.08e-06,9.067e-05,0.00186204,0.01188957,0.00044233,0.00015395,0.00053295
5E28ED5F3C1086F.png,0.5000567,0.19879892,0.00430676,0.11137772,0.00528566,0.8154154,1.597e-05,0.00129171,0.3517634,0.07378496,6.11e-06,0.00069835,6.586e-05,4.22e-05,0.0079925,6.055e-05,0.07718678,0.00104995,8.232e-05
5D969F1C6024A0C.png,0.00329016,0.01325818,0.00019835,0.00152298,0.7653292,0.00051761,0.60225195,0.51372004,0.00023204,0.00063785,0.00022997,0.00235138,9.513e-05,2.57e-05,9.641e-05,9.305e-05,0.00044699,0.00442896,0.00024157
DX.1.3.46.670589.26.802544.25.20191113.120328.308933.0.png,0.02934512,0.00179671,0.00165373,0.00151148,0.00497686,0.08993084,0.03848417,0.01917168,0.00655895,0.00321155,0.00374595,0.00781474,5.464e-05,0.00132341,3.239e-05,2.897e-05,0.0509604,0.00026273,0.00028935
DX.1.2.00311087000339878820191023073723172898437.png,0.88408047,0.00033967,0.8972851,0.19102839,0.5282718,0.01168832,0.25193912,0.00061992,0.03034765,0.00361189,6.457e-05,0.6666599,0.00036595,0.0019724,0.00014208,0.00256868,0.00083121,0.00024888,0.0014798
DX.1.2.0030630300033885862019101708013080303718.png,0.00555928,0.00454729,0.02338981,0.03280548,0.9583454,0.01468677,0.81571376,0.00309835,0.00027127,0.1901323,0.00023094,0.09726058,0.00043415,7.038e-05,0.00049,0.00235741,0.00812612,0.00432148,0.00025119
DX.1.2.840.113564.920101.20191111084646359500.1003000225002.png,0.00539423,0.00353094,0.00025348,0.00054926,0.48718655,0.00602155,0.09134934,0.0014361,1.617e-05,0.02249118,0.00112268,0.14428458,1.446e-05,0.00015677,1.457e-05,0.00015283,0.026055,0.0068187,6.33e-06
DX.1.2.392.200036.9125.4.0.487556241.770467222.2795306561.png,0.02173903,0.0012908,0.00714914,0.00156903,0.00958735,0.0022182,0.01630067,6.447e-05,0.00036033,0.03188461,0.0011725,0.00953008,7.584e-05,0.00028541,0.00165888,0.00039365,0.00339672,0.02688487,0.00124293
5DE9A22D39E8FD3.png,0.14584406,0.6496136,0.641674,0.05536708,0.0020839,0.6593769,1.851e-05,0.27331182,0.3987222,0.00025736,7.26e-06,0.00185056,0.00018306,0.00096195,0.00010979,5.319e-05,0.00447208,0.00052178,7.869e-05
DX.1.3.46.670589.26.802544.25.20191028.151216.303895.0.png,0.00677721,0.00716814,0.00060657,0.00038751,0.00252118,0.00088903,0.08530755,0.08173476,9.647e-05,0.00024801,0.32260785,0.00250699,5.03e-05,0.00016317,4.602e-05,0.00017137,0.00157367,0.00012756,0.0023794
5E0A95076744BDB.png,0.00096916,0.00256214,0.00620575,0.00091989,0.938314,0.0007766,0.06841876,0.00279266,3.498e-05,0.00478642,0.00013737,0.02678178,1.067e-05,0.00021323,0.00012884,0.00014213,0.00747923,0.00671004,3.051e-05
CR.1.3.46.670589.26.602199.4.20190910.83034.331827.0.png,0.03498712,0.42371663,0.00091965,0.07366293,0.05292234,0.19994207,0.00581158,0.76195306,0.00211528,0.01426745,0.00050678,0.00038511,1.024e-05,8.502e-05,0.00020706,2.919e-05,0.00113803,0.00023882,2.582e-05
5E1C1DD162FCAB1.png,0.05012306,0.31398836,5.895e-05,0.00424822,0.01337214,0.00013826,0.0021586,0.01544138,0.00095893,4.853e-05,0.00033022,0.0004494,1.37e-06,3.989e-05,0.0354224,0.00051445,0.00021222,3.332e-05,1.292e-05
CR.1.3.46.670589.26.602199.4.20191106.83632.334201.0.png,0.00044615,0.0645816,0.00013599,0.00083268,0.00557199,0.1986851,0.01038265,0.00989675,3.465e-05,0.23584577,0.0106414,0.00056597,8.54e-06,3.301e-05,0.00244761,7.878e-05,0.02864916,0.00087877,0.0001084
5DD8D9FE30FC7F7.png,0.50863916,0.00133749,0.041184,0.36501133,0.6559956,0.6145157,0.04709672,0.60298467,0.02560931,0.00460366,4.978e-05,0.00106001,2.762e-05,0.0005547,2.13e-06,0.00010959,0.02277507,0.00325329,6.106e-05
CR.1.3.12.2.1107.5.3.57.20200.11.201910280818430453.png,0.09316119,0.02786138,0.00886704,0.01125734,0.02391272,0.6194771,0.00326928,0.46272713,0.00190358,0.39141324,1.253e-05,0.03686008,0.0006853,0.00069773,0.00164615,2.168e-05,0.03468118,0.00052224,0.00029966
5E3679808187DB.png,0.88664454,0.07753534,0.00121041,0.7754221,0.12587701,0.0054586,0.00218446,0.05739495,0.0540391,3.2e-05,0.00032388,0.00072914,6.62e-06,1.08e-06,0.00012842,0.00377374,7.726e-05,0.00016668,1.397e-05
DX.1.3.46.670589.26.802544.25.20191104.132915.306162.0.png,0.32797614,0.00126164,0.15098651,0.00739563,0.3677815,0.00621637,0.06115476,0.01992094,0.0141821,0.0002208,0.00070256,0.00867388,4.249e-05,0.00087155,2.531e-05,8.74e-05,0.00122986,0.00240969,0.00014382
CR.1.3.12.2.1107.5.3.57.30003.11.201911131339310859.png,0.36380923,0.00394864,0.30874223,0.01705994,0.98444635,0.02646415,0.00397387,0.15542611,0.0056384,0.0179467,3.6e-05,0.1720481,4.92e-05,0.02080116,1.48e-05,5.997e-05,0.0597292,0.00304006,0.00011857
DX.1.2.840.113619.2.369.4.2147483647.1572844440.302362.png,0.98995703,0.01528777,0.0183845,0.96120733,0.09442757,0.02053751,0.04973384,0.821904,0.2319881,4.544e-05,9.04e-06,0.00021263,0.00012021,0.00021803,0.000167,0.01002511,0.00088055,0.00049776,0.00029474
CR.1.3.12.2.1107.5.3.57.30003.11.201911060817090015.png,0.4376565,0.00768792,0.23136882,0.03726676,0.6578458,0.0028681,0.00041734,0.00482986,0.00798174,0.0007323,7.753e-05,0.00200524,4.801e-05,0.0006352,0.00010622,0.00051228,0.00048979,0.00800507,0.00044406
CR.1.2.156.600734.516764694.1648.1574039675.2048.0.1.png,0.04080965,0.00074469,0.23880967,0.00205382,0.7390533,1.541e-05,0.00125784,0.00047249,2.398e-05,3.283e-05,0.00024452,0.24160855,1.13e-05,0.00018099,0.00625475,0.00344922,0.00014292,0.00131452,0.00025969
DX.1.2.392.200036.9125.4.0.487555708.3171640726.2795306561.png,0.03714485,0.00331811,0.9350288,0.00022119,0.05772646,0.00039439,0.37608683,0.00225209,5.538e-05,9.32e-05,1.249e-05,0.00860019,0.00063422,0.05922154,0.00054731,0.00330172,6.089e-05,0.15833993,0.3843722
DX.1.2.840.113619.2.369.4.2147483647.1572829360.567506.png,0.01212562,0.00886741,0.00230886,0.00058392,0.26293966,0.0002404,0.5326109,0.00565187,0.0001713,0.00155259,0.00068286,0.12260955,8.04e-06,0.00017548,1.034e-05,4.366e-05,0.01352896,0.00184799,9.43e-06
5E24F30F5358F94.png,0.47514477,0.5397936,0.00060576,0.45838568,0.02030588,0.03345294,0.00268874,0.31030494,0.02408486,6.085e-05,2.491e-05,3.064e-05,4.458e-05,5.43e-05,0.00200242,0.00189315,1.279e-05,0.00021886,8.838e-05
DX.1.2.840.113619.2.369.4.2147483647.1573023794.938334.png,1.311e-05,0.0179629,3.89e-05,2.268e-05,0.0169159,0.00077184,0.11700576,0.00035579,6.66e-06,0.00945125,0.21435106,0.0230162,2.093e-05,4.141e-05,0.00034201,0.00098342,0.00470452,0.0012203,0.00014382
CR.1.3.12.2.1107.5.3.57.20200.11.201910310855140140.png,0.9658004,0.00016174,0.9942801,0.2537588,0.16275549,0.9649518,0.00181172,0.00263246,0.56549275,0.02866012,8.34e-06,0.04913031,0.00132797,0.00430058,8.787e-05,1.295e-05,0.05649529,0.00466584,0.00156787
DX.1.2.00308938000339244820191019083924255377828.png,0.07198256,0.00306114,0.00012427,0.00838168,0.00150741,0.00047099,0.40317953,0.00030893,6.07e-05,0.00823116,0.00014087,0.0209082,3.806e-05,0.00265492,0.01021618,0.02473537,0.00231272,2.599e-05,0.00251863
CR.1.3.12.2.1107.5.3.57.20200.11.201911111600200656.png,0.00015944,0.07469646,0.00568284,1.905e-05,0.09703972,0.00056872,0.20980895,0.02647385,4.146e-05,0.00105131,0.00169671,0.00395688,0.0001074,0.00030532,0.00016767,4.147e-05,0.01347635,0.00588959,0.00082114
5B1E0BD916389DB.png,0.9557388,0.16508377,0.01957456,0.7685268,0.00477838,0.19480287,0.00851624,0.34180957,0.04393286,5.822e-05,7.177e-05,0.00016136,0.00089493,0.11211177,0.01174406,0.00262236,0.00087969,0.00020413,0.00282373
DX.1.2.840.113564.920101.20191112090110375640.1003000225002.png,0.00284403,0.6605034,8.947e-05,0.02228053,0.05292541,0.03306204,0.00038815,0.1129371,9e-06,0.03597034,6.703e-05,0.00196988,2.379e-05,6.72e-06,0.00255034,0.00094847,0.02232253,0.00112564,7.9e-06
CR.1.2.156.600734.516764694.1648.1574040791.2059.0.1.png,0.4726132,0.0607794,0.20487937,0.35515103,0.3259748,0.11989315,0.00581492,0.37215185,0.00031005,0.00029818,7.145e-05,0.05231878,0.00017753,0.00017978,0.00012057,0.02881981,0.00252669,0.00010624,0.00026801
DX.1.3.46.670589.26.802544.25.20191118.93129.310155.0.png,0.20199032,0.07287848,0.9348051,0.44376168,0.00166689,0.03788907,0.00866628,0.06747956,0.01680661,5.538e-05,0.00039194,0.0002376,0.00057682,0.00155459,7.302e-05,0.00347908,0.0002409,0.0186222,0.06674736
5E0A936B10C8D95.png,0.9441692,0.00671844,0.00077846,0.6113238,0.00466313,0.00224231,0.00317295,0.0006397,0.0075284,6.296e-05,0.00034133,0.00603705,1.623e-05,0.00010331,0.00019853,0.00984426,0.02806242,0.0002286,0.00037155
DX.1.2.0031509200034297352019111210043783207421.png,0.0004874,0.00199711,9.497e-05,6.134e-05,0.00286606,0.0004305,0.17858575,0.00023656,2.057e-05,0.00458818,0.07937978,0.00253066,3.516e-05,0.00027503,0.02199072,0.00448727,0.00186191,0.00019805,0.00071094
5CF9BCF91260B69.png,0.95452493,0.00046509,0.96956074,0.03244059,0.12562893,0.32642657,0.00381584,0.0046149,0.10876121,4.861e-05,2.061e-05,0.00183386,7.41e-06,0.00277346,4.34e-06,3.092e-05,0.01086788,0.05330156,0.00027002
DX.1.2.840.113619.2.369.4.2147483647.1572243114.739878.png,0.02546682,0.08812871,0.00273712,0.03520459,0.0232364,0.00130131,0.00792175,0.00145363,7.774e-05,0.00048704,6.682e-05,0.00632059,2.504e-05,0.00022558,0.00075117,0.00255495,0.00392551,0.00168239,1.265e-05
5E0AC0814438AD6.png,0.99494034,0.02057792,0.02006399,0.28608248,0.09741347,0.03225454,0.0001087,0.02787914,0.27861694,0.00010414,1.504e-05,0.00779815,2.879e-05,0.00286862,7.119e-05,3.89e-05,0.0055202,0.00018302,7.189e-05
DX.1.2.840.113619.2.369.4.2147483647.1574059478.849020.png,0.20072997,0.01524405,0.00202453,0.00227573,0.02645759,0.00105131,0.06405537,0.114057,0.00691738,2.105e-05,0.00047921,0.01758004,5.63e-06,0.00072316,8.099e-05,0.00013527,0.00848739,0.00114781,2.669e-05
DX.1.2.840.113564.920101.20191107080932015160.1003000225002.png,0.00729724,0.00152862,0.00514994,0.0001357,0.5075313,0.00048133,0.12601984,0.00136774,0.00017509,0.00104774,0.00075905,0.01107652,3.08e-06,2.45e-05,3.009e-05,0.00014536,0.0019494,0.00214312,4.914e-05
5D09F1003E4C79.png,0.02992198,0.9045156,0.00177152,0.926282,0.00146844,0.989567,0.00112888,0.4357714,0.0020083,0.800706,4.253e-05,0.00227528,8.788e-05,0.00042551,0.00046181,0.00102343,0.09979872,0.00029992,0.00019811
CR.1.3.12.2.1107.5.3.56.2539.11.201909101433040265.png,0.9608991,0.00028595,0.9981623,0.2305282,0.9751648,0.00956208,0.05968758,0.0023577,0.17023738,0.00018446,5.395e-05,0.02480207,0.00010221,0.00285234,2.97e-06,0.02554552,0.00256046,0.2860596,0.00515851
DX.1.3.46.670589.26.802544.25.20191106.105339.306779.0.png,0.19402593,0.7630589,0.00699734,0.9295817,0.00348238,0.59639,0.00252274,0.94012314,0.062165,0.00251774,0.00102287,6.469e-05,0.0029195,0.00248315,0.00443187,0.00060006,0.0001055,0.00032876,0.00421265
CR.1.3.12.2.1107.5.3.57.20200.11.201911091045360515.png,0.9825424,5.379e-05,0.9977296,0.9685637,0.9684256,0.8435878,0.00196571,0.36748773,0.716047,0.00176384,6.21e-06,0.02323798,0.00035453,0.0009276,5.56e-06,5.131e-05,0.00568629,0.01408052,0.00030296
5E1ACD9839D0732.png,0.00011824,0.00512304,0.32445672,0.00062611,0.886712,0.00071857,0.1143581,0.00194458,5.397e-05,0.00144568,0.00014186,0.00360483,4.526e-05,0.00013672,8.258e-05,0.00038968,0.00054344,0.40535632,0.00090553
DX.1.2.392.200046.100.2.1.69131194618.191101160749.1.1.1.png,0.22335885,0.00657305,0.00012672,0.00819309,0.59529406,0.00010446,0.01222757,0.04427899,1.857e-05,0.00018963,0.00055602,0.0002466,5.029e-05,0.00019939,0.00140078,0.00606163,4.31e-05,0.00334337,0.00038572
5E1A6E8D12B43CF.png,0.05330856,0.0219638,0.00012727,0.00037691,0.00355234,0.00828688,0.01059996,0.00535029,0.02373426,0.00503436,1.526e-05,0.00661945,4.44e-06,7.041e-05,1.423e-05,2.115e-05,0.01883368,0.00026873,9.97e-06
5DCDF8FF4F7CFA3.png,0.0064433,0.05721877,0.00862415,0.00511339,0.3003579,0.29056853,0.05293456,0.3412938,0.00103884,0.00154557,3.946e-05,0.00852443,7.805e-05,7.112e-05,5.42e-06,6.889e-05,0.00776087,0.02680655,0.00014045
DX.1.2.0030962300033961892019102210092395618625.png,0.00029282,0.04289524,0.00044808,0.00281328,0.0829224,0.00867196,0.8841604,0.01253538,7.21e-06,0.5426913,6.036e-05,0.01201878,0.00026211,0.00016981,0.00084901,0.00173222,0.01422163,0.00021111,0.00027888
DX.1.2.00281589000342111620191106082907176091593.png,0.00012947,0.00303277,0.00142198,0.00048584,0.01693202,0.00013716,0.9974745,0.00166274,0.00011761,0.00738479,0.00045639,0.05695048,0.00015023,0.00138839,0.00179488,0.00928033,0.00800754,0.00080926,0.00194483
DX.1.2.392.200036.9125.4.0.487538060.670459286.2795306561.png,0.99245614,0.00072222,0.961234,0.01499509,0.7267032,0.00052996,0.02416346,0.00074017,0.0302357,0.00019621,6.516e-05,0.03890538,3.103e-05,0.00413098,0.00015329,0.00205763,0.00250565,0.07112193,0.00047382
DX.1.2.0030631200033885612019101707394578999406.png,0.08144057,0.00344913,0.03346312,0.17980269,0.70772815,0.16412114,0.49024564,0.01504159,0.00289072,0.11240385,1.682e-05,0.02186622,0.00010948,0.00023123,0.0002101,0.00011526,0.0007682,0.00183823,0.00013964
DX.1.2.840.113619.2.369.4.2147483647.1573091251.100284.png,0.93645287,0.00034558,0.00514561,0.2558384,0.00869117,3.335e-05,0.01650467,0.00481084,0.00119609,6.56e-06,2.489e-05,0.00061858,0.00010431,0.00312845,0.00032641,0.02741016,6.78e-05,0.00681791,0.00700753
DX.1.2.840.113619.2.369.4.2147483647.1568183739.188363.png,0.01496111,0.17003956,0.00528572,0.0048061,0.03746462,0.00072553,0.04040786,0.03645128,0.00017369,0.00038703,0.00034524,0.01326114,6.466e-05,0.00038771,0.00087261,0.0041645,0.00094498,0.00077135,0.00043166
DX.1.2.840.113619.2.369.4.2147483647.1573018346.541132.png,0.00070199,0.11939216,5.536e-05,0.00024987,0.046822,0.00153171,0.63554096,0.17444047,1.506e-05,0.00316685,0.00251114,0.00483524,1.368e-05,9.857e-05,0.00012279,0.00026625,0.0015442,0.00169291,0.00015761
5E1BC670343CEDF.png,0.09442213,0.02421496,0.00506427,0.01060158,0.9721644,0.00044571,0.1466637,0.6921586,0.00011338,2.196e-05,0.00524063,0.02292499,1.201e-05,3.425e-05,0.0002649,0.0015335,0.00051614,0.00088763,1.811e-05
DX.1.2.00289115000340254220191025080927347622203.png,0.00216204,0.01962904,0.13656466,0.00117501,0.4740315,0.00307346,0.49543893,0.00413878,0.00031712,0.00316376,3.031e-05,0.49877563,0.00031641,0.00034857,6.345e-05,0.00045372,0.00108234,0.01319847,0.00053248
DX.1.2.840.113619.2.369.4.2147483647.1573695084.196737.png,0.00279324,0.00540313,0.00010551,0.00014522,0.18436521,0.00010063,0.14631206,0.01472391,1.511e-05,4.269e-05,0.00705678,0.00199836,2.29e-06,8.409e-05,0.00540712,0.0001035,0.00044251,0.00098398,0.00016074
DX.1.2.392.200036.9125.4.0.487527040.3215877526.2795306561.png,0.33992136,0.00023165,0.68290013,0.02227913,0.6006566,0.00040298,0.01333299,0.00011014,0.00059023,0.00013869,0.00018878,0.02004245,2.28e-05,0.00038027,5.855e-05,0.03110907,0.00043645,0.03422261,0.00136151
CR.1.3.12.2.1107.5.3.57.20200.11.201910291109590203.png,1.329e-05,0.00452242,0.00889902,5.74e-05,0.32423082,0.03916004,0.22090337,0.02020402,2.226e-05,0.24137406,0.00025079,0.07108254,6.596e-05,0.00011153,0.00035038,2.232e-05,0.1672381,0.00355564,8.213e-05
5E02B1621E20B70.png,0.05296554,0.47672996,5.852e-05,0.01973442,0.00033899,0.00817957,0.00299437,0.00186888,0.000284,0.00019707,2.365e-05,0.00051018,2.44e-06,1.76e-05,0.00338466,4.04e-05,0.00397706,3.36e-05,2.37e-05
DX.1.2.840.113619.2.369.4.2147483647.1573455059.169923.png,0.95848453,0.00453739,0.04922868,0.20912904,0.03406332,0.00118555,0.00553134,0.00225503,0.00180648,1.294e-05,8.021e-05,0.00097719,1.507e-05,0.00357273,0.00107092,0.01292218,0.00011555,0.14844564,0.00093084
CR.1.2.156.600734.516764694.906304.1571359501.161.0.3.png,0.0004973,0.02121128,0.00138366,5.879e-05,0.02599495,0.00011137,0.01343019,0.00017005,2.7e-06,0.0001035,0.00085838,0.061812,1.525e-05,0.00023628,0.03212463,0.00087073,0.00145337,0.00041931,0.00041794
5DBF79DCE10A4E.png,0.85316825,0.00105664,0.0074013,0.00224551,0.4871421,0.00097358,0.01385145,0.00046867,0.00566678,0.00088197,0.00054436,0.40242007,5.94e-06,0.00010979,4.85e-06,0.00020639,0.14143524,0.00023401,1.603e-05
DX.1.2.392.200036.9125.4.0.487526783.994600342.2795306561.png,0.89541954,0.00194544,0.81501853,0.06460056,0.01779155,0.00010499,0.0294336,5.873e-05,0.00816253,9.48e-06,0.0001987,0.00216762,0.00017218,0.02176165,0.00430175,0.10868268,5.027e-05,0.00242647,0.11271833
DX.1.2.840.113619.2.369.4.2147483647.1572913966.232513.png,0.08806509,0.01091856,0.00033925,0.00282979,0.03457719,0.00017188,0.04268654,0.00802497,0.00046762,8.554e-05,0.0007314,0.00077555,2.048e-05,3.108e-05,0.00098404,0.00162149,0.00012145,0.00058825,5.462e-05
DX.1.2.0031031900033959132019102210365997274062.png,8.735e-05,0.00239472,0.00026202,0.00040106,0.05029112,0.00146836,0.99293435,0.00031544,8e-06,0.1865843,0.00284996,0.08843959,6.927e-05,0.00080373,0.00211262,0.00404881,0.03049954,0.0003244,0.00045527
DX.1.3.46.670589.26.802544.25.20191114.111807.309246.0.png,0.0005321,0.01664474,0.00077264,0.00047943,0.08867732,0.06676128,0.28750518,0.1703675,1.8e-05,0.00294431,0.00108751,0.00112892,0.00011596,0.00027181,2.885e-05,1.726e-05,0.0100236,0.00067218,0.00015038
DX.1.2.00315701000342343820191107091402265187500.png,0.00533158,0.0181454,0.00010051,0.00079931,8.807e-05,0.00015002,0.0237189,8.89e-05,9.87e-06,0.00172249,0.42477015,0.00238526,4.369e-05,0.00035854,0.45736083,0.00580275,0.00053633,0.00019455,0.00089156
DX.1.2.392.200036.9125.4.0.487536239.161834390.2795306561.png,0.3161767,0.00032826,0.99918365,0.0049009,0.9321938,0.00192973,0.43756157,0.00620753,0.00074538,1.503e-05,3.081e-05,0.01085521,0.00025392,0.33169186,1.395e-05,0.03990878,7.875e-05,0.75772005,0.11752225
CR.1.2.156.600734.516764694.906304.1571361301.169.0.1.png,0.00108975,0.00091673,0.97616154,0.00150511,0.9404324,0.00118686,0.00302668,0.00025532,0.00023233,0.00161432,9.874e-05,0.9896216,0.00026552,0.00374047,0.00014608,0.0001538,0.01044682,0.004473,7.826e-05
CR.1.2.156.600734.516764694.533640.1571618953.49.0.1.png,0.01186833,0.01186268,0.8852415,0.00908509,0.9227034,0.00045496,0.00632498,0.2052575,0.00023801,4.766e-05,0.00025034,0.2459261,0.00033021,0.00012087,0.0003364,0.00052818,4.75e-05,0.03843239,0.00131827
5D08407617B0B5C.png,0.0414499,0.00247255,0.93561506,0.0985861,0.99920744,0.06224382,0.378018,0.9571626,0.03509288,0.00216874,8.731e-05,0.00480798,0.00128704,0.00131461,1.151e-05,0.00114438,0.00439934,0.4344836,0.00122518
5B7B6CBF33C325.png,0.0027786,0.00734326,0.0244663,0.00043407,0.73197687,0.00016122,0.01756406,0.00190827,0.00017213,0.00447653,0.00147579,0.38690543,8.1e-06,0.00024226,0.00030442,0.00026092,0.01210661,0.00095542,1.877e-05
DX.1.2.0030952700033961122019102209343593529812.png,4.915e-05,0.0091258,0.00088206,0.00011302,0.0737717,0.02834994,0.63349694,0.0235364,1.527e-05,0.05060685,0.00343258,0.00753064,6.211e-05,0.00016033,0.00036832,0.00059675,0.02183092,0.00042633,6.258e-05
5E1A65F92C0CBEA.png,0.0460555,0.2014455,0.00010455,0.00232369,0.00750153,0.00047155,0.0636823,0.0088664,0.00010711,0.00022936,0.00019182,0.00120425,6.86e-06,1.086e-05,0.00069375,0.00048078,0.00041338,0.00026334,8.13e-06
DX.1.2.840.113619.2.369.4.2147483647.1568180404.416432.png,0.06728992,0.02747585,0.3550813,0.09901231,0.99600714,0.08757285,0.01738573,0.9058703,0.00458433,0.00686458,2.221e-05,0.00068438,0.00022395,0.00031619,2.185e-05,4.563e-05,0.00101009,0.0524805,0.00043872
5DE8A7CD183C598.png,0.80850285,0.89650214,0.00055364,0.97759527,0.00036392,0.11111097,0.00185323,0.22208056,0.05787718,0.00038634,0.00034623,0.00140318,0.00015178,0.00015262,0.00082328,0.00397349,0.00554578,8.383e-05,0.00018198
DX.1.2.0030998800034142592019110109012791369812.png,8.45e-06,0.00021253,0.00087183,5.194e-05,0.0177468,0.00228362,0.97523206,8.246e-05,7.22e-06,0.17684627,0.00187066,0.34032753,0.00025416,0.00162982,0.00054069,0.00016917,0.07267358,0.00169814,0.00294571
DX.1.2.392.200046.100.2.1.69131194618.191016155123.1.1.1.png,0.01964509,0.00244879,0.00034829,0.00012034,0.1541582,9.71e-05,0.26186144,0.0001099,4.205e-05,0.00413252,0.00372189,0.06021923,2.7e-06,0.00010926,0.00429548,0.00083835,0.0033874,0.00018297,2.924e-05
DX.1.2.840.113564.920101.20191107103151359630.1003000225002.png,0.00048069,0.00092177,0.00015662,5.594e-05,0.00348918,0.00010024,0.03220922,9.014e-05,5.78e-06,0.00087711,0.6870792,0.00106918,1.574e-05,0.00012523,0.00255624,0.0007302,0.00071118,0.0011973,0.00057804
DX.1.2.392.200046.100.2.1.69131194618.191118164330.5.1.1.png,0.11771607,0.00075621,0.03833397,0.0089838,0.9966768,0.00020355,0.1034625,0.03124548,0.00016274,0.0006968,0.00022543,0.00168534,4.468e-05,0.00026477,9.918e-05,0.00101204,0.00033401,0.3674955,0.00025707
5B398B7D197C33B.png,0.00038426,0.01630169,0.00031345,0.00013364,0.6191967,0.00019828,0.5273415,0.66457886,4.27e-06,0.00043725,0.02194574,0.00163812,8.54e-06,2.001e-05,0.00019329,0.00031829,0.00036222,0.00168359,0.00017608
DX.1.2.00311786000341024820191030091143178823375.png,0.21347168,0.0375,0.0003407,0.90622085,0.12187445,0.23828262,0.3344342,0.0656279,0.00019946,0.07518356,5.496e-05,0.00263503,0.00035651,0.00032287,0.00031216,0.0122742,0.02306999,0.00088947,0.00052212
CR.1.2.156.600734.516764694.1648.1574043774.2074.0.3.png,1.773e-05,0.00743047,0.07060109,0.00014888,0.9386672,0.00170353,0.10099464,0.00310829,7.38e-06,0.0402153,0.00082816,0.47589767,0.00011538,8.01e-06,0.00055437,0.00019275,0.00170149,0.0016035,1.104e-05
DX.1.2.392.200036.9125.4.0.487574397.4290274710.2795306561.png,0.7354173,0.00070036,0.9935296,0.00084043,0.8214056,0.00038055,0.02281095,0.00249461,0.00867003,5.045e-05,9.192e-05,0.11182363,0.00014084,0.00490705,7.365e-05,0.00215511,0.0005139,0.03650693,0.03335532
5D37B40B2120818.png,0.93855965,0.02540694,0.0036178,0.7423879,0.00757657,0.00304281,0.00212171,0.4031579,0.11475679,0.00012047,4.277e-05,0.00173904,0.00086498,0.00090596,0.00152181,0.00131384,0.00634566,0.00019109,0.00215821
CR.1.3.12.2.1107.5.3.57.20200.11.201910281031280234.png,0.00079262,0.10922799,0.02644122,0.16148907,0.02767102,0.00452995,0.00167911,0.00388224,0.00038281,0.02474796,0.00029219,0.00581993,1.765e-05,0.00150544,0.00015862,0.00010931,0.00236895,0.02428093,0.00643513
DX.1.3.46.670589.26.802544.25.20191118.115406.310261.0.png,0.4762811,0.05606962,0.01904068,0.84548205,0.0928068,0.47719085,0.0098464,0.7790654,0.00594153,0.0192011,0.00037307,0.00123008,0.00048783,0.00304641,0.00028333,0.00014804,0.00791351,0.00310684,0.00016762
DX.1.2.840.113619.2.369.4.2147483647.1574059150.164240.png,0.00118699,0.01225186,0.0002253,0.00018968,0.05807528,0.00544804,0.05012332,0.01100116,0.00029298,0.02389626,0.00099029,0.04154974,8.01e-06,6.644e-05,5.26e-06,5.289e-05,0.09949248,0.00069197,5.12e-06
DX.1.2.0031501200034191052019110508543891222828.png,0.00060771,0.00224984,0.00118994,0.00086072,0.05229648,0.00085765,0.94368386,0.00852041,8.31e-06,0.00191924,0.00103248,0.00149696,1.589e-05,3.291e-05,0.0003474,0.00019023,0.00038637,0.00044405,0.00039743
DX.1.2.00310888000339862720191023091524178779140.png,0.0027055,0.04352732,0.00052023,0.00243104,0.10370361,0.00087653,0.92718554,0.02455069,1.609e-05,0.0503862,0.00065394,0.0431182,5.582e-05,0.0002623,0.00049858,0.00492813,0.00143912,0.00047124,0.0001249
DX.1.2.00311000000339871920191023091857178992218.png,0.01512611,0.00065828,0.00079602,0.00256494,0.06381801,4.45e-05,0.9625805,0.00033597,6.968e-05,0.00329206,0.00097569,0.11199842,2.301e-05,0.00048115,0.00071427,0.00308966,0.00333788,0.00031942,0.00048077
CR.1.3.12.2.1107.5.3.57.20200.11.201911111041130156.png,0.00069997,0.11207072,0.00058692,0.00205627,0.00924159,0.02667282,0.02427057,0.0012876,5.738e-05,0.6250626,0.0001823,0.01500336,1.791e-05,0.00033816,0.0107585,4.717e-05,0.09711596,0.0009084,5.843e-05
DX.1.2.0030982100033963492019102210323397008156.png,4.093e-05,0.00099164,0.00099066,2.478e-05,0.41842756,0.00042186,0.96488625,0.00047596,3.3e-06,0.01716315,0.00730717,0.09876061,3.75e-05,0.00041781,0.0017311,0.0002492,0.04010283,0.00116608,0.00022506
CR.1.2.156.600734.516764694.1648.1573817681.1899.0.1.png,5.374e-05,0.00209496,0.976243,0.00035411,0.9981462,2.402e-05,0.09092811,0.00091145,9.49e-06,0.00047344,0.00051593,0.9055052,0.00021037,0.00013816,0.0006733,0.00061016,0.00113979,0.01238715,0.00024062
DX.1.2.0030708600033887732019101708354582359468.png,0.17137507,0.00440302,0.0269698,0.5251794,0.90789634,0.01660942,0.768513,0.6204315,0.00043087,0.00092273,0.00010965,0.00052805,9.844e-05,0.00033774,0.00017079,0.00058987,7.092e-05,0.00588611,0.00075975
DX.1.3.46.670589.26.802544.25.20191104.142711.306204.0.png,0.00079066,0.00242197,0.001994,5.325e-05,0.14631338,0.00214135,0.53308713,0.14543197,4.513e-05,0.00333672,0.00396813,0.02282673,3.911e-05,0.00016953,1.035e-05,3.061e-05,0.00346464,0.00079946,0.00054149
CR.1.3.12.2.1107.5.3.57.20200.11.201910291611480593.png,0.5525934,6.016e-05,0.99967635,0.36864987,0.9999715,0.2246779,0.00278257,0.07329618,0.04484824,0.00270419,7.996e-05,0.01178528,0.00055449,0.00045721,4.199e-05,0.00012047,0.00137015,0.6458785,0.00067217
5D803F7DBECD25.png,0.00721711,0.0589894,0.00061544,0.00061908,0.00011616,0.0015876,0.00089385,0.0218921,0.00015683,1.644e-05,0.03657714,0.00097477,4.794e-05,0.00261157,0.00151372,0.00087842,0.00051751,0.00024372,0.00055252
DX.1.2.840.113619.2.369.4.2147483647.1572246573.677375.png,0.00752342,0.11041157,4.782e-05,0.00519925,0.00359983,0.00037032,0.04258956,0.00368669,4.155e-05,0.00034859,0.00210015,0.00082361,2.942e-05,4.181e-05,0.00212321,0.01674932,0.00127528,0.00087328,9.996e-05
5CDE152D1E9CAD5.png,0.47755527,0.05693501,0.10272658,0.00070959,0.05200326,0.00863907,0.13921146,0.6595178,0.0004406,3.89e-06,0.0001562,0.00325902,0.0002308,0.00731507,7.084e-05,0.00018266,0.00161342,0.00064044,0.00027042
CR.1.3.46.670589.26.602199.4.20190910.75632.331805.0.png,0.7326969,0.0613441,0.02559198,0.56891996,0.01525586,0.9671504,0.00034963,0.1030458,0.2964827,0.01372445,0.00014906,0.00033393,3.416e-05,0.00041644,9.542e-05,2.826e-05,0.00466513,0.00034924,5.899e-05
DX.1.3.46.670589.26.802544.25.20191106.90624.306717.0.png,0.07920778,0.00071797,0.00024807,0.00068248,0.16431968,0.00011694,0.03592888,0.01741556,4.004e-05,0.00015784,0.00117444,0.0023361,1.345e-05,7.648e-05,0.00011295,0.00036731,0.00122556,0.00026416,7.498e-05
CR.1.3.46.670589.26.602199.4.20190910.91945.331856.0.png,0.17458601,0.01291226,0.00851869,0.02985323,0.00947467,0.5611399,0.00229504,0.31817126,0.01010161,0.0005738,0.00044552,0.00017092,1.53e-05,0.00012047,1.491e-05,1.734e-05,0.0442924,0.0006529,6.327e-05
DX.1.2.0031210000034082152019102910162296302343.png,0.00056074,0.00021563,0.00132924,1.292e-05,0.02999385,4.978e-05,0.96346813,0.00034963,5.55e-06,0.00034317,0.00577545,0.00165534,1.255e-05,0.0003805,0.00067639,0.00119636,0.00038619,0.0012192,0.00194367
5E361A32F8499C.png,0.8602912,0.4583002,4.733e-05,0.3831536,0.00031562,0.0022599,0.00037624,5.472e-05,0.01126506,6.87e-05,0.00070266,0.00147192,1.76e-05,0.00021025,0.10113966,0.00828874,0.00302324,8.766e-05,0.00057918
DX.1.2.0030613200034139312019110108325189654343.png,0.26807672,0.00090359,0.22946753,0.3306047,0.57360107,0.05688274,0.45299765,0.04191232,0.12203901,0.00040481,1.952e-05,0.00089632,0.00055418,0.00016784,8.35e-06,0.00082104,0.0015166,0.01301114,0.00046717
DX.1.2.00316025000342495520191108084009349554343.png,0.4705742,0.0132494,0.10388841,0.7466494,0.4696252,0.4021511,0.15083602,0.10337834,0.00140579,0.0227568,3.102e-05,0.0044217,0.00026712,0.00011207,0.00013116,0.00337779,0.0027778,0.00112196,0.00017802
5E27EC7365C0137.png,0.9983134,0.00015995,0.99853146,0.8938899,0.9980908,0.92072827,0.01768862,0.98837125,0.9777468,0.00140698,6.607e-05,0.00333691,0.00179097,0.00213686,3.736e-05,0.00036261,0.01469606,0.00651948,0.0011616
DX.1.2.00292513000339237120191019090449256903437.png,0.02015633,0.00134721,0.10588678,0.00666705,0.36899325,0.01987947,0.6421535,0.00177507,0.00086715,0.04043978,0.00017094,0.25197172,0.00066114,0.0008893,7.669e-05,0.00015204,0.00226162,0.00280101,0.0026563
DX.1.3.46.670589.26.802544.25.20191113.111155.308899.0.png,0.03648085,0.04771892,0.00110897,0.0006932,0.00439469,0.00710677,0.00892986,0.00024621,0.00088446,0.00867792,0.00057483,0.00311494,5.611e-05,0.00046176,0.00334036,1.745e-05,0.02218276,0.00078524,0.00010402
CR.1.3.12.2.1107.5.3.57.20200.11.201911110944260968.png,0.97636664,0.07013671,0.6617792,0.9491713,0.01117674,0.9997488,0.00121768,0.27064294,0.9515187,0.17405294,8.086e-05,0.00163791,0.0001127,0.00181052,0.00072301,6.82e-05,0.02869686,0.00012491,0.00037513
DX.1.2.840.113564.920101.20191105142301015640.1003000225002.png,0.07961422,0.00381865,0.00079642,0.00255315,0.01411933,0.00023368,0.0341949,0.00027974,0.00112181,0.00141517,0.00301526,0.00782543,6.132e-05,0.00082309,0.00054086,0.00086197,0.00089421,0.00130592,0.00039422
DX.1.2.00278352000340071220191024080949261243937.png,0.93036634,0.00063404,0.12455681,0.00990791,0.32795793,0.00368285,0.00508427,0.00039508,0.01061932,0.00368125,8.919e-05,0.23811577,0.00012264,0.00151003,0.00052535,0.00329356,0.00121696,0.00113369,0.00011229
5E12DBA21E44ABF.png,0.0753408,0.01707108,0.00221432,0.00230473,0.00748011,0.00010547,0.0047236,0.0002325,0.00060455,1.91e-05,0.04473854,0.0004656,8.57e-06,5.357e-05,0.00081666,0.0040321,0.00014078,0.00322468,0.00010626
DX.1.2.392.200036.9125.4.0.487582335.1699440022.2795306561.png,0.17863236,0.00189673,0.55292565,0.00156317,0.00484059,8.042e-05,0.01057636,7.906e-05,0.00042837,1.44e-06,6.827e-05,0.02472933,5.289e-05,0.10645897,0.00084497,0.10920492,3.611e-05,0.00619561,0.0111708
DX.1.2.0030817000034138032019110108135688519140.png,0.48954347,0.00050155,0.17437588,0.02380144,0.06846383,0.00016542,0.7548861,0.0014693,0.00262902,0.00025915,9.158e-05,0.00332111,0.00042799,0.00157184,0.00032054,0.00206417,0.00043459,0.03438308,0.00539485
DX.1.2.0031157800034143962019110109323293235328.png,1.702e-05,0.00017483,0.00263898,2.287e-05,0.8724772,0.00055134,0.99583006,0.02779958,3.152e-05,0.01638546,0.00797898,0.17707692,0.00024334,5.649e-05,0.00025105,8.535e-05,0.01009753,0.00143988,0.00071806
DX.1.2.840.113564.920101.20191112150906718350.1003000225002.png,0.94357806,0.0014061,0.03047331,0.04356574,0.3595291,0.00442084,0.00980823,0.12141617,0.02346676,0.0018062,0.00034637,0.01437727,0.00022663,0.00157554,4.031e-05,0.00076968,0.00459715,0.00177766,0.00025079
CR.1.3.46.670589.26.602199.4.20191118.93904.334503.0.png,0.00054624,0.02129196,6.716e-05,0.00049712,0.01958233,0.01446936,0.30496642,0.15866636,4.585e-05,0.17124619,0.00061243,0.00096166,2.95e-05,1.008e-05,0.00067954,0.0001233,0.12381214,0.00012839,0.00011925
5DF87FE31A1C28B.png,0.9659603,0.00070037,0.00707658,0.16173995,0.01227459,0.00124369,0.00501339,0.00779746,0.01594744,4.75e-06,0.00028275,0.001089,6.28e-06,0.00094417,7.879e-05,0.00965188,0.00042209,0.0006431,0.00056123
CR.1.3.12.2.1107.5.3.57.20200.11.201911070927360328.png,3.542e-05,0.01105748,0.08348568,8.026e-05,0.9560965,0.00283293,0.50100416,0.09667462,0.00020194,0.00543072,4.886e-05,0.01134474,6.944e-05,0.00012184,3.701e-05,2.086e-05,0.00433307,0.04913408,0.00042072
DX.1.2.00308980000339272520191019102723261857312.png,0.00024042,0.00053462,0.00098943,0.00018202,0.02702419,0.00056792,0.9967614,0.01607929,1.035e-05,0.00547979,0.00559534,0.00314465,9.233e-05,0.00010433,0.00039888,0.00212471,0.00069528,0.00110312,0.00569567
DX.1.2.840.113564.920101.20191107145710421720.1003000225002.png,0.00842685,0.07465896,0.00017897,0.00135012,0.00312116,0.00128789,0.00082117,0.00065303,4.072e-05,0.00061895,0.00087411,0.0047904,1.657e-05,0.00014286,0.00115419,0.00095974,0.00234623,0.00096677,1.643e-05
5E251FAB331C0CF.png,0.00015562,0.01003666,0.1952835,0.00169718,0.9820093,0.04731694,0.02605187,0.03358742,0.00094479,0.0472592,0.00018931,0.00294547,6.948e-05,6.312e-05,8.09e-06,7.265e-05,0.00145163,0.3769612,0.00015249
5CED13791760E7E.png,0.19203895,0.3685708,0.9424717,0.9367948,0.44423315,0.9642211,0.00217808,0.93798816,0.5595778,0.00911607,6.25e-06,0.00474735,0.00014675,0.0010691,0.00010279,2.241e-05,0.00071324,0.00466121,0.00211605
DX.1.2.392.200046.100.2.1.69131194618.191107091614.1.1.1.png,0.00021458,0.00202775,0.00114636,8.354e-05,0.52035,0.00043093,0.93810874,0.00093744,1.26e-05,0.03452854,0.00149747,0.16415177,3.221e-05,0.00010952,0.00147839,0.00115768,0.00180877,0.00142014,0.00041025
DX.1.2.00315263000342119020191106084535177080281.png,0.67039955,0.00126309,0.19778362,0.03248376,0.91899,0.00036362,0.8295377,0.03901205,0.00368943,0.00013571,2.916e-05,0.0296653,0.00013591,0.0002955,3.025e-05,0.0059574,6.177e-05,0.00084539,0.00018313
5DF82420516C83C.png,0.01787233,0.02486869,0.0003109,0.00047625,0.02472725,6.399e-05,0.0708451,0.0287213,2.159e-05,1.651e-05,0.04720124,0.00334549,5.31e-06,4.006e-05,0.00130604,0.00392899,9.172e-05,0.00017168,6.689e-05
5BCAD5F31FE4C34.png,5.762e-05,0.00499116,0.00297896,1.075e-05,0.41897255,0.0002498,0.52192765,0.06949816,9.407e-05,0.0005449,0.00119497,0.02671093,1.81e-06,0.00013983,1.603e-05,8.335e-05,0.00564203,0.00027199,3.248e-05
DX.1.2.840.113564.920101.20191114093641812470.1003000225002.png,0.00142084,0.06773389,0.00024061,0.00084846,0.01374618,0.00888343,0.0564342,0.05903672,1.825e-05,0.00270165,0.00041749,0.00348349,1.609e-05,0.00023973,0.00210871,0.00357653,0.00100308,0.00181695,2.055e-05
DX.1.2.840.113619.2.369.4.2147483647.1573698221.438974.png,0.03998911,0.9024138,0.00024275,0.44617635,0.00804381,0.7699331,0.00104291,0.16271769,5.612e-05,0.10239662,4.39e-06,0.00521217,1.503e-05,1.74e-05,0.00098982,0.00032041,0.01878452,0.0002868,4.019e-05
DX.1.2.840.113619.2.369.4.2147483647.1572241176.261240.png,0.31876534,0.04279912,0.05500326,0.04933665,0.03007254,0.57351816,0.00268603,0.01254696,0.00167309,0.00115518,2.675e-05,0.13612904,5.57e-06,0.00102868,2.465e-05,3.641e-05,0.18928403,0.00327548,6.77e-06
DX.1.2.0028903500034189942019110508211989223984.png,0.06336938,0.03651109,0.00104823,0.09540247,0.64345753,0.01175415,0.02231926,0.19067776,3.72e-05,0.05441147,0.00010273,0.00108552,4.553e-05,0.00013249,0.0001009,0.0062451,0.00049016,0.0060923,4.849e-05
DX.1.2.840.113564.920101.20191105105153000950.1003000225002.png,0.0007318,0.06132645,5.848e-05,5.12e-05,0.00293286,0.00142812,0.42923495,0.01184698,0.00016972,0.00011007,0.0361467,0.00100298,1.289e-05,3.676e-05,0.00106982,0.00015628,0.00337724,0.00126473,5.217e-05
5E337838D600AB.png,0.9755255,0.39254743,0.0020223,0.99938834,0.03162578,0.19347657,0.00098467,0.62412226,0.447607,0.00079871,3.54e-06,0.00077208,0.00029434,3.09e-05,0.00012907,0.0026582,0.00039311,0.00021861,0.00022904
CR.1.3.12.2.1107.5.3.57.20200.11.201911181510420640.png,0.12425749,0.07061062,0.28874135,0.00349816,0.1893527,0.6339715,0.00038605,0.35102597,0.0594529,0.01519926,7.05e-06,0.0080303,0.00011743,0.00037343,0.00057431,8.04e-06,0.01949211,0.00323674,0.00010473
DX.1.2.00173153000339100120191018092608171782125.png,3.53e-05,0.09230002,2.745e-05,0.00011559,0.0080212,0.00487307,0.9671208,0.00258383,1.515e-05,0.08822525,0.00032151,0.01284054,9.832e-05,5.196e-05,0.01175672,0.00020762,0.00576166,0.00040479,0.00096178
DX.1.2.840.113619.2.369.4.2147483647.1574059207.291896.png,0.00696217,0.06439101,8.698e-05,0.00309832,0.02420562,0.00043306,0.2678772,0.00367433,4.69e-05,0.00201259,0.00038737,0.04568238,3.158e-05,0.00018755,0.0008807,0.00058472,0.00459645,0.00026697,0.00011777
CR.1.2.156.600734.516764694.1648.1572282473.559.0.1.png,0.99159545,0.00107012,0.999532,0.21954533,0.6843267,0.21602884,7.079e-05,0.00715146,0.25299227,0.00069708,3.57e-06,0.864085,0.00039396,0.03724267,3.951e-05,0.00121728,0.01012568,0.00235571,0.01029691
5BD027A52350599.png,0.46017817,0.00784961,0.02766416,0.00322478,0.4480578,0.00083084,0.00648913,0.0067566,0.0155142,6.752e-05,0.00094411,0.04946384,1.201e-05,0.00038947,0.00014914,0.00137561,0.00813684,0.00279088,2.393e-05
5DE9B8D223F8AB2.png,0.8390911,0.00134474,0.00465434,0.02755172,0.02595565,0.0774247,0.0030479,0.11082555,0.8293318,0.00085914,1.108e-05,0.01324748,0.00035833,0.00015287,0.00029114,6.392e-05,0.01414705,0.00063952,9.534e-05
5C7CE0AD22B4E28.png,0.0001129,0.00950612,0.00085213,7.27e-06,0.14147997,9.967e-05,0.23002931,0.00177408,9.14e-06,0.00023008,0.02313213,0.05053802,3.8e-06,0.00013511,0.00062417,0.00019616,0.00492032,0.00049391,2.184e-05
CR.1.3.46.670589.26.602199.4.20191118.82524.334487.0.png,0.00524247,0.00173406,0.00010357,0.00016687,0.00091052,0.0009486,0.09547908,0.00335582,3.459e-05,0.00168348,0.5424342,0.00058354,6.066e-05,0.00026156,0.00112361,0.00018805,0.00216373,0.00027809,0.00235611
5CCE4E5C207888A.png,0.74376833,0.03085956,0.7752742,0.63479626,0.8323692,0.6347493,0.00265728,0.93023646,0.3201939,0.00059859,4.505e-05,0.00129465,7.493e-05,0.00014074,7.34e-06,4.554e-05,0.00036805,0.00534845,0.00010155
DX.1.2.392.200046.100.2.1.69131194618.191021095632.1.1.1.png,0.05991683,0.00257417,0.0028496,0.00636851,0.989033,0.00012684,0.09072462,0.2820417,2.049e-05,0.00075263,0.00021699,0.0034648,2.128e-05,0.00035559,0.00041347,0.00131694,0.00015596,0.00310421,0.00027265
5E17CBA05850897.png,0.00213929,0.79994386,0.002059,0.03841248,0.00104884,0.164077,0.00018961,0.00078057,0.00048919,0.00188359,1.707e-05,0.00043335,0.00030306,0.00022671,0.04200232,0.00079685,0.00230005,0.00082763,0.00130297
CR.1.3.12.2.1107.5.3.57.20200.11.201910240930020156.png,0.7235132,0.00017722,0.984534,0.3208452,0.7558174,0.06331375,0.02508586,0.00714782,0.28970608,0.00021285,0.00019312,0.0149343,3.404e-05,0.00111965,6.153e-05,0.00014958,0.00342619,0.04519842,0.0003176
CR.1.3.12.2.1107.5.3.57.20200.11.201910181712190453.png,0.00445959,0.00877616,0.00123642,0.00177944,0.94941014,0.00094355,0.44358116,0.30064765,0.00066247,0.00486582,0.00039948,0.00745946,1.184e-05,0.00016537,9.589e-05,0.00024834,0.00084885,0.00745335,5.366e-05
5DC669E428B8D66.png,0.3742678,0.9732212,0.02946162,0.19288854,0.00523852,0.9129181,7.681e-05,0.9564585,0.66670185,0.01896189,6.48e-06,0.00346598,9.021e-05,0.0003177,0.00097402,0.0001993,0.02789204,0.00152714,0.00013347
DX.1.2.840.113619.2.369.4.2147483647.1572239883.260525.png,0.8243987,0.02157749,0.00047766,0.07187152,0.01890972,0.00239829,0.00122208,0.00135819,0.00032095,0.00011269,5.167e-05,0.01407889,1.152e-05,0.00038805,0.00218886,0.0022274,0.00280605,0.00042446,1.117e-05
CR.1.3.46.670589.26.602199.4.20191112.81923.334414.0.png,0.00150318,0.0005196,0.0003668,7.273e-05,0.02456165,0.00284413,0.18599212,0.00608168,0.00010407,0.13285094,0.0415031,0.00720008,6.48e-05,0.0001065,8.551e-05,8.096e-05,0.05725991,0.00081536,0.0011715
DX.1.2.0030957600033961472019102207362286436843.png,0.02280918,0.0032979,0.02003169,0.03091718,0.01216928,0.00313859,0.88579667,0.00019203,0.00045665,0.02907232,0.00021352,0.08503836,0.00020396,0.00142999,0.00082811,0.00151995,0.00591874,0.00012246,0.00566911
DX.1.2.00310906000339864320191023094706180680843.png,0.00055447,0.00017468,0.000168,4.968e-05,0.00320697,0.00044505,0.925613,6.684e-05,1.681e-05,0.01061177,7.155e-05,0.23021558,3.81e-05,0.00547732,0.00016347,0.00023268,0.07057828,8.376e-05,0.00088566
DX.1.2.392.200046.100.2.1.69131194618.191116121338.1.1.1.png,0.16872007,0.00569029,0.1245359,0.01509573,0.8949928,0.00124807,0.09025482,0.00871612,0.00098749,0.00169757,4.362e-05,0.01658757,5.503e-05,0.00126006,3.202e-05,0.00025646,0.0060205,0.50515306,0.00056003
DX.1.2.840.113619.2.369.4.2147483647.1572846437.690442.png,0.2765996,0.1807838,0.01358228,0.84002835,0.13960767,0.00627256,0.00130822,0.05097152,0.00529613,3.128e-05,0.0001039,9.402e-05,0.00039748,0.0006306,0.06040884,0.01397762,3.737e-05,0.00115235,0.00289876
CR.1.3.12.2.1107.5.3.57.20200.11.201910310954030359.png,0.2989947,0.0002809,0.9257407,0.06053976,0.30261227,0.02659153,0.00899684,0.00511801,0.05243164,0.00910184,3.641e-05,0.03467266,0.00014868,0.00397246,7.108e-05,9.186e-05,0.0228908,0.08872837,0.00424998
DX.1.2.840.113564.920101.20191104101757750710.1003000225002.png,0.00971052,0.03901161,0.00048178,0.00040516,0.8490792,3.993e-05,0.22828002,0.0247002,2.391e-05,0.0003084,0.00059234,0.04900788,6.85e-06,0.000104,0.00025118,0.00115575,0.00648489,0.00069522,2.419e-05
DX.1.2.0031336600034189122019110508224089305250.png,0.00015317,0.00140912,0.01213919,0.00073166,0.75673425,0.00108998,0.98778987,0.00077302,7.484e-05,0.02628775,3.858e-05,0.54752475,0.0001171,0.00038366,0.00042982,0.00356272,0.00070597,0.00141036,0.00021434
DX.1.2.00286881000342115020191106084008176752906.png,0.00143246,0.00119258,0.00012226,0.00040921,0.00246984,8.781e-05,0.07255807,0.00013559,6.203e-05,0.00131536,0.00115567,0.00278486,9.01e-06,0.00054477,0.00645969,0.00172852,0.00056063,0.00010157,0.00118017
CR.1.3.12.2.1107.5.3.57.20200.11.201910050932330406.png,0.01735329,0.24677216,0.46575224,0.8742795,0.00127936,0.9997019,0.00048824,0.8839953,0.15877391,0.60787207,4.46e-06,0.00387643,0.00224475,0.00222185,0.00193253,1.387e-05,0.03523603,0.00068424,0.00575126
5CF85A8147C8B8.png,0.0024105,0.798627,7.287e-05,0.00069492,0.00034313,0.00080687,0.00038413,0.00185694,7.795e-05,0.00016657,0.004427,0.00196911,2.085e-05,3.757e-05,0.12336888,0.00033515,0.00040898,3.843e-05,0.00024307
CR.1.3.46.670589.26.602199.4.20191113.90343.334447.0.png,0.01139573,0.0050219,2.024e-05,0.00014156,0.00112297,0.00249223,0.06308592,0.00018413,0.0001702,0.03211987,0.02360648,0.00183727,4.41e-06,3.562e-05,0.00182414,0.00010856,0.02673096,6.572e-05,8.439e-05
CR.1.3.46.670589.26.602199.4.20190910.91015.331849.0.png,0.01100811,0.7281561,0.00028631,0.00129336,0.00037819,0.2908942,0.00385057,0.13500416,0.00185419,0.00051727,0.00015838,0.00018524,3.329e-05,8.353e-05,5.325e-05,4.261e-05,0.00149629,0.00058008,6.431e-05
5DD72F272DE8457.png,0.1392725,0.742848,0.00041719,0.01717556,0.02409106,0.03528606,0.00102788,0.4268482,0.00178389,0.00077766,0.00030357,0.0001789,5.535e-05,0.00073192,0.00374028,3.833e-05,9.134e-05,4.248e-05,0.00083155
5D80563C3388D4D.png,5.872e-05,0.0087882,0.00019958,4.994e-05,0.8933904,0.00057266,0.94358706,0.9727852,3.71e-06,0.00038144,0.00297412,0.00728608,7.86e-06,3.774e-05,2.731e-05,0.00017626,0.00047723,0.00044367,4.575e-05
DX.1.2.0031198500034081112019102910052595645437.png,0.00223881,9.948e-05,0.06156615,0.00013413,0.15449165,0.00135021,0.94955015,0.00039519,4.839e-05,0.00206296,5.974e-05,0.15906993,6.994e-05,0.00076943,0.00010515,0.00057624,0.00073277,0.00047613,0.00168817
CR.1.2.156.600734.516764694.1648.1571795096.135.0.1.png,0.39787492,0.00206902,0.99985474,0.19488063,0.99976355,0.33770597,0.00125813,0.7300918,0.00962695,0.00112596,1.7e-06,0.07375443,0.00665237,0.04078628,3.258e-05,0.00231148,0.00056974,0.12644018,0.02130584
5DD5DE7719C4ADA.png,0.0118571,0.00125286,0.00138232,0.01697928,0.2791751,0.02826748,0.03295744,0.0017775,0.00455688,0.01633396,0.00040083,0.00199163,2.259e-05,1.994e-05,3.32e-05,5.644e-05,0.05336654,0.00079348,0.00022078
DX.1.2.392.200046.100.2.1.69131194618.191017182639.2.1.1.png,0.960668,0.0005586,0.05160208,0.12151919,0.93508846,0.00010201,0.00527181,0.00120514,0.00767481,7.246e-05,6.033e-05,0.00661748,5.04e-06,0.00012071,3.57e-05,0.00799709,0.00260058,0.22713923,0.00030192
DX.1.2.392.200046.100.2.1.69131194618.191021152359.1.1.1.png,0.00032135,0.00576602,0.00020741,0.00043731,0.83983195,0.00166203,0.7776677,0.01678695,3.311e-05,0.17368221,0.00219468,0.04689099,2.442e-05,5.437e-05,0.00094666,0.00114657,0.06598693,0.0023247,3.937e-05
5E1ACAD24D20525.png,0.00226421,0.00284644,0.00177237,0.00047949,0.88387495,0.00201014,0.2578492,0.0104589,1.505e-05,0.00477355,0.0001807,0.01276211,2.868e-05,0.00010271,6.976e-05,0.0005545,0.00095695,0.04914494,0.00022438
5DF848288402E8.png,0.20784192,0.09877076,0.01971425,0.4588675,0.22636552,0.00272873,0.00455975,0.02738451,0.00049161,0.00026171,0.00054474,0.00051687,1.421e-05,0.00035644,0.000558,0.06472594,0.00023155,0.00683016,0.00205591
DX.1.3.46.670589.26.802544.25.20191028.125505.303803.0.png,0.8254907,0.01488898,0.00935067,0.01576878,0.04156184,0.00583371,0.01469233,0.18962383,0.00897614,2.716e-05,0.00106853,0.00289646,3.74e-06,0.00079622,0.00026772,9.728e-05,0.00094746,0.00014826,3.481e-05
5E17F1EB22C8F2F.png,0.64585227,0.01556908,0.00036454,0.22304568,0.0922696,3.554e-05,0.01120625,0.00147373,0.02511213,2.777e-05,0.00108753,7.83e-05,0.00012767,4.058e-05,0.00354747,0.00061705,0.00044795,0.01176004,0.00018032
5DA523C44AACD71.png,0.18217216,0.0010102,0.81032467,0.01348929,0.98482776,0.00388662,0.01022988,0.00415805,0.00054576,0.00065982,2.522e-05,0.05056462,6.145e-05,0.00289319,1.925e-05,0.00139598,0.00239692,0.7885146,0.0004867
DX.1.2.0030837300034189472019110508385990284140.png,0.0028966,0.00335522,0.00028825,0.00470736,0.01306726,0.00122384,0.8356815,0.00040359,1.152e-05,0.0066827,8.872e-05,0.0033047,3.364e-05,0.0006456,0.00170813,0.00216285,0.00081759,0.0003555,0.00039762
5DBBF0895E78D73.png,0.13245447,0.8898337,0.00185206,0.03671404,0.00245103,0.00571435,0.00795093,0.04470515,0.00325699,0.00099322,0.00087972,0.0010895,0.00025189,0.00693878,0.09641721,0.0005893,0.00080523,0.0007845,0.00409733
5DB3A277CA8248.png,0.9983166,0.00529955,0.9095678,0.9909412,0.02963588,0.9844362,0.00050255,0.5298058,0.99527377,0.0003873,1.513e-05,0.00095886,0.00091972,0.00276216,0.00126044,0.00069873,0.00461422,0.00069823,0.00146501
DX.1.2.00289057000339055720191018075314166207984.png,0.3811826,0.00040282,0.26401308,0.0055568,0.6877467,0.00030873,0.5660958,0.00172867,0.01029643,0.00048177,4.1e-06,0.01565298,0.0001356,0.00149982,5.567e-05,0.00060355,0.00017645,0.00394027,0.00103242
CR.1.3.12.2.1107.5.3.57.20200.11.201911170818460828.png,0.1202105,0.00038605,0.9870472,0.00103648,0.8842804,0.00074964,0.17265028,0.00045854,0.00882403,0.00038941,7.679e-05,0.6675582,0.00012489,0.02008785,3.561e-05,0.00015165,0.02317404,0.11576482,0.00106108
DX.1.2.840.113564.920101.20191106141114390480.1003000225002.png,0.08618214,0.00212629,1.749e-05,0.01009707,0.0238635,0.00018366,0.01195834,0.00043957,2.175e-05,0.00112617,0.00115305,0.00757872,1.065e-05,0.0001561,0.00070375,0.00178088,0.00916658,0.00052507,3.239e-05
DX.1.2.0030959200033961622019102210054295397000.png,0.01475561,0.0037245,4.03e-05,0.00667768,0.00067731,0.00358124,0.4639497,0.0002048,0.00012347,0.05159962,8.288e-05,0.00135192,2.101e-05,0.00103142,0.00135623,0.00103059,0.01461363,0.00038264,0.02281794
DX.1.2.840.113619.2.369.4.2147483647.1572842390.373575.png,0.0002597,0.0339687,4.464e-05,0.00012444,0.0006602,0.00338975,0.05960346,0.00039841,2.72e-06,0.00640168,0.01144322,0.00155187,8.37e-06,2.661e-05,0.00391413,0.00362828,0.00127326,0.0004614,0.00021589
DX.1.2.840.113619.2.369.4.2147483647.1573019579.539164.png,0.03912203,0.9720712,0.00086526,0.04681026,0.00027044,0.9062588,0.00074073,0.7496124,0.00089066,0.00095161,1.89e-06,0.00482557,1.827e-05,0.0001905,0.00811018,0.00017001,0.00062536,3.147e-05,6.205e-05
CR.1.3.12.2.1107.5.3.57.20200.11.201910291510080187.png,0.0300313,0.00223549,0.44123492,0.00133951,0.54350436,0.13379852,0.2012494,0.03807956,0.00434059,0.06819213,0.00020105,0.02356904,0.00084532,0.00188598,2.462e-05,1.031e-05,0.01392826,0.03906401,0.00226465
DX.1.2.392.200046.100.2.1.69131194618.191030171519.2.1.1.png,0.0282345,0.0042698,0.00040066,0.00427441,0.3962342,0.00017306,0.09973537,0.01573044,2.338e-05,0.00792415,0.00101232,0.00751802,5.691e-05,7.628e-05,0.00340866,0.00565935,9.158e-05,0.00062539,0.00091921
DX.1.2.00311073000339877620191023100440181735062.png,0.00052217,0.00716942,0.00059872,0.00029817,0.00154214,0.00021358,0.8976261,0.00109239,1.259e-05,0.00313681,0.00284728,0.00267824,6.19e-05,0.00010627,0.00610717,0.00188319,0.00122317,0.00033784,0.00131845
CR.1.3.12.2.1107.5.3.57.20200.11.201910231447420859.png,0.00157767,0.11259545,0.00780917,0.03034938,0.02019098,0.2126011,0.00455206,0.02126788,0.00155468,0.33592817,0.00017403,0.01302376,2.344e-05,8.159e-05,0.0008109,5.764e-05,0.02689234,0.00143863,0.00011917
CR.1.2.156.600734.516764694.533640.1571622401.71.0.1.png,0.70730126,0.00064525,0.96135205,0.10647427,0.4219936,0.00090514,0.00011397,0.02291661,0.00201433,0.0001989,6.31e-06,0.22559953,0.0003025,0.00365387,0.00246478,0.00078589,0.00066283,0.00071981,0.00113142
DX.1.2.392.200036.9125.4.0.487535978.665019798.2795306561.png,0.0035165,0.01283629,0.5492778,0.00233538,0.13633727,0.0004062,0.02008097,7.12e-05,5.983e-05,7.19e-05,0.00037967,0.00246055,7.947e-05,0.01145735,0.00387329,0.00366083,4.938e-05,0.07134644,0.00438874
DX.1.2.392.200036.9125.4.0.487535466.564684182.2795306561.png,0.11079106,0.00072956,0.968678,0.00053067,0.8107008,0.00010437,0.27601424,0.00133203,0.00034006,0.00011875,3.332e-05,0.2144494,0.00011177,0.0313047,0.00032528,0.00079749,0.0013212,0.2807772,0.00847886
DX.1.2.840.113564.920101.20191105083218328660.1003000225002.png,0.87838006,0.00189242,0.4280352,0.24676958,0.9891474,0.00265018,0.04660568,0.33106905,0.01689695,0.00020473,0.00014768,0.0224931,1.017e-05,0.00012092,1.127e-05,0.00026225,0.00176243,0.00347493,3.206e-05
DX.1.2.840.113564.920102.20191107152235484260.1003000225002.png,0.0024172,0.0017596,0.00088848,0.00036102,0.16569807,0.00093455,0.20394726,0.00099728,6.551e-05,0.03659381,0.0005741,0.00754992,1.91e-05,0.00129956,8.247e-05,0.00152407,0.00909427,0.00645368,7.65e-05
DX.1.2.00292250000343900720191118082454595624140.png,0.00026115,0.00021484,0.00053324,0.00063002,0.06123721,0.00014322,0.99448025,0.00017227,4.979e-05,0.02767576,0.00067973,0.03859614,8.854e-05,0.00041351,0.00139674,0.00106696,0.00413251,0.00150105,0.0042963
CR.1.3.12.2.1107.5.3.57.20200.11.201910281112010234.png,0.01669816,0.46849757,4.734e-05,0.00169609,0.00041768,0.03240628,0.0008004,0.00759763,6.223e-05,0.01642341,0.03036265,0.00064987,0.0004477,9.04e-06,0.0224589,0.00272888,0.00917043,0.00179195,0.00022626
DX.1.2.840.113619.2.369.4.2147483647.1572238575.243102.png,0.00410806,0.14797506,0.00025886,0.01061458,0.02622644,0.00776903,0.02746268,0.01404686,5.015e-05,0.0787886,1.181e-05,0.11028341,3.553e-05,0.00035346,0.00019569,0.00020611,0.06219622,0.00079579,1.403e-05
DX.1.2.0031213700034082492019102909113792417093.png,1.032e-05,0.00341825,0.00039215,2.021e-05,0.0325207,0.00017519,0.9078083,2.835e-05,3.85e-06,0.00613231,0.00899253,0.05964974,3.191e-05,0.0008023,0.00193059,8.247e-05,0.01201474,0.00121647,0.00010984
5E264AB8EC8971.png,0.83737946,0.00249121,0.00971448,0.690286,0.1214752,0.00031812,0.00228708,0.04137566,0.00683233,4.052e-05,0.001429,0.00011309,1.761e-05,0.00549854,0.00020324,0.01085153,0.00135072,0.00490307,0.00190811
DX.1.2.003069250003412164201910310820262509296.png,0.05196329,0.00403358,0.00802761,0.00087169,0.00748469,0.00806289,0.43031707,0.00656116,0.00538281,0.00093573,0.00018175,0.01355219,0.0001128,0.00113911,0.00048999,0.00145303,0.00069223,0.00051822,0.00046873
CR.1.3.12.2.1107.5.3.57.20200.11.201910231651050375.png,0.00308972,0.05153206,0.03911834,0.00310232,0.02071808,0.0267696,0.01067324,0.00404745,0.00030033,0.6436011,0.00012529,0.16030149,0.00011768,0.00202112,0.00973144,1.687e-05,0.12387066,0.00085378,0.00012951
DX.1.2.840.113619.2.369.4.2147483647.1574037923.357369.png,0.07879306,0.00717932,0.00019337,0.009431,0.01354036,9.386e-05,0.02673916,5.728e-05,2.706e-05,0.00014716,0.01197871,0.00558409,2.98e-06,6.382e-05,0.0055756,0.01231539,0.00144801,0.00090631,0.00017921
5E4349404144D49.png,0.05481604,0.07210365,4.121e-05,0.05091146,0.00128801,0.00016101,0.00436234,0.00373263,0.00019817,4.801e-05,0.11870859,0.00022251,5.482e-05,7.435e-05,0.00595756,0.01844048,0.00053814,0.00061426,0.00207052
DX.1.2.840.113619.2.369.4.2147483647.1573624139.273778.png,0.02331669,0.04547542,0.00010397,0.00039177,0.00044936,0.00120042,0.00720261,5.395e-05,0.00065493,0.00022322,0.00030786,0.00614281,3.26e-06,0.00015169,0.00181584,0.00079308,0.01754763,0.00027615,5.94e-06
CR.1.3.12.2.1107.5.3.57.20200.11.201910241004340312.png,0.00233005,0.00015805,0.01351734,0.00029103,0.04081643,8.381e-05,0.06669251,0.00018084,2.995e-05,0.00100161,0.0052514,0.0016711,4.079e-05,0.00089633,0.00149726,0.00011574,0.00332771,0.00534046,0.00873338
DX.1.2.00311057000339876120191023095307181042281.png,0.00042877,0.0002645,0.00103325,0.00020154,0.20197815,5.013e-05,0.9978243,0.00674077,1.886e-05,0.00246471,0.00062256,0.00771227,5.5e-05,0.00013843,0.00059345,0.0008542,0.00271114,0.00090969,0.0010004
CR.1.3.12.2.1107.5.3.57.30003.11.201911130906410031.png,0.02915958,0.00904045,0.00052602,0.0227415,0.03681677,0.07221263,0.01559654,0.00173872,0.00012098,0.00253631,0.00024549,0.00381246,1.579e-05,0.00037729,2.273e-05,0.0064262,0.00651131,0.00805489,9.13e-06
5D7D8E1320084ED.png,0.00030622,0.00165637,0.00021063,6.45e-06,0.27693936,0.00014839,0.13732657,0.01214117,9.953e-05,0.00034731,0.02930598,0.03531091,1.091e-05,0.00021938,3.722e-05,4.237e-05,0.00898048,0.0004206,2.52e-05
DX.1.2.392.200036.9125.4.0.487574909.94987670.2795306561.png,0.25825396,0.00057666,0.6268825,0.00082799,0.900691,0.00025784,0.12682158,0.00014155,0.00144941,0.00014262,9.313e-05,0.06580913,0.00020367,0.00327579,0.00022212,0.03061237,0.00115221,0.01892694,0.01513828
DX.1.2.840.113619.2.369.4.2147483647.1573537685.657663.png,0.8757096,0.00169389,0.00108851,0.00256526,0.24009956,0.00029583,0.02403546,0.20287108,0.00089614,1.564e-05,7.15e-05,0.00255742,2.781e-05,0.00068303,0.00010196,0.00024339,9.757e-05,0.00117366,0.0007467
5B0776F6116C241.png,0.00011385,0.7562562,0.0001925,0.00024069,0.00013728,0.09587406,0.02110851,0.01392346,5.01e-06,0.685072,3.522e-05,0.06517869,7.558e-05,5.619e-05,0.296287,0.00037471,0.50004953,0.00027172,0.00018169
CR.1.3.12.2.1107.5.3.57.20200.11.201910221555540578.png,0.12425307,0.00019022,0.07850325,0.00590821,0.39619517,0.00021927,0.02176684,0.00279554,0.00110871,0.00023329,0.00094045,0.00119166,6.02e-05,0.00136766,0.00024907,0.00109576,4.349e-05,0.01081244,0.00494597
DX.1.2.840.113619.2.369.4.2147483647.1573695646.874794.png,0.24112684,0.01129737,0.00023688,0.00014178,0.00966097,5.67e-06,0.0292268,0.00011793,0.00011505,3.615e-05,0.00042534,0.00647662,4.16e-06,0.000385,0.00521176,0.00021648,0.00186387,0.00031943,0.00030419
DX.1.2.840.113619.2.369.4.2147483647.1572932320.980695.png,0.7176843,0.0108369,0.0498238,0.02716582,0.02565116,0.00085648,0.01132211,0.01185418,0.01148446,6.48e-06,0.00027248,0.00764687,0.00012378,0.03867282,0.00024834,0.02944338,0.00087436,0.0040449,0.00684012
DX.1.2.00311020000339873720191023083527176381968.png,0.000266,0.00187705,0.00012906,5.299e-05,0.00096909,0.00065899,0.43385625,0.00010864,4.95e-06,0.0213789,0.00794001,0.00186285,1.372e-05,0.00025583,0.00265678,0.00123519,0.00657664,0.00042228,0.0010083
DX.1.3.46.670589.26.802544.25.20191118.155525.310400.0.png,0.95360565,8.483e-05,0.33054048,0.20350784,0.8380014,0.00120673,0.00227338,0.01066215,0.28155673,7.285e-05,5.018e-05,0.0011771,0.00016597,0.00145361,3.252e-05,0.00135695,0.00019964,0.03307742,0.00015038
5CABE7E31974A81.png,0.9966474,0.00251504,0.8430322,0.991764,0.8301162,0.71898264,0.01069208,0.7858331,0.8453421,1.324e-05,0.00066702,0.00141055,4.031e-05,0.00137746,7.5e-06,0.00575989,0.00051186,0.01027864,0.0004717
DX.1.2.0030906500034061032019102907313886418375.png,0.3943488,0.00120922,0.01077001,0.0789345,0.4889208,0.00012903,0.7059156,0.00051102,0.0003421,0.00091113,3.325e-05,0.00684721,7.537e-05,0.00034435,0.00016146,0.00075846,0.0007067,0.00452054,0.00052731
CR.1.3.46.670589.26.602199.4.20191118.85907.334489.0.png,0.00019187,0.38471687,2.171e-05,0.00036135,0.00346374,0.00420226,0.00656782,0.01208667,1.805e-05,0.0085788,0.24093606,0.00031913,2.24e-05,1.02e-05,0.00097506,0.00011463,0.01878768,0.00091712,0.0011331
DX.1.2.392.200046.100.2.1.69131194618.191016160325.2.1.1.png,0.30415693,0.00162123,0.03714913,0.00488766,0.9730748,0.00063013,0.04090549,0.00735043,0.0020713,0.00143259,0.00020999,0.00506573,0.00020331,0.00085065,3.282e-05,0.00095708,0.01703101,0.20082971,0.00065875
5D76F3FB5824362.png,0.10398427,0.04080114,0.03314902,0.26143414,0.3301878,0.04190877,0.00986337,0.93434274,0.00461511,0.00028806,3.285e-05,0.07647577,9.098e-05,0.00165935,5.463e-05,0.00077612,0.04515704,0.08532104,1.276e-05
DX.1.2.840.113619.2.369.4.2147483647.1573439610.944596.png,0.25743192,0.8192175,0.0013737,0.00814817,0.00241542,0.00050155,0.00086755,0.00014673,0.00040382,0.00011423,0.00086231,0.00194879,3.34e-06,0.00037511,0.2134102,0.00039818,0.00057122,5.948e-05,0.00127268
5D4CBB6B22B0B80.png,0.00362662,0.00244983,0.00036181,0.00227022,0.02787494,0.00029796,0.05170446,0.00551573,7.97e-06,0.00038926,0.09703488,0.00264354,0.00026527,3.285e-05,0.00058609,0.00060085,0.0012009,0.00170203,0.00030664
DX.1.2.840.113619.2.369.4.2147483647.1573092439.972452.png,6.018e-05,0.0047546,0.00157741,1.28e-05,0.7140839,8.888e-05,0.9049077,0.01707432,6.18e-06,0.00024364,0.0239581,0.04278153,4.56e-06,6.188e-05,0.00071152,9.361e-05,0.0010715,0.00073435,9.196e-05
DX.1.2.840.113564.920101.20191112080844750200.1003000225002.png,1.738e-05,0.03147948,0.00075565,8.73e-06,0.69949406,0.00306135,0.32229823,0.0059222,3.53e-06,0.0044749,0.00987206,0.127061,1.331e-05,2.579e-05,0.00036558,0.00012199,0.02430173,0.00305213,1.92e-05
CR.1.3.12.2.1107.5.3.57.20200.11.201910291045260125.png,0.34066033,0.0317244,0.8489432,0.58700264,0.25296617,0.9936004,0.00153824,0.7087504,0.39588723,0.3975571,2.49e-06,0.00799604,0.00172293,0.00225525,0.00025759,4.77e-06,0.11522669,0.0031026,0.00072303
5CA41C8919B0A5A.png,0.8376789,0.03304911,0.00108862,0.19038782,0.40397233,0.05197988,0.00702922,0.9177188,0.2635463,0.00319942,1.391e-05,0.00219182,0.00014786,0.00091847,8.941e-05,0.00103414,0.01326483,0.00045856,0.00012423
DX.1.2.00308100000342638920191109074729432794421.png,0.00977819,0.07585729,0.00015938,0.00128144,0.0006922,0.0018071,0.5981959,0.02077133,7.916e-05,0.00110415,0.00059275,0.00126815,6.3e-06,0.00021094,0.00232901,0.00098387,0.00043531,8.279e-05,3.545e-05
DX.1.2.840.113564.920101.20191105092529140250.1003000225002.png,8.584e-05,0.01625884,3.78e-05,0.00013702,0.07183516,0.00075834,0.41342095,0.00284796,6.07e-06,0.01481354,0.02536944,0.00344535,3.891e-05,2.147e-05,0.0017486,0.00509352,0.00525802,0.00047312,7.925e-05
DX.1.2.840.113619.2.369.4.2147483647.1573718824.485405.png,0.00108038,0.08576329,0.00064283,0.0001634,0.09299473,0.00061673,0.50552416,0.64780235,0.00032702,7.855e-05,0.0003525,0.00045812,1.797e-05,2.421e-05,0.00012773,0.00032709,8.786e-05,0.00502294,0.00016352
5C4F9AEB24402A4.png,0.00774322,0.452795,0.00077479,0.0161569,0.00145525,0.18008944,0.00492306,0.29067695,0.00047302,0.00262665,0.0016634,0.0006786,6.759e-05,5.79e-06,0.0031679,0.00115425,0.0069275,0.00019896,0.00027149
DX.1.3.46.670589.26.802544.25.20191028.113306.303750.0.png,0.30520633,0.24870703,0.01034591,0.87118745,0.00131702,0.998933,0.00057549,0.86773145,0.46008644,0.03350983,7.424e-05,0.00018292,0.00105165,0.00356364,1.003e-05,4.616e-05,0.00891951,0.00040277,0.00073463
5D083DA613A81A2.png,0.00040871,0.03768762,4.827e-05,0.00017711,0.00074722,0.00043334,0.00288045,0.00026864,6.967e-05,0.0001424,0.00416058,0.00110041,2.395e-05,0.00016359,0.00111669,0.00245423,0.0005075,0.00074931,0.00024013
DX.1.2.00310913000339865020191023101237182212343.png,0.00348751,0.00614335,5.79e-05,0.05890159,0.03793748,0.001146,0.62843955,0.01189045,2.162e-05,0.09827908,0.00032338,0.00210435,2.342e-05,0.00047939,0.00033912,0.00185779,0.01260335,0.00079226,0.00062077
CR.1.3.12.2.1107.5.3.56.2539.11.201909101427060703.png,0.01708121,0.00039255,0.6281186,0.02504567,0.32739624,0.00265131,0.04210703,0.00056546,0.00082851,0.01946399,9.88e-05,0.14994992,0.00023949,0.00208002,4.25e-06,0.00384847,0.01732848,0.007162,0.00388859
5E279C1B2D980EC.png,0.00068989,0.05529108,2.331e-05,0.00034998,0.00102567,0.00272653,0.00496499,0.00180634,1.035e-05,0.00875772,0.0706991,0.00127479,1.889e-05,5.365e-05,0.00470165,0.00171747,0.00243667,0.00043994,0.00018643
DX.1.2.840.113564.920101.20191105115441218240.1003000225002.png,0.00197093,0.00209678,0.00019618,2.412e-05,0.6363177,0.00018566,0.5488564,0.11581998,7.25e-06,0.00085343,0.00127496,0.00263163,2.06e-06,0.00010103,0.00032543,0.00017591,0.00031038,0.00037085,2.563e-05
5DC8B3DC59CCF56.png,0.0005085,0.00699518,3.841e-05,4.961e-05,0.15071131,9.921e-05,0.69565487,0.00057897,0.00042689,0.12872298,0.01632639,0.16504712,2.03e-05,0.00014328,0.00015988,0.00068202,0.2220201,0.00035777,2.141e-05
DX.1.2.00308956000339251220191019092438258091781.png,0.0007869,0.00041918,0.00023047,0.00148114,0.10661241,0.00110409,0.9433884,0.00101592,0.00016903,0.0598586,0.00115207,0.03008098,0.00014219,0.00107876,0.00033139,0.0018156,0.02428203,0.00027732,0.00058409
DX.1.2.840.113619.2.369.4.2147483647.1572833703.4097.png,0.26139894,0.00120278,0.00103029,0.00186994,0.12973745,0.00624822,0.05117373,0.10140678,0.00296341,0.0005951,0.00013387,0.00179111,3.259e-05,0.00058895,3.919e-05,0.00015256,0.00056701,0.00270893,0.00017324
DX.1.2.392.200036.9125.4.0.487550311.3178915222.2795306561.png,0.009626,0.00913306,0.6982525,0.00020014,0.0168194,5.066e-05,0.00447629,1.737e-05,2.136e-05,4.076e-05,0.00020642,0.03012358,0.00020379,0.14548956,0.00158427,0.00435034,7.178e-05,0.01949153,0.15070243
DX.1.3.46.670589.26.802544.25.20191106.135517.306887.0.png,0.12219254,0.0002468,0.00014923,0.00025953,0.03230352,0.00113916,0.1927511,0.04546758,0.00019961,0.0030558,0.00069481,0.00294341,7.305e-05,0.00029999,4.759e-05,0.0001961,0.00193359,0.00118981,0.00136921
DX.1.3.46.670589.26.802544.25.20191028.151832.303898.0.png,0.03187657,0.83962065,0.0001808,0.00182693,0.00024817,0.04387102,0.0002404,0.0030404,0.00011632,0.00083697,0.00021044,0.00256019,3.069e-05,0.00459281,0.11616568,4.89e-05,0.00159072,3.186e-05,0.00051861
DX.1.2.392.200046.100.2.1.69131194618.191018085550.1.1.1.png,0.00733491,0.0006549,0.00059755,0.00035867,0.6249817,5.042e-05,0.39052543,0.00093451,1.216e-05,0.00355523,0.00060249,0.03598452,2.935e-05,0.00044485,0.00140536,0.00066759,0.00058533,0.00051665,0.00016376
DX.1.2.840.113619.2.369.4.2147483647.1572840268.366526.png,0.04358737,0.14110279,0.0001999,0.00022807,0.0004379,0.00141609,0.07751379,0.00320451,0.00108494,0.00030532,9.577e-05,0.04460846,1.73e-05,0.00024342,0.00407397,0.00036988,0.00473214,0.00014227,7.3e-06
DX.1.2.840.113619.2.369.4.2147483647.1572827310.748546.png,0.00030764,0.09818113,0.00526964,2.192e-05,0.54247236,0.00046024,0.8607251,0.04782212,2.739e-05,0.00104867,0.00072814,0.04151438,2.273e-05,7.514e-05,0.00011274,2.263e-05,0.00516516,0.00254711,2.107e-05
DX.1.3.46.670589.26.802544.25.20191111.152328.308156.0.png,0.9886652,0.00053082,0.0644963,0.07201022,0.01314677,0.05485918,0.00128593,0.00106879,0.85422194,0.00014559,0.00015073,0.00083949,0.00028907,0.00582481,2.497e-05,0.00497544,0.03750385,0.00020465,0.00080372
CR.1.3.12.2.1107.5.3.57.20200.11.201910251657180843.png,0.00012123,0.00065884,0.00079702,2.584e-05,0.05761954,0.00025541,0.30124906,0.0009099,5.83e-06,0.0056079,0.0319337,0.01353152,2.529e-05,0.00036872,0.00096915,0.00042085,0.00085399,0.00105395,0.00840334
5CC10DAD9F8696.png,0.12405156,0.03761634,0.00118017,0.00223803,0.00122241,0.00140796,0.00012181,0.00110326,0.00060468,6.929e-05,0.01700922,0.01058456,4.96e-06,0.00718123,0.01429879,0.00040956,0.00542837,0.00010289,8.582e-05
DX.1.3.46.670589.26.802544.25.20191105.145134.306623.0.png,0.00608948,0.00101846,7.799e-05,0.00019918,0.00042439,0.00168266,0.06830938,0.00289731,3.201e-05,0.00092621,0.23257735,0.00249002,0.00020605,0.00147901,0.00024365,0.0017561,0.00506056,0.00030877,0.00079201
DX.1.2.840.113619.2.369.4.2147483647.1572239664.71723.png,0.9982953,0.00117122,0.25019813,0.99595094,0.73325807,0.13864869,0.01092255,0.51440936,0.45409635,4.278e-05,0.00010824,0.00056904,1.665e-05,0.00017391,1.41e-05,0.0073644,0.00167855,0.00071726,3.398e-05
DX.1.2.392.200036.9125.4.0.487559276.2772067734.2795306561.png,0.00146953,0.00266438,0.00197571,5.133e-05,0.00185165,0.00035348,0.04489549,0.00040408,0.00011195,0.00107804,0.00018242,0.0431991,0.00011731,0.02958139,0.00071278,0.00030208,0.0003527,0.00369834,0.00678694
CR.1.2.156.600734.516764694.1648.1572657784.906.0.1.png,0.00016857,0.08470722,0.12665051,0.00168123,0.1501421,0.00036077,0.00227513,0.00224746,5.466e-05,0.00088322,0.00062098,0.14310168,6.361e-05,0.00030149,0.0034794,0.0001814,0.00024813,0.00161438,0.00011471
5D2588976488576.png,0.0006373,0.31357986,4.197e-05,5.897e-05,0.11206944,0.00013168,0.5670568,0.36236364,0.00022298,0.00035357,0.00150781,0.00063663,4.15e-06,7.12e-06,0.00092351,2.38e-05,0.00049243,0.00035418,4.896e-05
5CF7135A52C7A1.png,0.9671408,0.00170536,0.47236305,0.5834468,0.16602725,0.01291653,0.01053072,0.04011022,0.0154735,6.59e-06,7.453e-05,0.00028698,1.621e-05,0.0001287,3.276e-05,0.00964041,3.885e-05,0.04028437,0.00013427
DX.1.2.00318515000343771920191116084332423942125.png,0.00138736,0.00034272,0.886294,0.0153772,0.9357101,0.02299887,0.04317763,0.00094221,0.00197239,0.00293166,6.6e-06,0.27928674,0.00084719,0.00025645,5.736e-05,0.00036782,4.588e-05,0.00403908,0.0008132
DX.1.2.00290209000339253220191019085808256502328.png,0.0450283,0.00923874,0.4181422,0.01541579,0.7886216,0.07343688,0.09305758,0.02102592,0.00138109,0.01397932,3.433e-05,0.16685991,0.00021922,0.00048624,2.144e-05,0.000695,0.0050228,0.00066338,8.711e-05
5B347BFAB34A41.png,0.8574306,0.26042226,0.29515028,0.02913602,0.00064531,0.65813583,0.00290292,0.2850296,0.17488004,0.00012268,9.638e-05,0.00128809,5.226e-05,0.00064121,0.00076968,4.343e-05,0.00012348,0.0005358,5.834e-05
5CC3CA971F68099.png,0.24137078,0.09674671,0.00455805,0.00523894,0.00055685,0.00156702,0.00020623,0.00030085,0.00141467,4.45e-06,0.00161613,0.00060979,9.17e-06,0.00056893,0.00771992,0.01143566,7.047e-05,0.00138752,0.00045448
DX.1.2.840.113619.2.369.4.2147483647.1572933582.529775.png,0.00153932,0.9894455,0.00021027,0.00260587,1.228e-05,0.13035972,0.00024814,0.01905693,0.00037468,0.00199459,0.00030435,0.00017128,3.338e-05,0.00018502,0.17441256,9.681e-05,0.0008873,0.00012947,0.00020078
DX.1.2.840.113564.920101.20191111134747187600.1003000225002.png,0.9319228,0.00067575,0.0807372,0.02711421,0.9982763,0.00035181,0.8070413,0.9396467,0.03177911,0.00099975,9.24e-05,0.0014627,0.00034235,0.00065456,8.1e-05,0.00125487,0.00025763,0.01389499,0.00075547
DX.1.2.392.200046.100.2.1.69131194618.191102095728.1.1.1.png,0.95955247,0.00015743,0.1901916,0.08769941,0.9981652,0.00018024,0.02390363,0.01302371,0.02138301,0.00025995,4.854e-05,0.01056998,0.00026967,0.00094152,3.938e-05,0.02319488,0.00012846,0.24794376,0.00102387
5CF70E271BACDFD.png,0.01025966,0.6422088,0.2066144,0.01097199,0.00044863,0.28011745,0.00070143,0.12089314,0.01607299,0.00063868,8.207e-05,0.0104423,4.608e-05,0.00024008,6.586e-05,0.00012989,0.00776644,0.0008004,0.00035983
5E0406784040259.png,0.51560134,0.03764645,0.24717432,0.07888664,0.39308977,0.25347278,0.00485483,0.35890275,0.6430789,0.0001029,0.00012835,0.00229439,2.982e-05,0.00062804,1.326e-05,0.00021323,7.908e-05,0.00057742,0.00017859
DX.1.2.840.113619.2.369.4.2147483647.1573446274.270376.png,0.9336488,0.00236566,0.00634013,0.07300931,0.8789105,0.00013237,0.03443018,0.12619464,0.01200924,2.063e-05,3.187e-05,0.0010877,8.686e-05,0.0007446,0.0006091,0.00157703,0.00015168,0.00805103,0.00023629
CR.1.3.12.2.1107.5.3.57.20200.11.201910231115200906.png,1.611e-05,0.00124032,0.00338179,8.49e-05,0.2324064,0.00111489,0.3913528,0.00027976,7.8e-06,0.09686594,0.00986791,0.13232109,4.64e-05,0.00123154,0.00154398,0.00010958,0.09020755,0.00296489,0.00058227
CR.1.3.12.2.1107.5.3.57.20200.11.201911051030140078.png,0.00149988,0.22180298,0.00458703,0.00605607,0.01748669,0.01454603,0.0010051,0.01423282,9.327e-05,0.0458478,0.00068302,0.00302081,5.95e-06,2.506e-05,0.00187852,0.00037164,0.00033321,0.00261497,7.628e-05
5B77AFA1E0CA05.png,0.00362918,0.00177258,0.02122552,0.0032366,0.9843328,0.00241075,0.8240047,0.93944377,0.00104893,0.00011882,0.00081989,0.00017421,4.279e-05,0.00021451,4.466e-05,0.00012604,0.0006068,0.018445,0.00038162
DX.1.2.0030956900033961412019102210195496248781.png,0.00129522,0.00380465,0.01798847,0.00057291,0.9294793,0.00019351,0.9848188,0.04793514,0.00012413,0.00144068,0.00266112,0.10960555,9.647e-05,0.00019311,5.927e-05,0.00029487,0.0021521,0.00048423,0.00036251
DX.1.2.840.113619.2.369.4.2147483647.1574055278.593000.png,0.67225057,0.22053996,0.00225827,0.03387585,0.00058705,0.00151956,0.00069029,0.00294744,0.00084896,2.087e-05,9.626e-05,0.00212926,1.665e-05,0.00179137,0.01618708,0.01149438,9.485e-05,0.00021395,0.00036742
CR.1.2.156.600734.516764694.906304.1571305158.133.0.1.png,0.00155719,0.00128986,0.9092536,0.00065008,0.9300848,0.00274338,0.1195856,0.02646522,0.00063836,0.00011114,0.00024163,0.03841718,3.62e-05,6.289e-05,9.814e-05,0.00121668,0.00025933,0.20718639,0.00076463
CR.1.2.156.600734.516764694.1648.1573513023.1621.0.1.png,0.07429705,0.00640364,0.00238367,0.0082543,0.04871784,0.00015833,0.0277082,0.00521496,0.00015741,0.00047591,0.06640741,0.00847689,0.00058418,0.0003146,0.00447167,0.03142928,0.00094202,0.00262818,0.0021531
DX.1.3.46.670589.26.802544.25.20191114.132609.309274.0.png,0.70477134,0.00510868,0.40244296,0.21352856,0.04319968,0.41292787,0.07594774,0.7549902,0.06371723,0.00089116,9.51e-05,0.00752112,0.00010324,0.0076753,2.14e-06,2.237e-05,0.01372922,0.00349616,0.00065927
DX.1.2.840.113564.920101.20191105102143906710.1003000225002.png,0.1429788,0.02753985,0.00036878,0.03053356,0.00722077,0.0002322,0.01224719,0.00048179,0.00025697,0.00013327,0.00055491,0.00483479,1.62e-06,0.00013199,0.00191925,0.02367242,0.00147926,0.00010371,6.689e-05
5D291B1133F48B2.png,0.8250238,0.00416165,0.31642047,0.39655107,0.4277071,0.4205506,0.0145011,0.86568135,0.04876082,0.00148871,9.69e-05,0.12933338,7.948e-05,0.00315827,2.724e-05,2.832e-05,0.04276422,0.00030765,0.00026625
DX.1.2.840.113619.2.369.4.2147483647.1574056368.36081.png,0.11406264,0.00419285,0.0004737,0.00073767,0.03436654,1.219e-05,0.4737478,0.00032804,0.00020415,3.386e-05,0.01262114,0.00322198,1.918e-05,9.893e-05,0.00097008,0.00932174,0.00011,0.00035441,0.00036855
5DBCDE384E18776.png,0.9998292,0.00012474,0.9155469,0.39551127,0.20477888,0.15145159,0.00017671,0.07922305,0.9377057,9.74e-05,4.97e-06,0.0491315,3.072e-05,0.00412644,6.96e-05,0.00083447,0.0305844,0.0329065,0.00037914
DX.1.2.840.113564.920101.20191118090144218640.1003000225002.png,0.00013803,9.577e-05,0.00067501,3.69e-06,0.1766162,0.00035604,0.5487676,0.00041731,2.383e-05,0.00367005,0.01287135,0.05161825,2.193e-05,0.00034869,0.00012791,0.00011056,0.01475153,0.00075427,0.00026524
DX.1.2.0030970900033962572019102208370590080187.png,0.02931659,0.00177347,0.02583154,0.13583164,0.9038049,0.02337644,0.14454073,0.0091206,0.00076909,0.00625101,2.124e-05,0.00373212,2.998e-05,8.691e-05,0.00011456,0.00145235,0.00056512,0.00238235,0.00031319
DX.1.2.392.200036.9125.4.0.487543944.900228502.2795306561.png,0.00095134,0.01503516,0.00457162,0.00011719,0.00055699,0.00015833,0.00578158,9.74e-06,9.548e-05,0.00139466,0.00231593,0.00790868,4.343e-05,0.02050266,0.02419022,0.00719664,0.00949985,0.00138044,0.05529926
CR.1.3.12.2.1107.5.3.57.20200.11.201910220955020765.png,0.00360703,0.03891993,0.02008288,0.00649644,0.41733015,0.84450734,0.03447769,0.3535618,0.00109057,0.07246872,0.00014601,0.28728113,0.00017369,0.00215456,1.418e-05,1.424e-05,0.6373569,0.0313889,0.00013772
DX.1.2.840.113619.2.369.4.2147483647.1573524799.98599.png,0.0005786,0.09661322,0.00021503,0.00017089,0.01385605,0.00144357,0.01243368,0.0001256,1.162e-05,0.0010379,0.00867833,0.00884672,3.63e-06,1.786e-05,0.00709514,0.00041914,0.00532576,0.00106005,5.194e-05
DX.1.2.392.200046.100.2.1.69131194618.191017172721.1.1.1.png,0.07510002,0.0318684,1.992e-05,0.00540966,0.0081035,0.00122946,0.00124447,0.00465368,0.00560259,0.00193507,0.01031289,0.00050149,0.00025217,0.00015077,0.00318217,0.01768647,0.00099631,0.00276329,0.00019281
DX.1.2.840.113619.2.369.4.2147483647.1573017159.67534.png,0.0180634,0.00892686,0.00028462,0.00076825,0.0022997,3.543e-05,0.28218144,0.00028599,7.377e-05,3.174e-05,0.01996398,0.01064955,1.04e-05,0.0003177,0.00338649,0.00412196,0.00101325,0.00018493,0.00028071
5DF1DF3C3158206.png,0.00814093,0.53571117,0.00783122,0.00319908,0.02807602,0.00591271,0.00093725,0.31472692,0.0032446,0.00023286,9.28e-06,0.00765803,2.825e-05,0.00019169,0.00025817,5.806e-05,0.00349989,0.00075256,4.724e-05
5C7C7ACB1A881A8.png,0.00042577,0.97962606,5.795e-05,0.00011947,5.434e-05,0.00231133,0.00019426,0.00136924,6.546e-05,0.00021875,0.00150665,0.00237552,3.369e-05,0.00047403,0.4021173,0.00013594,0.00375729,2.28e-05,0.0001132
DX.1.3.46.670589.26.802544.25.20191111.85321.307878.0.png,0.736536,0.02735037,0.00110352,0.6389781,0.00653749,0.7724805,0.00022678,0.3954078,0.01058403,0.5491578,0.00018506,0.00015159,0.00011755,0.00010691,0.0002544,2.391e-05,0.21510717,0.00068355,0.00036272
DX.1.2.392.200046.100.2.1.69131194618.191021170052.1.1.1.png,0.03063908,0.00736053,0.00011108,0.00188398,0.25923702,0.00415166,0.5350033,0.00066823,0.00058276,0.03686942,0.00025322,0.01827952,2.237e-05,0.00062193,2.417e-05,9.432e-05,0.08054363,0.0062535,4.359e-05
DX.1.2.840.113619.2.369.4.2147483647.1572245885.270701.png,0.10012763,0.00207513,0.00060767,0.00030173,0.31527394,0.00014323,0.23625502,0.08401701,0.00072916,8.72e-06,0.00114536,0.00208222,8.96e-06,0.0003446,0.00041635,0.00016556,0.00023443,0.00697501,0.00012038
CR.1.3.12.2.1107.5.3.57.20200.11.201910241626580859.png,0.00175513,0.00157368,0.0073101,0.00021483,0.0030341,0.00796686,0.02690264,0.00022675,0.00054658,0.03395874,0.00076333,0.44394353,4.092e-05,0.00058028,9.455e-05,3.816e-05,0.23840474,0.00026583,0.00135991
DX.1.2.003099120003406300201910280929267085687.png,0.00210883,0.00264806,3.995e-05,0.00150662,0.05944419,4.487e-05,0.9764016,0.00558144,4.993e-05,0.00383416,0.00060728,0.00752782,2.022e-05,0.00027531,0.00104027,0.00299153,0.00078,0.00112387,0.00122673
CR.1.2.156.600734.516764694.1648.1571833018.193.0.1.png,0.0009947,0.00066051,0.9880233,0.00066354,0.9102132,0.00011696,0.01258951,0.00078147,7.335e-05,0.00010997,6.241e-05,0.8786862,0.0002148,0.00134329,0.00065177,0.00031415,0.00077449,0.01544719,0.00017781
DX.1.2.0030853100034299232019111208304277572093.png,0.0211919,0.0023363,0.01999837,0.00312828,0.08468004,0.00228146,0.937114,0.0006267,0.00017236,0.02157432,5.567e-05,0.16848353,0.00026402,0.00080093,0.00029452,0.00126469,0.01346436,0.00020821,0.00096038
DX.1.2.392.200036.9125.4.0.487571842.154822038.2795306561.png,0.04431997,0.01063688,0.2135734,0.00114377,0.00771581,1.223e-05,0.01270103,1.577e-05,0.00020263,1.926e-05,0.00013731,0.03348446,0.00016644,0.28124768,0.04204023,0.13390194,0.00042985,0.00030876,0.07583484
DX.1.2.840.113564.920101.20191118101756812910.1003000225002.png,0.00048922,0.00837229,0.00012881,5.889e-05,0.41649973,9.841e-05,0.91319656,0.00103453,4.09e-06,0.00078151,0.014532,0.013935,7.22e-06,1.934e-05,0.00059766,0.00044647,0.00483252,0.00135609,2.984e-05
DX.1.2.840.113619.2.369.4.2147483647.1572247170.305714.png,0.13908766,0.44067568,0.00017389,0.26530644,0.0050281,0.080167,0.00089877,0.04330376,0.00116562,0.03021317,3.498e-05,0.00207352,5.71e-05,0.00042401,0.00027809,0.00064749,0.02037859,0.00027916,4.405e-05
CR.1.3.12.2.1107.5.3.57.20200.11.201911071140020015.png,0.00275224,0.01096782,0.00179864,0.001411,0.07263492,0.1182669,0.00704775,0.00128933,0.00093146,0.2092443,0.0001221,0.0035627,3.054e-05,4.955e-05,0.000142,1.976e-05,0.09113155,0.00130473,3.402e-05
CR.1.3.46.670589.26.602199.4.20191107.95633.334306.0.png,0.00845646,0.77469367,0.00063387,0.00100439,0.00016077,0.14479323,0.00443535,0.02463182,0.00071706,0.00136829,0.00253393,0.00031415,2.325e-05,0.00022204,0.00137033,9.493e-05,0.00097965,8.002e-05,0.00107005
CR.1.3.46.670589.26.602199.4.20190910.82747.331825.0.png,0.8783585,0.03137404,0.00358269,0.03257686,0.01998665,0.28765926,0.00079294,0.04783125,0.03431766,0.00695609,5.563e-05,0.00711824,0.0001089,0.00270396,0.00046659,1.155e-05,0.00628708,6.416e-05,3.296e-05
5CFDBBBF167CB27.png,0.00879138,0.00053805,0.00058443,4.385e-05,0.08266944,7.363e-05,0.01251563,9.741e-05,0.00311339,0.00027458,0.01149116,0.04057499,1.496e-05,0.00024925,0.00014936,5.317e-05,0.04451586,0.00017448,6.764e-05
5D2FD5081858EF4.png,0.0040715,0.13201372,0.00275414,0.00632593,0.19856133,0.0516145,0.5261831,0.5506268,0.00034614,0.00056008,1.517e-05,0.00765923,0.00034652,0.00422265,6.693e-05,0.00013898,0.00062156,0.00358629,0.00126027
DX.1.2.840.113619.2.369.4.2147483647.1572919909.341031.png,0.1788546,0.01077383,0.00154702,0.00263284,0.29559913,3.208e-05,0.11453388,0.00088178,0.00010531,0.00010097,0.01640664,0.01177831,6.91e-06,0.00051262,0.00494966,0.00111275,0.0018775,0.0002185,0.0003277
DX.1.2.840.113619.2.369.4.2147483647.1572842259.228708.png,0.00999919,0.03057671,0.02661324,0.30056474,0.05464701,0.03308783,0.00545467,0.01418708,0.00037266,0.00138694,2.88e-06,0.00640218,0.00015289,0.00108378,0.00025147,0.00065979,0.01225664,0.00853396,8.424e-05
DX.1.2.00313886000343586420191116080809421818828.png,0.17557193,0.00832344,0.05515411,0.05448594,0.14354636,0.0261428,0.37259668,0.00113744,0.00319175,0.0759511,3.95e-05,0.04462388,0.00016879,0.00048425,0.0004905,0.00201877,0.03583098,0.00055582,0.00019042
DX.1.2.392.200036.9125.4.0.487564425.867853718.2795306561.png,0.97044426,0.00143871,0.9988249,0.00759237,0.25880578,0.00178544,0.00096116,3.371e-05,0.18241574,8.96e-06,0.00012241,0.03099,0.00022403,0.02464148,0.00044676,0.03404616,0.0002708,0.0100981,0.09154515
DX.1.2.00285610000340441120191026075217432991828.png,0.00304382,0.00332694,0.00675395,0.00060341,0.00223174,0.00059041,0.6219067,0.00021316,5.5e-06,0.00151807,0.00025701,0.02138102,0.00010354,0.00015991,0.00633662,0.00021816,0.00163092,0.00038535,0.00244343
DX.1.2.0031206500034081832019102910380697606187.png,0.00423901,0.00053359,0.00155725,0.00038481,0.00929129,0.00011179,0.94867945,7.436e-05,1.524e-05,0.00216727,0.0004149,0.55480117,2.544e-05,0.00364482,0.00090113,0.00162337,0.00278955,0.00012525,0.00032246
CR.1.3.12.2.1107.5.3.57.20200.11.201910251535350484.png,0.03865543,0.0026525,0.40433207,0.0266699,0.85987264,0.00492638,0.05587084,0.01283917,0.00378191,0.00075173,0.0001956,0.02099502,3.152e-05,0.00028954,0.00097679,0.00012996,0.00139348,0.00437372,0.00029672
DX.1.2.840.113619.2.369.4.2147483647.1573524847.202238.png,6.458e-05,0.17804293,2.933e-05,5.45e-05,0.00053108,0.00146618,0.02996234,0.00029023,5.21e-06,0.01468184,0.00756803,0.00114442,3.551e-05,6.771e-05,0.00891274,0.00046468,0.00724998,0.00136391,0.0010122
DX.1.2.840.113619.2.369.4.2147483647.1573007359.986414.png,0.81974703,0.11184849,0.00019209,0.19665857,0.02227079,0.00357034,0.00668628,0.09985803,0.00548714,3.365e-05,0.00012969,0.00031558,2.22e-05,5.456e-05,0.0004019,0.00680432,0.00015707,0.00046405,6.415e-05
5D7476063184B7B.png,0.00058885,0.8800806,1.107e-05,0.00018902,2.817e-05,0.00871598,0.00037333,0.00010358,0.00040967,0.00290955,0.01650093,0.00100872,7.133e-05,6.63e-05,0.03016461,0.00048033,0.01911178,0.00026698,0.00017079
DX.1.2.003127580003412165201910310859444866734.png,0.21027885,0.00171676,0.00105568,0.02279418,0.22181766,0.00093028,0.14676046,0.00304087,2.175e-05,0.00109795,5.081e-05,0.00687663,1.094e-05,0.0001798,0.00010215,0.00042937,0.00065821,0.00174337,5.298e-05
CR.1.2.156.600734.516764694.1648.1571814519.162.0.1.png,0.00179353,0.05214378,0.958959,0.00169155,0.1643663,0.01857464,0.00074504,0.00043374,8.201e-05,0.01304808,1.245e-05,0.987053,0.00041403,0.01422375,0.00074804,0.00030915,0.03136714,0.00269232,6.273e-05
CR.1.3.12.2.1107.5.3.57.20200.11.201911050950110890.png,0.31549615,0.00132103,0.12636875,0.13030422,0.6712884,0.04791166,0.00968936,0.03475694,0.00268489,4.386e-05,1.967e-05,0.00051779,6.03e-05,0.00136347,0.0002352,0.00013813,0.00022105,0.13279684,0.00028483
DX.1.2.392.200046.100.2.1.69131194618.191016165852.2.1.1.png,0.2611053,0.01923764,0.00137141,0.07211201,0.89231426,0.00043105,0.00501135,0.07959737,0.00012393,0.00080118,4.037e-05,0.01127716,3.84e-06,0.00017094,0.00035447,0.00083796,0.0026898,0.00086768,2.355e-05
5DF985D857A4A3B.png,0.0063115,0.12227201,0.00012866,0.01408416,0.04925867,0.21835855,0.01017698,0.8751431,0.0013639,0.01839093,0.00039692,0.00377191,0.00062207,0.0004438,0.00322379,0.00012541,0.04450096,0.00066512,0.00018195
DX.1.2.00310819000339857420191023084250176825421.png,0.00060677,0.0510571,0.00034382,0.00056519,0.00040012,0.00034649,0.16067772,0.00011687,5.65e-06,0.01036654,0.00052421,0.01781336,6.17e-06,0.00018416,0.02318234,0.00064491,0.00179011,5.407e-05,0.00012403
DX.1.2.392.200046.100.2.1.69131194618.191026122607.2.1.1.png,0.05008498,0.13995218,0.02266134,0.0169028,0.06436346,0.00808359,0.0249339,0.01932809,0.00024283,0.0219769,7.231e-05,0.00156275,0.00029252,0.00023282,0.00023812,0.00113466,0.00192135,0.01644477,0.00049235
5DC7C77E1FF48B7.png,0.94848293,0.00296588,0.6140757,0.2265943,0.00608417,0.72533834,0.00099777,0.00080994,0.1966222,0.00036718,4.037e-05,0.00416879,1.117e-05,0.00066972,5.07e-06,0.00032082,0.05144917,0.00571873,8.4e-05
DX.1.2.840.113619.2.369.4.2147483647.1573007666.788937.png,0.00016228,0.01876148,0.0004805,1.169e-05,0.00659377,0.00063485,0.1354422,0.00171616,1.75e-05,0.00110527,0.00088737,0.02249254,1.374e-05,7.831e-05,0.00041984,0.00016295,0.01129778,0.00106934,0.00010507
DX.1.2.00317738000343407920191114084117251006828.png,0.62488604,0.00247578,0.9860568,0.21518172,0.98708266,0.21510395,0.00287468,0.068742,0.06700369,0.00016154,9.8e-07,0.01037516,0.0001948,0.00139274,3.578e-05,0.00157155,0.00014283,0.04412072,0.00016413
DX.1.2.0030823300034188182019110508375690221406.png,0.36570275,0.00099577,0.07805452,0.05458313,0.53027964,0.00129077,0.11761189,0.00019962,0.00041111,0.0013898,3.302e-05,0.15525787,4.293e-05,0.000461,0.00063724,0.00942368,0.0003203,0.00274771,5.306e-05
DX.1.2.840.113619.2.369.4.2147483647.1573107836.590287.png,0.77030694,0.00219514,0.00131483,0.0482051,0.02212343,1.425e-05,0.01402163,0.00566187,0.00079909,5.32e-06,0.00019138,0.00143967,1.44e-05,0.00227862,0.00193961,0.00235214,0.00202017,0.0045131,0.00024868
CR.1.2.156.600734.516764694.1648.1571803871.148.0.3.png,0.05390205,6.686e-05,0.86755705,0.0008125,0.76408154,4.062e-05,0.0153708,7.38e-05,0.00393773,0.00021282,1.405e-05,0.35390407,4.448e-05,0.00051243,0.00040888,0.00012377,0.00014247,0.00114111,0.00064548
DX.1.2.840.113619.2.369.4.2147483647.1572931297.948195.png,0.17803574,0.00232704,0.00042899,0.0007854,0.00060758,5.047e-05,0.03667444,5.21e-06,7.99e-05,5.113e-05,0.00160039,0.00786841,1.24e-06,0.0006178,0.00223228,0.00213136,0.00341659,0.00010593,3.337e-05
CR.1.3.12.2.1107.5.3.57.20200.11.201910220850180484.png,0.00021756,0.00106393,0.06028785,7.274e-05,0.98934656,0.00073981,0.33789995,0.01815149,8.348e-05,0.00370801,0.00068575,0.09213369,4.504e-05,0.00032502,0.0001917,0.00010077,0.00275316,0.00730273,0.00025229
DX.1.2.0030696100034138312019110107451686799562.png,3.599e-05,0.00073405,0.0049658,0.00021274,0.39523995,0.00051419,0.98970014,0.00058286,4.782e-05,0.04612038,0.00021358,0.28993785,0.00010941,0.00022495,0.00220723,0.00071308,0.0078195,0.00098143,0.00053666
CR.1.3.12.2.1107.5.3.57.20200.11.201911181132520718.png,0.04284468,0.01848872,0.21986683,0.00644161,0.01268554,0.01601783,0.03404316,0.00251614,0.01230616,0.00549147,0.00147559,0.00144139,0.00022824,0.00143482,0.00092353,8.494e-05,0.0019893,0.00398994,0.00361037
5DCD031B55400B6.png,0.91038287,0.00174257,0.95640826,0.4256913,0.9224059,0.07646022,0.0005781,0.04568599,0.08385422,0.00010825,0.00014076,0.0105243,1.796e-05,0.0039823,1.765e-05,0.00073998,0.00065998,0.00596808,0.0002601
DX.1.2.0031216200034082632019102911155599875140.png,0.00171132,0.02834088,0.00018317,0.0159601,0.01228273,0.00210478,0.89786035,0.14243601,1.675e-05,0.05006404,0.00073225,0.01259066,4.428e-05,0.00357535,0.00029053,0.00571036,0.0333814,0.00532942,0.00018315
DX.1.3.46.670589.26.802544.25.20191104.143519.306210.0.png,0.00923659,0.00019167,0.00016042,3.528e-05,0.02964247,0.00054209,0.04020944,0.00721921,4.94e-05,0.00034115,0.01003901,0.00529213,3.99e-06,0.00012788,0.00029796,0.00015371,0.00143221,0.00075855,0.00015575
DX.1.2.0031175100034139842019110108413090173421.png,0.07276325,0.00138388,0.06672358,0.03813682,0.04182796,0.00211075,0.9392356,0.00475778,0.00143021,0.00224823,6.039e-05,0.01344344,0.00018108,0.00040063,6.295e-05,0.0007653,0.00198114,0.00264339,0.00145115
5E376A6B116C9BB.png,0.00797115,0.98900366,0.00011477,0.7665322,0.01596894,0.849147,0.00077493,0.95344234,0.00027327,0.5668199,8.041e-05,0.00071619,3.936e-05,1.822e-05,0.00255174,0.00063143,0.00033898,0.00102472,3.684e-05
DX.1.2.00310823000339857820191023084450176944671.png,0.00151284,0.00420041,0.00020437,0.00029342,0.00080757,5.297e-05,0.91865605,0.0005869,5.545e-05,0.00138894,0.00745764,0.00093218,2.922e-05,0.00018702,0.04422417,0.00085322,0.00033191,0.00017985,0.00934812
DX.1.2.840.113619.2.369.4.2147483647.1568184315.307342.png,0.03269556,0.1571976,0.00036588,0.08148238,0.00438877,0.3859736,0.00520079,0.03182709,0.00012837,0.12129965,4.17e-06,0.00166934,1.317e-05,0.00011662,0.00108039,0.00067557,0.02731212,0.00094059,4.22e-06
5E1ACD994328733.png,0.00056703,0.99609274,6.173e-05,0.00144736,0.00022149,0.0574414,0.00036299,0.00491203,2.632e-05,0.00201562,4.827e-05,0.00124408,3.054e-05,2.84e-05,0.9011633,0.00068272,0.00162066,0.00050074,0.00012373
DX.1.2.0031503600034194782019110509205192796296.png,3.815e-05,0.0140553,3.981e-05,0.00022349,0.13773502,0.00137104,0.99431336,0.01352119,2.23e-06,0.2699523,0.00093177,0.00441755,4.793e-05,6.738e-05,0.00173959,0.00147737,0.018674,0.00126304,0.00020887
5E02B1FB4C3837F.png,0.5642257,0.0215061,7.609e-05,0.4244952,0.0170782,0.0027162,0.0364881,0.3101464,0.00090768,1.581e-05,0.00019849,8.207e-05,1.798e-05,6.76e-05,0.00103787,0.00518071,0.00012962,0.00063476,0.00023567
5DC36F1B14BC4CF.png,0.01741238,0.02087922,0.00077868,0.00043309,0.038362,0.02770742,0.04019302,0.03903546,0.00076577,0.00022361,0.00082189,0.00056623,8e-06,2.611e-05,0.00057106,0.00010982,0.00026208,0.00814404,0.00052869
CR.1.2.156.600734.516764694.1648.1572919532.1113.0.1.png,0.00066792,0.12212822,0.08022616,0.00115709,0.00254762,0.00041407,0.00017939,4.836e-05,9.1e-06,0.0007392,0.00055474,0.14109619,1.783e-05,0.00026841,0.2829428,0.00013944,0.00134589,0.00070301,0.00082971
5C612BEDE9C9F8.png,0.30742782,0.00105431,0.86316687,0.1632468,0.9894015,0.01012512,0.00781349,0.13378088,0.02510534,0.00106255,1.285e-05,0.00485423,9.63e-05,0.00094114,1.655e-05,0.00039028,0.0012611,0.17585656,0.0003586
5CF605D82248235.png,0.75177616,1.955e-05,0.48284417,0.02176433,0.32677796,0.00031311,0.00927274,0.0008034,0.01954733,5.488e-05,3.813e-05,0.00336418,7.07e-06,0.00052069,1.986e-05,0.01097584,0.00017896,0.06168605,0.00143587
CR.1.2.840.113564.199912075.2019111203341853380.1203801020003.png,0.00050595,0.02771365,0.0003245,0.00101953,0.20584147,0.00106584,0.4044811,0.01219896,2.773e-05,0.00713647,0.00334771,0.02255245,3.927e-05,0.00013837,0.0008712,0.00286254,0.00398216,0.00415421,5.59e-05
DX.1.2.840.113564.920101.20191112102326015530.1003000225002.png,0.31270915,0.001402,0.00115435,0.00343595,0.06639396,5.798e-05,0.01886436,0.00010683,0.00021465,0.00090563,0.00056529,0.01695196,8.1e-06,0.00155704,0.00117966,0.0027391,0.00618688,0.00253132,0.00079024
5C9084B31A78F8D.png,0.9754991,0.00884622,0.959488,0.12120491,0.19331051,0.02046461,0.00023508,0.00408919,0.08099907,9.424e-05,2.732e-05,0.00479995,3.804e-05,0.00791583,0.00019887,0.00033755,0.0001272,0.0094732,0.00288685
CR.1.2.156.600734.516764694.1648.1572486486.757.0.1.png,0.41578028,0.07498534,0.01577311,0.09181471,0.0231817,0.00873714,0.02191966,0.00791218,0.00149589,0.00496744,0.11160228,0.00877819,0.00665407,0.01061525,0.05991134,0.40844005,0.00721074,0.01307409,0.03360804
DX.1.2.392.200046.100.2.1.69131194618.191107114833.2.1.1.png,0.43887347,0.00284659,0.02998203,0.00254218,0.9909012,7.092e-05,0.0863571,0.01855171,0.00157613,0.00089068,0.0001206,0.0012489,0.00010296,0.00028604,3.344e-05,0.0006338,0.00070092,0.02204957,0.00138356
5E1A77DF4CAC9D2.png,0.0334148,0.05549528,0.00011126,0.04747265,0.2800092,0.00488625,0.34927255,0.06495112,0.00052506,0.0212998,3.882e-05,0.00911448,2.34e-06,1.299e-05,0.00010174,6.385e-05,0.00166088,0.00038833,5.87e-06
5BEA366E24F058A.png,0.0645037,0.00537818,0.03127878,0.01467162,0.98804766,0.01981183,0.0209134,0.69292426,0.00474047,0.00060662,0.00018139,0.00181589,2.072e-05,1.217e-05,2.047e-05,0.00027481,0.00016678,0.00849396,5.63e-05
5E5862AD6410A54.png,0.13649869,0.14550905,0.00135726,0.3374268,0.00105288,0.3139521,0.0001403,0.01041181,0.0140759,0.00046549,5.78e-06,0.00061792,1.372e-05,0.00017688,0.00063877,0.00019862,0.00276932,0.00030834,7.491e-05
5B0DF1741AF408B.png,0.5433929,0.00356397,0.00435438,0.00926521,0.05473509,0.0004291,0.1870822,0.01024612,0.00100496,0.00014887,0.00025232,0.0218989,8.24e-06,0.00022428,2.334e-05,0.00011804,0.04937778,0.00170832,2.811e-05
DX.1.2.840.113619.2.369.4.2147483647.1572844116.754852.png,0.7971956,0.27760115,0.0004647,0.01329318,0.01494926,0.00017736,0.00110279,0.0022523,0.00072344,2.508e-05,0.00052972,0.00743279,9.49e-06,0.00040224,0.00569989,0.00097269,0.00045852,0.00010022,9.272e-05
DX.1.2.392.200046.100.2.1.69131194618.191027161557.1.1.1.png,0.91303813,0.00289901,8.609e-05,0.00229687,0.41029495,2.501e-05,0.01157748,0.00021287,0.00070013,0.00015985,0.00016527,0.00215178,2.13e-06,7.726e-05,0.00024597,0.00024304,0.00178881,0.0007981,2.724e-05
5AFB907D1200673.png,0.06102859,0.00905647,0.00237616,0.00084283,0.1820415,0.00081243,0.04058282,0.04405002,0.00030376,1.457e-05,0.00196494,0.00297353,6.03e-06,2.223e-05,4.241e-05,0.0001615,0.0004556,0.00067107,4.28e-05
DX.1.2.392.200046.100.2.1.69131194618.191028163800.1.1.1.png,0.5585548,0.00321655,0.0006089,0.5043581,0.9936499,0.00779663,0.0009178,0.03308492,0.00063177,0.23554847,0.0005727,0.00105297,8.444e-05,7.725e-05,5.872e-05,0.00442865,0.03211754,0.01517265,3.544e-05
CR.1.2.156.600734.516764694.1648.1571703529.24.0.1.png,0.00934792,0.00069762,0.009774,0.00259392,0.00506314,1.513e-05,0.00150544,1.249e-05,0.00027062,0.00012775,0.00623565,0.02858245,6.53e-05,0.00323008,0.00956254,0.0597007,0.00023944,0.00064813,0.00041468
CR.1.2.156.600734.516764694.1648.1571877472.205.0.1.png,0.9868826,0.00076807,0.9973801,0.41932935,0.9694472,0.07533742,0.00055273,0.01735221,0.25548008,0.00028531,5.06e-06,0.78820175,1.203e-05,0.00060297,7.338e-05,0.00074832,0.00944797,0.00042804,0.0003296
DX.1.2.0031173900034174892019110410251910264312.png,0.0005891,0.00219549,0.00564296,0.00071653,0.6716792,0.00025788,0.8534441,0.02061228,2.14e-06,0.00168629,0.00089023,0.02144162,7.79e-06,4.511e-05,0.00023756,0.00052986,0.00032918,0.0032646,0.00013301
DX.1.2.840.113619.2.369.4.2147483647.1573018148.985122.png,0.65982944,0.01729693,0.00144074,0.00481299,0.03610374,0.00660333,0.00542453,0.01107302,0.0046809,4.41e-05,3.912e-05,0.00136823,6.61e-06,0.00018448,0.00118526,0.00022447,0.00068113,0.0003211,1.608e-05
5CF465FE172060F.png,0.02339932,0.00198199,0.25647867,0.00021591,0.464229,0.00013192,0.25528893,0.05537026,0.00031942,4.322e-05,0.00099712,0.00204951,3.851e-05,0.00152936,0.00203049,9.269e-05,1.822e-05,0.03939143,0.00115169
DX.1.2.392.200036.9125.4.0.487572354.358573462.2795306561.png,0.961116,0.00042435,0.6573225,0.5729388,0.4542114,0.00010282,0.05212771,0.01152556,0.00417454,1.298e-05,0.00010041,0.00036104,0.00045502,0.0071245,0.00010635,0.08749896,2.133e-05,0.16649117,0.04781966
DX.1.2.840.113619.2.369.4.2147483647.1573451205.141795.png,0.00245997,0.00067092,0.00593809,0.00054556,0.9500076,0.00078783,0.18790178,0.00067778,2.244e-05,0.02146773,0.0007261,0.08532827,3.638e-05,8.126e-05,8.239e-05,0.00020129,0.05541024,0.00382439,1.368e-05
CR.1.3.12.2.1107.5.3.57.20200.11.201911041115030453.png,5.345e-05,0.02010937,0.00052716,6.14e-05,0.00922054,0.00179189,0.07742746,0.00018289,3.19e-06,0.18857273,0.03447261,0.02878644,3.319e-05,5.263e-05,0.01721286,0.00029931,0.00422782,0.00050937,0.00164732
DX.1.2.00237702000340287920191025090754351129359.png,0.00013063,0.00616097,0.00192101,0.00012564,0.02365183,0.00064977,0.9910183,0.00894051,3.46e-06,0.00123467,0.00558701,0.01041682,2.142e-05,0.00020257,0.00035823,0.00100353,0.00034097,0.00039262,0.00120618
5DBD43936150E02.png,0.01172476,0.00720374,0.9342671,0.00280011,0.7924874,0.05310596,0.01330425,0.79847866,0.03734543,1.385e-05,2.783e-05,0.00073411,4.111e-05,0.00036851,9.34e-06,8.8e-05,9.956e-05,0.01213791,0.00046161
5DEDAA6651BC469.png,0.02300698,0.01005099,6.188e-05,0.00322189,0.08012674,0.0134359,0.02482328,0.13261175,0.00012414,0.00885934,0.00091994,0.01040712,3.492e-05,3.858e-05,6.313e-05,0.00020529,0.00564962,0.00324633,0.00012177
DX.1.2.392.200036.9125.4.0.487524739.965764502.2795306561.png,0.24842545,0.0086633,0.13113163,0.00346622,0.00070306,7.133e-05,0.04187708,2.31e-05,7.438e-05,4.724e-05,0.00022335,0.00722087,7.625e-05,0.08602576,0.00459048,0.0603906,0.00019244,0.00095535,0.14664213
5E264A352E20B0D.png,0.00570039,0.1128844,0.0003003,0.00063447,0.1652268,5.325e-05,0.01349409,0.01628951,2.322e-05,4.272e-05,0.00819186,0.00559073,2.47e-06,3.584e-05,0.00078753,0.00024203,9.971e-05,0.00077112,5.529e-05
DX.1.2.392.200036.9125.4.0.487532667.661349782.2795306561.png,0.27634498,0.00159906,0.97358465,0.08104224,0.10673146,0.00099853,0.04529022,0.00088175,0.00246294,1.609e-05,3.141e-05,0.00271215,6.631e-05,0.03022893,0.00115601,0.00507146,0.0008015,0.597595,0.00508251
5DFD69DB3FC0111.png,0.6088091,0.00661376,0.00079814,0.06607061,0.04598638,0.00206162,0.001974,0.01258269,0.00109294,0.01175262,5.183e-05,0.00224382,0.00010633,0.00073638,0.00174722,0.00024826,0.01233213,5.229e-05,0.00049343
CR.1.3.12.2.1107.5.3.57.20200.11.201911111441400171.png,0.94670177,0.00623049,0.72718185,0.8995242,0.87777174,0.51368654,0.00035399,0.09934396,0.4909474,0.01300978,5.577e-05,0.00117342,0.00036661,0.00016865,0.00010523,0.00013249,0.00322033,0.00436315,0.00088208
DX.1.2.840.113619.2.369.4.2147483647.1573607768.19895.png,2.193e-05,0.18332893,3.907e-05,2.628e-05,0.00372292,0.01767485,0.30197632,0.00113168,1.52e-06,0.08024646,0.00054591,0.03602693,3.46e-06,1.019e-05,0.00449572,0.00025995,0.20356487,0.00021506,3.584e-05
CR.1.3.12.2.1107.5.3.57.20200.11.201910211050070281.png,7.537e-05,0.0990413,0.00044926,9.49e-05,0.00293558,0.0064376,0.03981885,0.00512208,1.233e-05,0.13559097,0.0049989,0.00183009,3.175e-05,5.241e-05,0.00391614,9.302e-05,0.00281512,0.00147871,0.00038323
5DFC17F867700CB.png,0.40454236,0.00027779,0.21789382,0.21575215,0.20861974,0.00159326,0.00571808,0.00014233,0.00086089,0.00026389,0.00022726,0.00143585,8.684e-05,0.00115947,8.38e-05,0.00936072,0.00075883,0.09923586,0.00033609
DX.1.2.840.113619.2.369.4.2147483647.1568179332.565162.png,0.00033022,0.16780595,7.108e-05,0.00030693,0.00019004,0.00434887,0.00077398,9.58e-06,1.774e-05,0.0088593,0.00016128,0.01432361,9.36e-06,0.00133916,0.10108455,0.00042703,0.06150108,0.0001076,0.00014593
5DD234609DC577.png,0.21454743,0.95391333,0.00023711,0.3106433,0.00133287,0.07808393,1.327e-05,0.30208534,0.01188196,0.00102972,2.39e-05,0.00294005,1.618e-05,3.085e-05,0.0069143,0.00011196,0.00308385,0.00017929,5.932e-05
5DEDF7555860567.png,0.1599314,0.16339132,0.30447355,0.9582024,0.3952393,0.2530916,0.00619538,0.63924044,0.0107539,0.00024631,5.571e-05,0.00117171,0.00078579,0.00044996,0.00015843,0.00314945,0.00017457,0.00657414,0.00108396
DX.1.3.46.670589.26.802544.25.20191107.105534.307145.0.png,0.01142888,0.0083886,0.00012977,0.00026175,0.0063394,0.00025309,0.08567096,0.02167587,1.368e-05,0.0001983,0.02727104,0.00086576,1.134e-05,2.698e-05,0.00036414,6.937e-05,0.0005954,0.000303,1e-04
DX.1.2.0021667300034309822019111210361285102296.png,0.860772,0.26019123,0.02214938,0.9854394,0.28393605,0.07403139,0.00029162,0.55354315,0.00477105,0.00263226,2.207e-05,0.00013526,0.00067344,0.0001038,0.00021104,0.02920733,6.771e-05,0.00093912,0.00038963
DX.1.2.0031219200034082902019102910260496884562.png,0.00014395,0.00030004,0.00037911,5.16e-06,0.01769748,0.00011807,0.93840617,0.00018651,6.68e-06,0.00214426,0.01658988,0.02315241,1.879e-05,0.00023559,0.00107047,0.00033804,0.00489539,0.00048625,0.00098695
CR.1.3.12.2.1107.5.3.57.20200.11.201911131637110671.png,0.00224022,0.00057396,0.00611325,0.00013128,0.1790582,0.00025036,0.5813976,0.00162723,9.417e-05,0.00070078,0.00030003,0.01087576,1.847e-05,0.00020767,0.00063248,0.00020704,0.00107337,0.01102754,0.00031067
DX.1.2.0030950800033960952019102207552587579765.png,5.215e-05,0.00445466,0.00011758,0.00027484,0.00314796,0.00056586,0.954734,0.00105857,1.192e-05,0.01411021,0.03482096,0.00383256,9.855e-05,0.00035809,0.01059468,0.00217857,0.00681956,0.0005155,0.00885096
DX.1.2.840.113564.920101.20191105134712500280.1003000225002.png,0.08457977,0.02123753,0.00811582,0.00053789,0.02531685,0.00617665,0.1122021,0.00970716,0.00051772,0.00330253,0.00012136,0.04633323,0.00011031,0.00190107,1.49e-05,0.00026077,0.01833899,0.00058459,8.487e-05
5D5127F629584EB.png,0.09711007,0.05508024,0.00034622,0.00019041,0.00972813,0.00026974,0.00778468,0.00095735,0.00042659,0.00016661,0.00012687,0.00359026,1.971e-05,0.00348086,0.02596667,6.52e-05,0.00060061,0.00028113,0.00018253
DX.1.2.003099100003412423201910310901204963031.png,0.69326514,0.02867356,0.01186458,0.05993856,0.0525295,0.01664913,0.01686139,0.622501,0.00495334,0.00101934,8.718e-05,0.00030725,0.00016527,0.00163741,0.00018873,0.00036471,0.00080392,0.0034486,0.00020154
5DCE0D413CA4043.png,0.03025653,0.03980131,0.00038029,0.03384744,0.01153122,0.00041398,0.06516346,0.01609504,3.983e-05,0.00013185,0.11252079,0.00015571,1.816e-05,6.588e-05,0.00105857,0.01003374,0.00020238,0.0012362,0.00038438
5E378758332C758.png,0.15697825,0.13508451,0.08491371,0.61088526,0.41584355,0.01589778,0.00121708,0.23650935,0.00663966,8.268e-05,0.0003484,6.12e-05,5.41e-05,0.00012668,0.00315093,0.01432683,5.564e-05,0.05305476,0.00150309
DX.1.2.392.200046.100.2.1.69131194618.191031103638.1.1.1.png,0.66639274,0.00059792,0.00182682,0.19311912,0.99266994,5.935e-05,0.09507024,0.20384456,0.00061945,0.00082132,0.00010423,0.00145072,0.00012254,3.438e-05,1.019e-05,0.00283614,0.00174427,0.03542856,0.00024341
DX.1.3.46.670589.26.802544.25.20191104.123309.306126.0.png,0.10470738,0.70812315,0.00092937,0.217881,0.00069295,0.24138528,0.00039266,0.07240626,0.00052646,0.00992072,1.43e-05,0.00206468,7.633e-05,0.00048836,0.005193,0.0002375,0.0128743,0.00045794,0.00057855
DX.1.2.392.200036.9125.4.0.487561350.2672649622.2795306561.png,0.16031682,0.00620067,0.04762043,0.15390766,0.00045653,5.301e-05,0.14479771,0.00022161,4.055e-05,3.088e-05,4.295e-05,0.00048309,0.00012999,0.00553145,0.00326489,0.04874307,6.608e-05,0.01969081,0.0276134
DX.1.2.840.113564.920101.20191118085209953560.1003000225002.png,2.557e-05,0.00420307,5.839e-05,9.76e-06,0.0020972,0.02461762,0.10167681,0.00029165,2.483e-05,0.39672077,0.00146897,0.03091272,7.224e-05,0.00084243,0.0007792,0.0002246,0.03596594,0.00015668,0.00047736
CR.1.3.12.2.1107.5.3.57.20200.11.201910171645500656.png,0.00377616,0.0024593,0.99509454,0.00825256,0.8082993,0.9808563,0.00091655,0.07755089,0.09904086,0.0993975,1.116e-05,0.15295568,0.00267988,0.04183521,9.357e-05,9.42e-06,0.23091754,0.0141238,0.00035868
DX.1.2.00288967000342124120191106085819177844187.png,0.00104241,0.00435452,0.00066363,0.00111961,0.12498549,0.00087955,0.8930043,0.01146856,3.055e-05,0.00088544,0.00086614,0.00306597,5.685e-05,8.009e-05,0.00042974,0.00019426,0.0003706,0.00730001,0.00041008
DX.1.2.0030979500033963252019102208191689011484.png,1.75e-05,0.00061079,0.00013499,0.00015346,0.16484751,0.00739286,0.986692,0.00141725,2.097e-05,0.178317,0.00487214,0.21655063,5.105e-05,0.00026076,0.00029669,0.00043026,0.25660998,0.00123306,0.00046815
DX.1.2.840.113619.2.369.4.2147483647.1574044604.594724.png,0.05829556,0.03892982,0.00037036,0.0007459,0.00089074,0.00044212,0.00187776,0.00034528,0.00018009,2.913e-05,0.00051193,0.00119465,2.67e-06,0.00043429,0.00322832,0.00049436,0.00211086,0.00016624,2.541e-05
DX.1.2.0031502300034192012019110509093692121171.png,0.03448454,0.00066049,0.03355978,0.00161479,0.12782721,2.666e-05,0.30832028,0.00053581,0.00011619,2.058e-05,0.00029297,0.01228739,5.71e-06,0.00021272,0.00011967,0.00075176,6.439e-05,0.00204716,0.00040677
CR.1.2.156.600734.516764694.1648.1572049017.342.0.1.png,0.03932381,0.00469409,0.17751282,0.0128169,0.86698365,3.609e-05,0.00315981,0.00108013,0.00010571,3.646e-05,0.000766,0.04655682,1.384e-05,3.878e-05,0.00206012,0.01105526,1.843e-05,0.00091604,8.225e-05
5D784C4E30F8CA6.png,8.756e-05,0.2007591,0.00033868,2.594e-05,0.02622066,0.06340555,0.16772984,0.12063389,3.431e-05,0.26713413,0.00022261,0.01551496,5.849e-05,2.332e-05,1.12e-05,1.28e-05,0.11037352,0.00023024,6.66e-05
DX.1.2.0030956800033961402019102210242596520609.png,0.01015132,0.01132,0.00017933,0.00343998,0.02748037,0.00757163,0.50677854,0.01675937,0.00014208,0.35092297,0.00079041,0.00342011,8.76e-05,7.15e-05,0.00060886,0.00416584,0.00462125,0.00029564,0.00198737
DX.1.2.00310901000339863920191023094327180461812.png,0.00285071,0.00024643,0.00015582,0.00011274,0.005432,0.00027167,0.826373,7.669e-05,9.67e-06,0.00558135,0.00331851,0.00859459,2.22e-05,0.00014237,0.00126357,0.00181893,0.00090734,0.00025142,0.00032879
CR.1.3.12.2.1107.5.3.57.20200.11.201910241502370687.png,1.73e-05,0.00607326,0.01832067,0.00023246,0.97603947,0.00673169,0.44522193,0.00588416,7.43e-05,0.32368848,0.00037252,0.23298153,0.00118043,0.00014241,0.00030531,0.00014632,0.05671353,0.00643934,0.00116205
DX.1.2.392.200046.100.2.1.69131194618.191022081233.1.1.1.png,0.25557172,0.00091726,0.00017574,0.02211244,0.29883847,0.00063243,0.47873637,0.00040539,0.0090227,0.00558963,0.00034699,0.00809407,9.48e-06,1.392e-05,8.58e-06,0.00015044,0.01009484,0.00190137,2.091e-05
5CFF12F118301D7.png,0.00055046,0.629262,5.28e-06,0.00183498,0.00023901,0.0090936,0.00149828,0.00085173,3.97e-06,0.03137282,0.02984916,0.00085325,4.536e-05,1.744e-05,0.23325837,0.00053896,0.01342232,0.00014539,6.44e-05
DX.1.2.392.200046.100.2.1.69131194618.191021095632.2.1.1.png,0.02707068,0.00300862,0.00292566,0.00065638,0.88770264,1.759e-05,0.69635713,0.00862471,0.000572,0.00029067,0.00039185,0.00353217,2.191e-05,0.00017343,0.00059127,0.00338659,0.00141926,0.02858359,0.00018666
5DC110EA6ACDBE.png,0.00072604,0.8181108,0.00061528,0.04624929,0.06678357,0.05014423,0.03961108,0.83246183,6.62e-06,0.00618636,0.00022159,0.00622524,2.066e-05,9.478e-05,0.000114,0.00018913,0.03263292,0.00617683,1.294e-05
5E17E1E32B84FAE.png,0.00028604,0.38792104,3.971e-05,0.00188352,0.00249702,0.00710939,0.08717082,0.00368389,2.361e-05,0.02415436,0.00100167,0.00274748,2.783e-05,1.452e-05,0.00075629,0.0001678,0.02028821,0.00034004,1.139e-05
CR.1.3.12.2.1107.5.3.57.20200.11.201910271039200312.png,0.48458225,0.00245805,0.9712984,0.7576134,0.3438373,0.9667877,0.00277139,0.10852974,0.852814,0.07440838,2.04e-05,0.00072221,0.00108013,0.00169883,0.00020346,4.871e-05,0.00036695,0.0053926,0.00215375
5CF5D06B1840B18.png,0.00212891,0.1936825,0.00095941,0.05353666,0.0430923,0.2087921,0.03147454,0.12236899,0.00019465,0.08759579,0.00026959,0.00049657,1.314e-05,3.026e-05,0.00058664,0.00070774,0.00343767,0.00387488,5.222e-05
DX.1.2.392.200046.100.2.1.69131194618.191016163825.1.1.1.png,0.00036626,0.00505525,0.00042856,0.00023583,0.11850317,5.243e-05,0.6986897,0.00027853,9.09e-06,0.00274185,0.14539123,0.01366675,2.83e-05,2.895e-05,0.004342,0.00904283,0.00061367,0.0013894,0.00041404
DX.1.2.392.200046.100.2.1.69131194618.191112091948.1.1.1.png,0.01783037,0.00093201,0.00468579,0.00131564,0.2420713,0.00013538,0.01633292,0.00133233,2.485e-05,0.00944979,0.00064115,0.02158938,2.456e-05,0.00137661,0.002579,0.00569422,0.00652792,0.00054491,0.00289179
5B4D628212D442F.png,0.00041077,0.09447754,0.0011416,0.00017754,0.04055472,0.01187653,0.02388635,0.05735774,7.338e-05,0.00604505,0.00096988,0.02797575,4.78e-06,4.088e-05,3.223e-05,1.491e-05,0.09880398,0.00086089,5.24e-06
5DEDF4A24B18E95.png,0.00690006,0.14148636,0.0020081,0.01939116,0.00665564,0.01079299,0.00490803,0.0042049,0.0002383,0.00121478,0.01185049,0.00056057,9.61e-06,5.841e-05,0.00105027,0.00029433,0.00033882,0.00047398,0.00019689
DX.1.2.840.113619.2.369.4.2147483647.1572237731.838237.png,0.00054636,0.01991776,5.356e-05,0.00015827,0.00429425,0.00130847,0.12500052,0.00073883,3.36e-06,0.00230444,0.01234244,0.00524287,6.38e-06,2.274e-05,0.00272396,0.00129925,0.00193121,0.00055838,0.00014573
DX.1.3.46.670589.26.802544.25.20191107.90923.307076.0.png,0.006386,0.0053049,0.00075485,0.0016309,0.00674168,0.0013739,0.01759862,0.00081904,1.519e-05,0.00607791,0.01335215,0.00079174,5.764e-05,0.00134137,7.104e-05,0.00049054,0.00150629,0.00266082,0.00044838
DX.1.2.392.200046.100.2.1.69131194618.191106090136.1.1.1.png,0.23110867,0.04386046,0.00019509,0.00168545,0.10299899,2.092e-05,0.00644084,0.00533086,0.0005501,0.00093408,0.00015406,0.00071256,2.291e-05,0.00016905,0.00801285,0.00076852,0.00024472,0.00036319,0.00019632
5BF89C3911ECEF0.png,0.32077962,0.12170845,0.00969245,0.04970888,0.00225369,0.50116503,0.00227088,0.40486255,0.06963132,0.00034116,0.00040333,0.00033795,2.54e-05,0.00021933,4.319e-05,0.00198478,0.00145347,0.00049335,0.00022287
5AF398E31F7002A.png,0.00223115,0.03480703,8.846e-05,0.00010206,0.00704526,0.00045001,0.37946627,0.05344512,1.5e-05,0.00025645,0.00136951,0.00658904,1.494e-05,0.0005147,0.0019653,0.00034517,0.00403398,0.00014858,0.00030463
DX.1.2.840.113619.2.369.4.2147483647.1572830062.424025.png,0.00915339,0.8829307,0.00032726,0.00363365,0.0003103,0.00398766,0.00088539,0.00044454,0.00024957,0.00011662,0.00032419,0.0055581,1.27e-05,0.00030186,0.18551676,0.00035239,0.0006877,3.813e-05,4.592e-05
5D526B5C50101C8.png,0.98447466,0.10324052,0.05176964,0.4337206,0.05067691,0.6537895,0.00225934,0.98747605,0.01665066,0.00606005,3.907e-05,0.01236181,0.00175959,0.006838,0.00019028,5.225e-05,0.0648413,0.00483863,0.00040415
5CA2AAD719D88B9.png,0.01700676,0.04144137,0.03207737,0.00295682,0.86435235,0.00150537,0.00679671,0.19649085,0.00011136,2.611e-05,3.232e-05,0.02660059,5.47e-06,7.722e-05,8.62e-06,7.879e-05,0.00315721,0.03356964,5.1e-06
DX.1.2.392.200046.100.2.1.69131194618.191027162344.1.1.1.png,0.14615463,0.00413981,0.00020721,0.01315745,0.69892055,0.00169845,0.3351804,0.11014035,0.00059517,0.00385646,0.00052057,0.0029677,1.908e-05,0.00010834,2.448e-05,0.0056444,0.00212664,0.00982963,0.00016123
5E031591570892A.png,0.00090059,0.16290753,0.00128244,0.00118994,0.02104131,0.00095528,0.00428158,0.00076267,1.536e-05,0.00020539,0.0023323,0.02946366,3.84e-06,1.314e-05,0.00114916,6.521e-05,0.00284371,0.00053356,6.78e-06
CR.1.3.12.2.1107.5.3.57.30003.11.201911121342390625.png,0.45762956,0.0058191,0.00267952,0.0011633,0.03505793,0.00169856,0.00181458,0.00075299,0.00512713,0.00158119,0.0008596,0.02767318,4.309e-05,0.00068944,8.03e-06,0.00025969,0.01826802,0.00553865,3.6e-05
DX.1.2.840.113564.920101.20191118103042203140.1003000225002.png,0.69788,0.0214107,0.00120788,0.2036503,0.24735312,0.00120188,0.0016125,0.0069177,0.0022074,0.00083806,4.509e-05,0.00435653,2.998e-05,3.407e-05,0.000818,0.00097239,0.00168521,0.0009766,2.749e-05
5E01707149DC65E.png,0.00040856,0.00742705,4.808e-05,0.00020558,0.1716767,4.049e-05,0.2581584,0.00118804,7.03e-06,0.00114184,0.03858101,0.00731913,9.7e-07,1.03e-05,0.00207298,0.00016934,0.00313051,0.00066285,2.077e-05
DX.1.3.46.670589.26.802544.25.20191105.83621.306398.0.png,0.03049592,0.000374,0.00055181,0.00071963,0.01991717,0.00024198,0.28531456,0.00548136,5.607e-05,0.00091238,0.03241196,0.00186858,5.091e-05,0.00043954,0.00018989,0.00415562,0.00128806,0.0002272,0.00035413
DX.1.2.0030972900033962752019102209155592410375.png,0.00014894,0.01025598,0.01474941,0.00187621,0.69567776,0.01075904,0.27904168,0.00662814,1.013e-05,0.12292416,0.00023249,0.01527709,0.00014699,0.00026583,0.00012165,0.00035152,0.01914614,0.00407296,6.296e-05
DX.1.2.0030968500033962352019102208442090515609.png,8.231e-05,0.6180476,0.00015388,0.02076775,0.00623223,0.24611013,0.16047661,0.02093667,1.014e-05,0.81561464,2.199e-05,0.0051873,0.00010279,0.00036243,0.00046611,0.00077924,0.08848926,0.00051127,0.00144248
5C53DF1F1D183A2.png,0.08691327,0.01854147,0.01055687,0.00452025,0.01000174,0.00194507,0.03104773,0.13326982,0.0024767,2.4e-05,4.785e-05,0.00173968,1.166e-05,0.00018408,0.0001524,0.00225729,4.755e-05,0.0003036,0.00019311
CR.1.3.12.2.1107.5.3.57.20200.11.201910211452250375.png,0.98766905,0.00320914,0.99536264,0.92650485,0.0956161,0.99595374,0.00066508,0.11821195,0.9954955,0.04097927,6.08e-06,0.02440994,0.00350734,0.02466825,0.00082224,7.586e-05,0.01734554,0.00080815,0.00209669
5B6D528A1FA0699.png,0.32877678,4.923e-05,0.98832905,0.08243482,0.59820145,0.00130362,0.15008466,0.00164651,0.0011577,0.00011109,0.00181166,0.01492659,0.0019941,0.23911677,0.00010443,0.39989603,0.00014662,0.07951966,0.02080202
DX.1.2.840.113564.920101.20191105081904000440.1003000225002.png,0.18920667,0.00012534,0.25041202,0.00107949,0.99664,0.00046218,0.05156614,0.0116739,0.00021845,0.00019953,1.506e-05,0.0834187,2.037e-05,0.0008844,1.505e-05,0.00099534,0.002194,0.03761699,6.646e-05
DX.1.2.00287203000342418320191109080755434020125.png,0.9608244,0.00087882,0.0547571,0.95446545,0.06215642,0.06616828,0.00304888,0.00469075,0.00851542,0.00256375,0.00015161,0.00081249,0.00030876,0.00030142,0.00034382,0.00679097,0.00372998,0.01320755,0.00031255
5C7492061BDCAF0.png,0.97897136,0.01626122,0.02763744,0.7953945,0.22046477,0.00157225,0.00516224,0.4068679,0.02625658,5.269e-05,5.654e-05,9.031e-05,6.224e-05,0.00029367,0.0037197,0.00847224,0.00050181,0.00405231,0.00033094
5E27953313CCF95.png,0.05005729,0.00259332,0.00229317,0.00035211,0.00025978,3.134e-05,0.01659663,3.692e-05,0.0004866,1.24e-05,0.01126204,0.00167083,7.04e-06,0.00066149,0.00599576,0.00162735,0.0001511,0.00023989,0.00131057
CR.1.3.12.2.1107.5.3.57.20200.11.201910290905430640.png,0.9959668,0.00031007,0.99814665,0.01060963,0.03715695,0.6829128,0.00410631,0.00109295,0.8147776,0.00062684,0.00011413,0.31848428,0.00147951,0.2189044,9.944e-05,3.365e-05,0.39073965,0.00175701,0.00188609
5E1D11C15C04ED9.png,0.5102052,0.9385323,9.262e-05,0.5011056,0.00065796,0.00208014,0.00013572,0.03379695,0.02088693,2.022e-05,3.234e-05,0.00034679,7.54e-05,7.44e-06,0.03483158,0.00014695,0.00071704,0.0001846,0.00010212
DX.1.2.840.113564.920101.20191028113232234110.1003000225002.png,0.19404013,0.02292662,0.00381332,0.00038759,0.02651992,0.0011747,0.01194873,0.00077084,0.00262365,0.00010032,0.00026633,0.00236294,5.31e-06,8.144e-05,0.00065707,0.00049757,0.00187801,0.00174029,5.81e-06
5CB977CB1E3CE6A.png,0.9933008,0.03335418,0.8150702,0.9372808,0.5070764,0.9985783,0.01057753,0.9984289,0.82225704,0.00315388,6.526e-05,0.01184821,0.02837704,0.03736208,2.815e-05,0.00195231,0.03500057,0.00190696,0.01712162
5B8F83C31FECB50.png,0.00383561,0.3668384,0.00017551,0.00147433,0.00868474,0.00158159,0.00492712,0.00792896,1.339e-05,0.00370164,0.00326118,0.00214997,1.902e-05,4.191e-05,0.00119362,0.00088225,0.00084328,0.00401134,5.956e-05
DX.1.3.46.670589.26.802544.25.20191118.161057.310411.0.png,0.00766059,0.00046236,0.00094989,0.00563273,0.03786039,4.531e-05,0.30022565,0.00016034,3.494e-05,0.00256319,0.04804943,0.00640586,1.871e-05,0.00025628,0.00116486,0.00415783,0.00055583,0.00045704,0.00605518
CR.1.3.12.2.1107.5.3.57.20200.11.201910230901350375.png,0.357955,0.0010628,0.8536322,0.00788493,0.72443295,0.29660898,0.01072466,0.00781757,0.19206168,0.0072519,4.225e-05,0.61078906,7.69e-05,0.00101801,8.731e-05,4.583e-05,0.08044318,0.00392358,9.836e-05
5CCBDE012310A25.png,0.42285988,0.42170003,0.14550185,0.09569842,0.23742849,0.01408058,0.0112698,0.7807122,0.00608173,0.00056689,1.296e-05,0.00011746,0.00075606,0.000714,0.00140482,0.00148405,3.29e-05,0.01478446,0.02054722
DX.1.2.0030963900033962032019102209361293626796.png,5.166e-05,0.00255078,0.00011831,0.00010534,0.01068109,0.00028753,0.99342257,0.00236378,2.173e-05,0.01719745,0.00965843,0.00446248,2.281e-05,0.0003403,0.00488019,0.00205238,0.01573307,0.00179765,0.00289033
DX.1.2.840.113564.920101.20191114111919109530.1003000225002.png,0.39620024,0.02465224,0.00183915,0.05209195,0.7931042,0.09055629,0.003551,0.2447586,0.00039503,0.0063835,7.746e-05,0.00597517,1.806e-05,0.00023082,2.136e-05,8.875e-05,0.00105506,0.00564253,5.83e-06
DX.1.2.392.200046.100.2.1.69131194618.191101083936.3.1.1.png,0.00410641,0.0351656,0.09970874,0.01291685,0.58562773,0.00094801,0.13281238,0.08456556,0.00026713,0.0086892,3.48e-05,0.00032227,0.00074952,0.00023566,0.00010101,0.00131264,0.0004219,0.02742959,0.00261776
CR.1.3.46.670589.26.602199.4.20191107.84149.334283.0.png,0.00023809,0.07742066,7.2e-05,0.00233221,0.0165242,0.04522216,0.07546952,0.01640148,1.133e-05,0.49150833,0.00086212,0.00376937,2.968e-05,6.127e-05,0.00236197,0.00012809,0.48930785,0.00010808,9.347e-05
5DC12BA43DC400E.png,0.9451324,0.0115993,0.3673353,0.2359411,0.09391687,0.7625294,0.00572447,0.48452577,0.69063985,3.622e-05,0.00011098,0.00817834,2.419e-05,0.00011168,0.0002169,0.00054817,0.00325549,4.046e-05,7.993e-05
DX.1.3.46.670589.26.802544.25.20191112.121447.308467.0.png,0.8403861,0.00038786,0.7884976,0.36682737,0.22643977,0.01704925,0.01594355,0.1085407,0.17144114,0.00048197,8.178e-05,0.00126799,0.00071371,0.0029013,8.57e-06,0.0001593,0.00066245,0.00112661,0.0144537
DX.1.3.46.670589.26.802544.25.20191106.104916.306777.0.png,0.15344423,0.952772,0.01045046,0.95411026,0.04619856,0.85028267,5.785e-05,0.81580704,0.01372257,0.0067716,5.74e-06,0.00016502,0.00088464,0.00067021,0.00396212,6.564e-05,0.00027058,0.00035346,0.001765
CR.1.3.12.2.1107.5.3.57.20200.11.201910241430570453.png,0.00100873,0.52090496,0.05451051,0.27576402,0.01863182,0.9861629,0.00176871,0.01874306,0.00011575,0.9947354,5.924e-05,0.10263017,0.00027358,0.00158211,0.00312196,5.03e-05,0.17950419,0.0031648,0.0002999
5C807D4D2078018.png,0.00144721,0.00470725,0.0002175,0.00032801,0.2565592,0.00209371,0.38797924,0.00660214,0.00015131,0.00377055,0.00500411,0.00458395,4.21e-06,8.27e-06,6.823e-05,6.93e-05,0.00838991,0.0005075,0.00014663
DX.1.2.392.200046.100.2.1.69131194618.191026102856.2.1.1.png,0.02030034,0.23956905,0.0601129,0.02994494,0.02274616,0.00144753,0.01340019,0.03285538,0.00016718,0.00016811,5.791e-05,0.00098903,1.857e-05,0.00130627,0.04584558,0.00299501,0.0001038,0.00457924,0.00024689
DX.1.2.392.200036.9125.4.0.487559054.2066900374.2795306561.png,0.0152422,0.01151474,0.91936034,0.02231015,0.5655796,0.00748254,0.18915033,0.00417551,0.00067108,0.00275682,0.00069779,0.01339442,0.00281692,0.22598772,0.00163904,0.02455918,0.01354443,0.7968348,0.07915084
DX.1.3.46.670589.26.802544.25.20191113.132330.308955.0.png,0.9891934,7.262e-05,0.9992103,0.97554874,0.9987896,0.88162816,0.00483655,0.67715615,0.9399402,0.00024503,9.55e-06,0.00021725,0.00164877,0.00306131,1.173e-05,0.00089747,0.00076275,0.05230602,0.00224305
5CAEE27B1194525.png,0.43036088,0.00534325,0.67680454,0.6155829,0.9464029,0.02212758,0.00492504,0.69296306,0.00313911,0.00096491,0.00012723,0.00728497,4.145e-05,0.02110561,2.957e-05,0.00541615,0.00651084,0.02206292,0.00292281
DX.1.3.46.670589.26.802544.25.20190911.84310.290760.0.png,0.01609241,0.00048005,0.00050316,0.00011505,0.00062911,0.00085672,0.12751873,0.00515673,2.808e-05,0.00039262,0.25771585,0.00149629,9.497e-05,0.0001236,0.00137961,0.00358201,0.00013305,0.00012822,0.0006431
CR.1.2.156.600734.516764694.1648.1573698274.1794.0.1.png,0.8106666,0.0006264,0.80651265,0.11605922,0.3296817,0.00120091,0.11606361,0.05213504,0.02604951,2.23e-06,1.523e-05,0.02265251,0.00208776,0.04801897,0.00047293,0.05055078,0.00017829,0.00702967,0.00450544
DX.1.2.840.113564.920101.20191118091302062880.1003000225002.png,0.01630158,0.00039253,0.00240354,0.00035398,0.66709363,0.00028117,0.09305287,0.00234198,8.296e-05,0.00108366,0.00097463,0.00286033,2.314e-05,8.901e-05,9.29e-05,0.00109645,0.00182469,0.00238147,1.826e-05
DX.1.2.840.113619.2.369.4.2147483647.1572840153.507480.png,0.9977259,0.04946682,0.00872734,0.9158665,0.07270898,0.00170418,0.0001779,0.05134238,0.11857549,9.69e-06,2.05e-06,0.00045652,3.941e-05,0.00019505,0.0011122,0.00988344,7.905e-05,0.00052299,0.00018357
DX.1.2.840.113619.2.369.4.2147483647.1572912468.34713.png,0.01039527,0.12738286,0.00031151,0.00112945,0.00087091,0.00184668,0.00242393,0.00023807,7.774e-05,0.00020949,0.00146166,0.00318313,3.86e-06,0.00058981,0.03866071,0.00111311,0.00118201,0.00030746,0.0003427
CR.1.3.46.670589.26.602199.4.20190910.80523.331811.0.png,0.7961262,0.12090852,0.0032318,0.16252801,0.39333123,0.19764853,0.03809614,0.9892959,0.17131998,0.03797459,3.095e-05,0.00015168,0.00029315,0.00097132,7.286e-05,4.064e-05,0.00943294,0.00010376,0.00048896
5DA5868317B81A6.png,0.00263284,0.00484058,0.0820411,0.00032921,0.33250782,0.00060037,0.06727059,0.00099308,3.566e-05,0.00010979,0.00024072,0.14098004,2.786e-05,0.00494485,0.00010632,8.129e-05,0.00693393,0.00308835,0.00034305
DX.1.2.840.113564.920101.20191106084640859950.1003000225002.png,0.01798134,0.00336744,0.00060677,0.00023977,0.927374,0.00270814,0.63726836,0.8847481,0.00097053,0.00044155,0.00103525,0.01089894,9.57e-06,2.356e-05,2.294e-05,0.00016087,0.00196262,0.00582735,2.094e-05
CR.1.3.46.670589.26.602199.4.20190910.81308.331816.0.png,0.12618813,0.03185848,0.0361565,0.20142762,0.01186396,0.98660856,0.00032443,0.01005429,0.18963747,0.5845962,0.00034731,0.00029844,0.00011828,0.00191071,0.00712629,9.989e-05,0.0147405,0.00285,0.00019716
DX.1.2.392.200036.9125.4.0.487562097.464020886.2795306561.png,0.32841873,0.00093386,0.705572,0.20790122,0.6727056,1.157e-05,0.23835994,0.00048204,0.00053859,5.002e-05,0.00445498,0.0220355,0.00021273,0.00025383,0.00079745,0.01669107,3.765e-05,0.02548429,0.0147084
DX.1.2.392.200046.100.2.1.69131194618.191028103142.1.1.1.png,0.00028937,0.00587862,0.0011253,0.0001966,0.74934435,0.00587519,0.4961284,0.0125248,7.342e-05,0.3255245,0.00031623,0.01494321,4.978e-05,7.434e-05,0.00070885,0.00010401,0.05873496,0.0023943,2.925e-05
CR.1.2.156.600734.516764694.1648.1572914680.1092.0.1.png,0.00058538,0.0012813,0.70662904,0.00065093,0.7905262,0.00349168,0.00356871,0.00684663,4.955e-05,0.00049645,1.11e-05,0.9338098,0.00010506,0.00052942,0.00020888,0.00036623,0.00779664,0.00294571,4.464e-05
DX.1.2.392.200036.9125.4.0.487526531.1670604182.2795306561.png,0.29692793,0.00395157,0.7030714,0.00450612,0.07738871,0.00016017,0.03622948,0.00028234,0.00071526,4.361e-05,4.766e-05,0.0012192,0.00010524,0.09836052,0.00079637,0.16425735,4.043e-05,0.03196313,0.08744518
5E104F3B1098111.png,0.00724961,0.8931145,0.00699618,0.62633866,0.00195115,0.14765899,8.372e-05,0.3690706,0.00090467,0.0227875,0.0001291,6.07e-05,0.00149645,0.01806419,0.02808434,0.00104581,0.00162609,0.00569401,0.00520644
DX.1.2.0029262500033885582019101708545583509078.png,6.35e-05,0.00258382,0.00032742,0.0003002,0.07505094,0.00048376,0.9577905,0.00411255,5.91e-06,0.01554227,0.01535543,0.00337108,2.857e-05,9.694e-05,0.00243513,0.00058236,0.00071922,0.00179172,0.00093549
DX.1.2.840.113564.920101.20191114143848437830.1003000225002.png,0.2139321,0.00353517,0.00894129,0.00456166,0.87581366,0.00042962,0.04272534,0.00513824,0.00013307,0.00021829,1.469e-05,0.01114179,1.134e-05,0.00011582,0.00039871,0.00072458,0.00071688,0.00154438,2.825e-05
DX.1.2.840.113619.2.369.4.2147483647.1573695464.244313.png,0.05518613,0.0204841,2.732e-05,0.000432,0.01133482,0.00086145,0.02711359,0.00084908,3.744e-05,0.00277531,0.00158682,0.00758149,2.076e-05,7.447e-05,0.0001056,0.00065446,0.00207682,0.00053464,1.902e-05
5D13777D5ED8EB2.png,0.00704984,0.18450399,0.02805352,0.00914605,0.05032211,0.01745923,0.1205245,0.01468226,0.00054638,0.00357608,7.94e-05,0.00058606,1.338e-05,0.00017137,3.937e-05,6.517e-05,0.00054845,0.03810526,0.00013107
DX.1.3.46.670589.26.802544.25.20191105.135902.306587.0.png,0.0761978,0.00458297,0.24896008,0.06280664,0.6172228,0.95539063,0.20988923,0.904061,0.9100084,0.01628722,8.124e-05,0.00057385,0.01423846,0.08881481,2.042e-05,2.621e-05,0.00309073,0.00535723,0.00438397
5CEDDEB32728FE1.png,0.94462585,0.00186703,0.00067655,0.04774432,0.1434458,0.00208859,0.01828932,0.0067535,0.00156934,0.00105555,2.099e-05,0.0757037,4.148e-05,0.00208407,5.142e-05,0.00035154,0.29766357,0.0006416,1.905e-05
DX.1.2.392.200036.9125.4.0.487537040.267937174.2795306561.png,0.920965,0.00936205,0.7275933,0.8032785,0.13938497,0.00407177,0.0177373,0.00491766,0.00311892,0.00034279,5.006e-05,0.00547882,0.0279643,0.00709181,0.0003736,0.25756013,0.00037789,0.13113756,0.06316684
DX.1.2.392.200046.100.2.1.69131194618.191115084336.1.1.1.png,0.06983978,0.00032022,0.0010488,0.00796322,0.98818177,2.273e-05,0.16629861,0.00805668,5.252e-05,0.00195986,0.001031,0.00097093,4.608e-05,0.00011527,0.00017847,0.00136105,0.00053623,0.01853434,0.00036723
DX.1.2.00315707000342347320191107091629265334359.png,0.02331656,0.00111326,0.00646987,0.37488303,0.09157465,0.00025373,0.45467067,0.00023451,0.00013477,0.00094846,1.035e-05,0.00762262,0.00045488,0.00108725,2.939e-05,0.00821702,0.00034136,0.19163,0.00063489
DX.1.2.00289281000343580220191115075003334333296.png,0.27872983,0.00127769,0.06236788,0.18181382,0.6894692,0.00826163,0.84651107,0.00890827,0.0008655,0.1188897,9.753e-05,0.1334182,0.0002338,6.577e-05,0.00045355,0.00180986,0.00797147,0.00023812,0.00039328
DX.1.2.392.200036.9125.4.0.487551864.993224086.2795306561.png,0.34848383,0.00110982,0.70300853,0.0341925,0.02064657,0.00013267,0.08924905,0.00462719,0.00022006,6.67e-06,0.00013788,0.00020038,0.00067864,0.04575899,0.0085815,0.07867254,2.122e-05,0.00259504,0.05128428
DX.1.3.46.670589.26.802544.25.20191105.151647.306637.0.png,0.01027626,0.00041026,0.00021747,0.00018201,0.03685832,0.00189256,0.12886937,0.0045305,8.731e-05,0.02140421,0.01006071,0.00546628,7.653e-05,0.00038722,8.222e-05,4.173e-05,0.02893002,0.00017023,0.00017305
DX.1.3.46.670589.26.802544.25.20191112.154100.308580.0.png,0.00438327,0.00038611,3.08e-05,0.00015415,0.0312394,0.00039037,0.21006411,0.00147428,4.141e-05,0.02762492,0.011912,0.00740031,2.142e-05,0.00019752,0.00030472,0.00169555,0.00776677,7.208e-05,0.00033321
5E27F1113470244.png,0.86439294,0.4119407,0.01066813,0.6560451,0.09276024,0.34225133,0.00480411,0.6238594,0.03761882,0.01018273,2.519e-05,0.00142964,0.00128018,0.0001065,0.0001354,0.00044573,0.03090796,0.00074678,8.899e-05
DX.1.3.46.670589.26.802544.25.20191105.85051.306410.0.png,0.00400853,0.03202625,0.00019026,0.00136223,0.00313374,0.00135374,0.08492702,0.00932814,3.44e-06,0.00061931,0.00381218,0.00480882,1.144e-05,0.00012458,0.00050436,0.00035421,0.00121558,0.00179409,8.728e-05
CR.1.3.46.670589.26.602199.4.20190910.94632.331875.0.png,0.06180704,0.04064822,0.00024003,0.00257383,0.00075905,0.25934458,0.00147607,0.00210529,0.00502939,0.04085635,0.00345126,0.00081933,4.989e-05,8.905e-05,0.00063738,1.646e-05,0.14144526,0.00105652,0.00023304
5E2652C613AC54B.png,0.46885985,0.6913839,0.00030215,0.7914361,0.00374911,0.1707287,0.00028923,0.2309517,0.00182013,0.00038754,2.15e-06,0.00026739,3.609e-05,9.39e-06,0.00927202,0.00141312,0.00072038,2.457e-05,3.844e-05
DX.1.2.840.113619.2.369.4.2147483647.1572912530.97256.png,0.0588386,0.00119876,0.00047721,0.00143586,0.10010426,4.081e-05,0.40585023,0.01814593,0.00015532,4.835e-05,0.0020904,0.00346007,3.97e-06,5.867e-05,0.00012799,0.000975,0.00033967,0.0030359,6.12e-05
DX.1.2.392.200046.100.2.1.69131194618.191030084753.1.1.1.png,0.3932984,0.01183638,0.0326625,0.00152173,0.9341281,0.00033633,0.01681634,0.30656502,9.912e-05,0.00062445,3.341e-05,0.08929475,5.563e-05,0.0016418,7.582e-05,0.00191271,0.01540534,0.00602579,6.151e-05
DX.1.2.00102287000342116220191106083744176609453.png,0.00013811,0.00078486,0.00022276,2.466e-05,0.00144986,0.00010111,0.8082612,0.00011237,6.84e-06,0.00256664,0.02429065,0.00199612,1.931e-05,0.00029371,0.00567207,0.00062396,0.00126373,0.00069735,0.00510927
DX.1.2.392.200036.9125.4.0.487576977.1170171286.2795306561.png,0.79181767,0.0003209,0.70146,0.04074344,0.9699235,0.00015253,0.05450176,0.01380424,0.00060671,0.0002316,8.761e-05,0.00814011,0.00010906,0.00190623,4.52e-05,0.00190011,2.988e-05,0.03347618,0.01297665
5C886D6D1CF4385.png,0.00042833,0.02008778,0.00017925,4.211e-05,0.09230055,0.0056748,0.20365362,0.02315102,5.354e-05,0.02585303,0.00047533,0.08591845,9.33e-06,0.0001662,7.1e-06,9.315e-05,0.16546799,0.00013009,1.111e-05
DX.1.2.840.113619.2.369.4.2147483647.1572246003.359141.png,0.34852096,0.00451832,0.00050254,0.00903466,0.04914862,8.01e-06,0.07263532,0.0188073,7.602e-05,6.177e-05,0.0005607,0.00011958,3.624e-05,0.0009776,0.00097379,0.02039745,0.00012938,0.0544441,0.00529024
DX.1.2.392.200046.100.2.1.69131194618.191022164507.1.1.1.png,0.00978379,0.0283019,0.00011391,0.02919365,0.05126764,0.06922284,0.00084502,0.00100067,0.00088913,0.8133359,0.00022437,0.00246514,1.363e-05,0.00019819,0.00346669,2.985e-05,0.5394637,0.0006149,9.301e-05
DX.1.2.840.113619.2.369.4.2147483647.1574040003.839212.png,0.98913014,0.00035415,0.99530375,0.02951309,0.10817558,0.9314064,0.00387185,0.00212151,0.8179425,0.00034391,1.765e-05,0.02194296,0.00035441,0.03692926,1.134e-05,0.00016703,0.00126202,0.0133429,0.00164326
CR.1.3.12.2.1107.5.3.57.20200.11.201911181638120968.png,0.9998428,0.00056545,0.9998072,0.9788188,0.5399601,0.98959386,0.00162254,0.05682059,0.98803514,0.00374927,2.914e-05,0.07322408,0.00298385,0.02040658,0.00082854,0.00026807,0.02991711,0.00476769,0.00897837
DX.1.2.0030709200033888052019101708475083084234.png,0.00061873,0.001798,0.00511063,0.00068631,0.02359654,0.00033162,0.9734864,0.00010565,1.564e-05,0.01029105,0.00027322,0.6656982,0.00013345,0.00421816,0.01432339,0.00276871,0.00598512,0.00019719,0.00131805
CR.1.2.156.600734.516764694.906304.1571279052.89.0.1.png,0.00027758,0.00129366,0.00836659,5.448e-05,0.8061504,3.783e-05,0.08283118,0.00125728,6.22e-06,0.00039232,0.00487682,0.05858252,3.32e-06,2.785e-05,0.00144472,0.00058957,0.00055228,0.00353234,0.00027263
DX.1.2.840.113619.2.369.4.2147483647.1572241306.246555.png,0.8317344,0.00242826,0.00069722,0.05454836,0.01107923,0.00025734,0.0019258,0.00135118,0.00622174,2.121e-05,0.00069837,0.00069618,5.72e-06,6.055e-05,0.00055809,0.00222981,0.00058351,0.00088594,5.69e-06
DX.1.2.00318575000343899820191118082023595352937.png,0.13611342,0.00664139,0.02232535,0.2631883,0.5646302,0.00142252,0.16812985,0.00272677,0.00025224,0.00094767,6.25e-05,0.00539197,0.00011539,0.00011529,0.00012817,0.00407995,0.00133063,0.18390793,0.00017226
DX.1.2.840.113619.2.369.4.2147483647.1573000729.755042.png,0.00156154,0.40200493,0.00012274,0.0002859,0.01970989,0.04096121,0.49915665,0.03940753,4.616e-05,0.32451525,8.434e-05,0.06761598,1.366e-05,9.593e-05,0.00024772,0.00011433,0.3150254,0.00036551,5.92e-06
CR.1.3.46.670589.26.602199.4.20191114.84208.334458.0.png,0.00258858,0.02134359,0.00013164,4.429e-05,0.00086315,0.06828027,0.01744445,0.00132194,0.00023567,0.3448619,0.00103347,0.00312609,0.00012219,0.00018474,0.0003531,0.00010647,0.7252704,2.301e-05,0.00024906
DX.1.2.392.200036.9125.4.0.487562374.2879808918.2795306561.png,0.0016032,0.00625236,0.76613754,0.00250057,0.02979856,0.00090528,0.07632622,0.00040339,2.178e-05,0.00068127,2.309e-05,0.00301521,0.00019778,0.08283484,0.00165061,0.00235075,3.673e-05,0.0368129,0.32956243
CR.1.3.12.2.1107.5.3.57.20200.11.201910241046080515.png,0.00116555,0.00381877,0.00052438,0.00037896,0.00040293,0.0022349,0.00665398,0.00019485,0.00015003,0.00493893,0.00071543,0.01215333,9.91e-05,0.00161361,0.00676291,8.291e-05,0.01798632,0.00172801,0.00794038
DX.1.2.0030966300033962162019102209465094265203.png,5.936e-05,0.01359659,0.00077616,8.337e-05,0.3173965,0.00291157,0.99241173,0.26110795,6.95e-06,0.08367572,0.00066547,0.03639838,2.084e-05,4.576e-05,0.00013538,9.042e-05,0.01074033,0.00014668,0.00023733
DX.1.2.392.200046.100.2.1.69131194618.191118085907.1.1.1.png,0.7913208,0.0004238,0.00135067,0.01079845,0.7709272,1.975e-05,0.03852057,0.00791998,0.00027234,1.36e-05,0.00062874,0.00055993,1.897e-05,6.256e-05,0.00050192,0.00406407,0.00019647,0.00951284,0.00011149
CR.1.3.12.2.1107.5.3.57.20200.11.201910311504380421.png,0.00715732,0.5150312,0.00268172,0.00140098,0.00112578,0.01431498,0.00604158,0.05181527,0.00014589,0.00093285,0.00021456,0.00108191,0.00026312,0.00228165,0.02096168,0.00010475,0.00387855,0.00034447,0.00814761
DX.1.2.392.200036.9125.4.0.487545224.1097098646.2795306561.png,0.00852369,0.00511785,0.07443868,0.00016631,0.375123,2.354e-05,0.1534243,0.00405467,2.656e-05,2.55e-05,0.00027603,0.00438671,2.398e-05,0.00272024,0.00093016,0.0004118,8.635e-05,0.00412307,0.00282762
DX.1.2.840.113564.920101.201911111524295314.1003000225002.png,0.71244895,0.00206911,0.00038319,0.00154745,0.37783787,0.00079552,0.00496019,0.00083671,0.0008431,0.00078608,0.00132888,0.00909455,3.58e-06,0.00024842,0.00011627,0.0001888,0.0046824,0.00088618,3.142e-05
CR.1.3.12.2.1107.5.3.57.20200.11.201910220841310500.png,0.03929132,0.00654269,0.00147916,0.00092038,0.00054564,0.08078542,0.00101252,0.00023751,0.00207662,0.9341993,0.00035471,0.0316747,4.206e-05,0.00154415,0.00901592,1.748e-05,0.68144256,0.00011524,0.0007055
DX.1.2.392.200046.100.2.1.69131194618.191114165429.1.1.1.png,0.00180887,0.00077635,0.0006653,0.00011208,0.7182057,3.817e-05,0.6000615,0.00109865,1.099e-05,0.0040813,0.00439704,0.02322972,6.48e-06,0.00010037,0.00026358,0.00116115,0.00180364,0.00269887,0.00014088
DX.1.2.392.200046.100.2.1.69131194618.191021163859.1.1.1.png,0.00033879,0.00350066,0.00018248,0.00051241,0.4265948,0.00323625,0.7045721,0.00304925,9.139e-05,0.04796149,0.00276932,0.01688718,1.037e-05,6.664e-05,0.00220555,0.00114736,0.00802152,0.00506083,0.00011238
CR.1.3.12.2.1107.5.3.57.20200.11.201910241441440531.png,0.0274273,0.01417632,0.21910927,0.01108351,0.02124926,0.49001512,0.00082448,0.00156837,0.0086538,0.3399268,6.73e-06,0.22456425,7.464e-05,0.00252291,8.067e-05,6.44e-06,0.02985833,0.00374641,0.00018278
CR.1.3.12.2.1107.5.3.57.20200.11.201911120915340765.png,0.00042336,0.02060702,0.00071766,2.395e-05,0.00142622,0.00458717,0.0177862,0.00043458,5.253e-05,0.020104,0.00272596,0.00353404,6.929e-05,0.00163247,0.00631887,2.288e-05,0.01745104,0.00136916,0.03540352
DX.1.2.0029395800034304022019111209024679495765.png,0.54915965,0.00797876,0.00292069,0.93246937,0.04579976,0.05216112,0.605429,0.11172614,0.01521218,0.0007961,6.946e-05,0.00122325,5.81e-05,0.00011883,3.999e-05,0.01110994,0.00118996,0.00379532,0.0001052
DX.1.2.840.113619.2.369.4.2147483647.1573090552.816813.png,0.74124336,0.3121976,0.00204565,0.25388873,0.00310048,0.00560956,0.00117796,0.17163612,0.00789969,9.496e-05,4.857e-05,0.00116577,0.00044388,0.00898438,0.00107378,9.937e-05,0.000357,0.00056854,0.00148895
DX.1.2.840.113619.2.369.4.2147483647.1573088161.741963.png,0.5463841,0.00234898,0.03299925,0.01701371,0.4921161,0.00229761,0.02686302,0.02372685,0.00245149,0.00014014,5.249e-05,0.00618013,7.369e-05,0.00685493,6.525e-05,0.00058283,0.00037135,0.08044584,0.0032167
DX.1.2.00308557000343767420191116083714423564593.png,0.12166757,0.00194407,0.8018638,0.15513363,0.9006684,0.3486679,0.00245049,0.00624493,0.00535622,0.01878947,5.92e-06,0.00834942,0.00016452,0.00056791,7.317e-05,0.00037986,0.00160137,0.00532343,6.879e-05
5E0E9CE73548D76.png,0.00107151,0.00718958,7.981e-05,0.00071242,0.03212156,0.01464166,0.12802716,0.00483809,0.00020079,0.19332664,0.00108463,0.00453833,5.81e-06,7.526e-05,0.00017962,0.00061466,0.4791934,0.0002709,0.00015516
DX.1.2.840.113564.920101.20191105144958531800.1003000225002.png,0.16759796,0.00114787,0.00210384,0.00482488,0.016436,0.0008651,0.13057964,0.00574523,0.00132926,0.00091575,0.0729937,0.00559373,0.00023661,0.0006847,0.00043272,0.00963523,0.00183051,0.01057587,0.00077518
5D805337377C7FF.png,0.9941068,0.00042577,0.8983012,0.9172327,0.03060733,0.01603392,0.1358068,0.00514366,0.11251779,0.00013257,3.748e-05,0.03823916,0.00102846,0.03315818,2.002e-05,0.14948021,0.00173728,0.0334969,0.0728648
DX.1.2.840.113619.2.369.4.2147483647.1574042370.394784.png,0.01843926,0.3694937,0.00117187,0.02275481,0.00584872,0.01104356,0.00264354,0.01903417,0.00032739,0.00180295,1.267e-05,0.00762516,9.43e-06,7.562e-05,0.00247896,0.00034328,0.00225785,8.115e-05,2.185e-05
DX.1.3.46.670589.26.802544.25.20191104.121931.306116.0.png,0.0005785,0.19194809,1.377e-05,0.00040497,0.0001603,0.04270652,0.01798042,0.01834597,1.852e-05,0.0063152,0.08275844,0.00090003,1.612e-05,0.00017027,0.00034224,0.00011261,0.00267996,0.00014954,0.00147439
DX.1.2.392.200046.100.2.1.69131194618.191103105451.1.1.1.png,0.15497698,0.00094977,0.00345664,0.03026168,0.8958395,0.00079991,0.19284946,0.00894844,0.00393376,0.00440288,0.00016446,0.00481884,3.625e-05,7.141e-05,1.759e-05,0.00050569,0.00764133,0.02693822,9.888e-05
DX.1.2.00227021000342099620191106080258174523156.png,2.251e-05,0.00957382,0.00014106,5.827e-05,0.00319217,0.02936233,0.8762852,0.00033448,3.482e-05,0.12231047,0.0003681,0.02274816,2.141e-05,0.00016198,0.00026274,0.00019201,0.08306892,0.00062436,0.00031235
DX.1.2.00310921000339865720191023103332183466875.png,0.00242661,0.1473509,0.00999879,0.12950371,0.6963743,0.02810503,0.11417926,0.2327248,5.721e-05,0.13938263,8.83e-05,0.02982815,0.00063652,4.399e-05,0.00020762,0.00360425,0.00157096,0.00118981,0.00028963
5E27967B5268783.png,0.8899778,0.01191304,0.00316652,0.41996437,0.0069468,0.02117609,0.01751528,0.01021286,0.00118318,0.000128,0.00019065,0.00106483,1.135e-05,7.867e-05,0.00043356,0.01157307,0.00061195,0.00047923,4.74e-05
DX.1.2.00315501000342482820191108083534349278562.png,0.00760338,0.07104759,0.00200958,0.51821506,0.6577637,0.09336855,0.11255822,0.15676758,0.00033556,0.03470855,2.492e-05,0.00129857,2.907e-05,4.526e-05,8.209e-05,0.00035729,0.00303439,0.0295359,8.687e-05
DX.1.2.00292285000339058220191018082030167843875.png,0.2083674,0.00067719,0.00877649,0.00286781,0.17053866,0.00021363,0.02227676,0.00048796,0.00063345,0.00014345,0.00017414,0.00869232,1.145e-05,0.00022735,0.00065655,0.00059827,0.00485069,0.00507493,9.238e-05
DX.1.2.840.113564.920101.20191105153742515110.1003000225002.png,0.25007936,0.00448914,0.00216056,0.03177336,0.96878225,0.00147896,0.1046201,0.16192129,0.00235274,0.00053097,0.00071514,0.0320218,5.68e-06,5.945e-05,1.284e-05,0.00022515,0.00259795,0.00492778,2.873e-05
5B18A9B9E68E29.png,0.00078213,0.73195034,5.021e-05,5.083e-05,3.046e-05,0.00274816,0.00621744,0.00077391,1.087e-05,0.00089915,0.00076113,0.01149053,3.96e-06,0.00080906,0.00902166,3.871e-05,0.00713109,5.893e-05,4.559e-05
DX.1.2.392.200046.100.2.1.69131194618.191024102221.5.1.1.png,0.99002194,0.00572619,0.7561987,0.04547474,0.95789254,0.00255387,0.00173087,0.01826282,0.00494167,0.00083148,0.00014458,0.33353242,6.623e-05,0.06883742,3.826e-05,0.00681343,0.07733624,0.01443372,0.00651772
5DCA0AE946F81C9.png,0.00565916,0.09301703,0.00119126,0.01850584,0.9123708,0.00464262,0.1351041,0.0589562,0.00022705,0.04425604,3.518e-05,0.00276128,1.996e-05,6.358e-05,9.92e-05,0.00018948,0.00683694,0.09433512,7.117e-05
DX.1.2.840.113619.2.369.4.2147483647.1573099399.515744.png,0.08297676,0.06398362,0.00014138,0.00223311,0.00081633,0.00074564,0.0019003,0.00155567,0.00054173,2.91e-06,0.00084688,0.00031359,1.862e-05,0.00054664,0.04078775,0.00077328,0.00022201,0.00033449,5.373e-05
CR.1.2.156.600734.516764694.906304.1571532912.272.0.1.png,0.19802006,0.15084592,0.0034404,0.00216826,0.00084423,0.0002732,0.00017703,0.00025047,0.00112782,2.89e-06,0.00010715,0.0889885,2.349e-05,0.00354,0.01396564,0.02989364,0.00026598,8.551e-05,0.00092495
DX.1.2.392.200046.100.2.1.69131194618.191117202741.1.1.1.png,0.888729,0.00367053,0.36186793,0.05941528,0.786773,0.00042563,0.28456354,0.00914901,0.02070142,0.00033802,2.999e-05,0.00879301,0.00012744,6.972e-05,4.01e-06,0.002024,0.00046888,0.07832786,0.00054734
DX.1.2.392.200036.9125.4.0.487532411.560227734.2795306561.png,0.3622468,0.00062618,0.97998285,0.01968581,0.20957898,0.0003115,0.04343786,0.00010903,3.499e-05,2.847e-05,6.235e-05,0.00067779,4.469e-05,0.3654686,7.892e-05,0.01046516,0.00027757,0.6608954,0.11480455
5E0168E514B05C4.png,0.6347969,0.02888766,0.00143654,0.13118465,0.00182195,0.6908712,0.01217931,0.00258828,0.03260813,0.00909012,0.00017815,0.00220901,1.617e-05,3.544e-05,2.326e-05,4.507e-05,0.15498467,9.101e-05,1.716e-05
CR.1.2.156.600734.516764694.1648.1571878784.212.0.1.png,0.07805046,0.06217502,0.00105314,0.00390106,0.0262933,0.00153524,0.00756863,0.00700397,0.00021639,0.00077182,0.03327762,0.00412382,0.00018132,0.00024094,0.00447643,0.0427691,0.00025552,0.0012177,0.00064546
DX.1.2.840.113619.2.369.4.2147483647.1574039133.889114.png,0.00497572,0.2865928,0.00090423,0.01059277,0.00805761,0.00056897,0.30665696,0.07966763,9.64e-06,7.127e-05,0.00059042,0.00169418,2.24e-05,3.06e-05,0.00049008,0.00041175,0.00055339,0.00078097,0.00034701
DX.1.2.0029151200033885742019101707522279756187.png,0.8208825,0.01151685,0.0482988,0.3590117,0.98565257,0.13077973,0.05561658,0.20990945,0.00189964,0.00551572,5.276e-05,0.0142036,0.00032646,0.00021945,0.0003052,0.00280188,0.01217488,0.0165273,0.000134
DX.1.2.840.113564.920101.201910281131441409.1003000225002.png,0.8064025,0.00121096,0.10830018,0.02121533,0.24630553,0.01138142,0.0022543,0.00442866,0.02150226,0.00194467,7.9e-06,0.02729335,1.935e-05,0.00019227,0.00038692,0.00011022,0.01398021,0.00139065,2.117e-05
DX.1.2.392.200046.100.2.1.69131194618.191018152258.1.1.1.png,0.134406,0.00064271,0.00011549,0.01097983,0.9236597,1.306e-05,0.08168883,0.00245652,3.643e-05,0.00090856,0.00602492,0.00156483,5.86e-06,3.06e-05,0.00024916,0.00332922,0.00020852,0.02936673,0.00013303
5C78BC751B20B43.png,0.9492783,0.0018439,0.05962942,0.00697388,0.00495404,0.00928275,0.0041181,0.00015806,0.0619629,0.00013098,6.539e-05,0.07784272,3.785e-05,0.6312362,0.00023096,0.00018351,0.3388894,0.00154947,0.00037052
DX.1.2.00292233000339042720191018082723168257390.png,7.423e-05,0.00681316,0.00020667,2.949e-05,0.19486474,8.976e-05,0.9551396,0.00068496,7.26e-06,0.00321727,0.00644629,0.00582845,9.05e-06,4.93e-05,0.00181659,0.00054326,0.00186758,0.00032065,6.784e-05
DX.1.2.00310953000339867720191023081223174997875.png,0.00743768,0.03372075,0.00176007,0.00091151,0.00136103,0.00010855,0.24790496,0.00082729,3.561e-05,0.00020958,0.00039214,0.00716012,7.89e-06,0.00034,0.02943804,0.00117274,0.00017254,0.00016655,0.00030078
DX.1.2.00312502000340460020191026084158435973531.png,0.00209388,0.83467615,0.0079497,0.00346296,0.00021436,0.02576644,0.0127797,0.02051189,5.375e-05,0.00015442,2.856e-05,0.00118216,0.00037049,0.00530376,0.01013844,0.00262726,4.689e-05,0.00337147,0.00485502
5E26521F1E74BF3.png,0.9904241,0.11076319,0.01994398,0.9914486,0.00549939,0.9100639,0.00010653,0.7840635,0.7262052,0.00056496,3.07e-05,0.00021067,0.00021219,0.00014577,0.00082834,0.00027854,0.00304282,0.00012734,0.00033031
5DC67A47212CC7A.png,0.16247267,0.16244914,0.9063149,0.8313803,0.03966249,0.89692175,2.605e-05,0.80293447,0.02820342,0.01628717,0.00031545,0.00039087,0.00207804,0.37136316,0.00054575,8.22e-05,0.00498218,0.00795613,0.01398467
DX.1.2.840.113619.2.369.4.2147483647.1573690781.237371.png,0.00194524,0.69846934,6.596e-05,0.04007699,0.07781404,0.7645725,0.00534438,0.7277799,3.386e-05,0.08682574,4.647e-05,0.00380768,8.227e-05,8.476e-05,0.0001819,5.228e-05,0.01981578,0.00050075,8.14e-06
CR.1.3.46.670589.26.602199.4.20191118.100308.334517.0.png,0.00011531,0.01021319,4.453e-05,4.17e-05,0.00722605,0.00304192,0.09818856,0.00077313,2.807e-05,0.05455748,0.03455502,0.00681976,1.124e-05,1.283e-05,0.00020303,8.851e-05,0.0278518,0.00038024,4.729e-05
DX.1.3.46.670589.26.802544.25.20191105.101014.306466.0.png,0.01300953,0.00186276,0.02322782,0.00030218,0.02671564,0.00105778,0.0898624,0.00844614,0.00082641,1.501e-05,0.01461203,0.00079993,3.743e-05,0.00074529,3.202e-05,7.439e-05,0.00017083,0.00061457,0.00049324
5D78781229944FC.png,0.7638822,0.00058452,0.10149505,0.01252175,0.8496303,0.00011344,0.05843136,0.00861872,0.00481056,0.00011742,0.00035462,0.0006268,3.853e-05,0.00038587,7.719e-05,0.00088584,0.00062894,0.04880801,0.00042133
DX.1.2.840.113619.2.369.4.2147483647.1572844071.467316.png,0.00029484,0.00218607,0.00107194,0.0008628,0.92192453,5.433e-05,0.8585669,0.00539502,1.771e-05,0.00770786,0.00706142,0.08743181,1.237e-05,9.432e-05,0.00057014,0.0005675,0.0035969,0.00193074,0.00010033
DX.1.2.840.113619.2.369.4.2147483647.1572915082.176250.png,0.9952658,0.06957622,0.2110952,0.9881761,0.02250658,0.0472285,0.00060497,0.01320064,0.71118027,0.00028425,7.682e-05,0.01108723,0.00013597,0.00153239,0.00127066,0.0022759,0.00586882,0.00059857,0.00067748
5E1D7D183164605.png,0.52188003,0.09567855,0.00017015,0.11956017,0.1336779,0.0044788,0.0118242,0.6187637,0.02193507,5.358e-05,0.00110329,0.00058699,2.575e-05,3.249e-05,0.00013287,0.00286821,6.674e-05,0.00016691,0.00043909
CR.1.2.840.113564.199912075.2019111311051219250.1203801020003.png,0.89795005,0.00413974,0.11421237,0.00053087,0.00678201,0.00020895,0.00059565,0.00019523,0.00466592,2.171e-05,7.248e-05,0.01387874,2.776e-05,0.02785814,0.00059924,0.00014144,0.00083707,0.00024878,0.00092689
DX.1.2.840.113619.2.369.4.2147483647.1573441522.138470.png,0.00023413,0.03043384,0.00027496,0.00011163,0.07937699,0.00016642,0.70813745,0.02635595,9.2e-06,0.0027574,0.00392246,0.02119048,5.53e-06,1.853e-05,0.00016473,0.00014864,0.00192509,0.00035052,5.346e-05
DX.1.2.840.113619.2.369.4.2147483647.1573447944.953636.png,0.00011438,0.00403532,0.00024389,0.00010269,0.01859028,0.00042128,0.49464703,0.00079477,2.42e-06,0.00322641,0.09025321,0.00160297,9.13e-06,6.451e-05,0.00035923,0.00032655,0.00185024,0.00103411,0.00019178
DX.1.2.840.113619.2.369.4.2147483647.1572842814.645231.png,0.01021628,0.00296278,0.00291581,0.00020612,0.4391822,0.00075686,0.49581695,0.19363555,0.00020127,0.00035147,0.00024847,0.02779792,7.022e-05,0.00031288,6.739e-05,3.668e-05,0.01018821,0.00036928,4.325e-05
5B42FA6310CCEC2.png,0.71612406,8.347e-05,0.22577418,0.02476843,0.9854698,0.00176539,0.00180016,0.03656192,0.01325191,0.00046852,0.00017265,0.04568092,2.321e-05,0.00275643,5.892e-05,0.00019414,0.06362112,0.13849919,0.00080302
DX.1.2.0030980500033963342019102208230689241625.png,0.00154749,0.00011819,0.0007835,0.00260729,0.02533364,0.00037362,0.9961786,0.0001815,2.612e-05,0.0130635,0.00117527,0.02577486,4.665e-05,0.000758,0.00022009,0.00176234,0.00993708,0.00187455,0.00969098
5E08552429E8976.png,0.8696717,0.167253,0.91729224,0.5703226,0.0008536,0.1171503,0.00079655,0.02530092,0.3903418,0.00152162,3.418e-05,0.00137242,0.00146091,0.00386038,0.01011222,0.00053037,0.00121017,0.00609021,0.05503196
5E13F28E20AC57A.png,0.00448825,0.3471556,0.00058081,0.0008885,0.03853626,0.00074687,0.2218714,0.16855074,0.00010581,0.00776796,6.936e-05,0.02701552,1.909e-05,0.00016668,0.00103985,0.00020849,0.00777603,0.00013267,5.062e-05
5DF820381210C86.png,0.99994695,0.00080405,0.99166125,0.8136043,0.25032136,0.6340086,0.00066648,0.00132712,0.97331583,2.441e-05,2.54e-06,0.02102673,5.41e-06,0.00032292,9.25e-06,0.00920492,0.00091426,0.00196682,0.00022363
5E0A9BD13D48BC6.png,0.9985159,0.00122673,0.02468344,0.3038478,0.78627586,0.00551489,0.00058809,0.00787141,0.00667413,0.00026462,0.00012084,0.05303656,4.722e-05,0.03198342,0.0001534,0.00206492,0.00874042,0.0082101,0.00030316
5C63684015F8350.png,0.78902,0.01428205,0.00981787,0.00187612,0.00030842,0.00378231,0.00809709,0.00090898,0.01752833,9.32e-06,3.321e-05,0.00604733,1.313e-05,0.00318898,0.00052056,0.00086976,9.994e-05,0.00109065,0.00037676
DX.1.2.840.113619.2.369.4.2147483647.1573523040.735435.png,0.19918177,0.00401869,0.00039497,0.233357,0.32743528,0.00261542,0.06012276,0.04658529,0.00024725,0.00295827,0.00131355,0.00220295,0.00012167,2.966e-05,0.00012331,0.00335997,0.0032052,0.00039811,1.423e-05
5BF743F01C6812A.png,0.92617565,0.00441659,0.00158193,0.25449386,0.12911469,0.00219296,0.00098556,0.03800023,0.00296113,4.21e-06,0.00032473,0.00182392,8.28e-06,0.00096718,9.67e-06,0.00424205,0.00459912,0.00142082,1.335e-05
CR.1.3.46.670589.26.602199.4.20191114.100802.334463.0.png,0.13983642,0.06093956,0.00243714,0.10000117,0.02477867,0.09822307,0.00197208,0.7905441,0.00385294,0.01225857,0.000252,9.363e-05,9.438e-05,0.00017455,3.592e-05,7.818e-05,0.01244814,0.00047658,0.000293
5D1417F52920302.png,0.3665557,0.00108445,0.82861334,0.0051007,0.6629222,0.00198163,0.01330676,0.0003419,0.00505594,6.632e-05,2.094e-05,0.00386429,1.922e-05,0.00053149,0.00011712,0.00067419,0.00217848,0.11416592,0.00029128
DX.1.2.0031366100034185302019110416511133415984.png,0.20293991,0.00085076,0.16587524,0.03149435,0.5103553,0.00308323,0.7250827,0.0047529,0.00185391,0.00264761,2.515e-05,0.00482186,0.00034353,0.00069949,0.0001414,0.00024396,0.00171418,0.00205624,0.00046173
DX.1.2.002923660003394317201910210901375152187.png,0.10750227,0.00063956,0.01919,0.00862222,0.67911184,0.00015268,0.12342045,0.00882141,0.00073381,2.661e-05,1.133e-05,0.00045149,1.517e-05,0.0004158,0.00012041,0.00034499,0.00013273,0.057202,0.00059235
DX.1.3.46.670589.26.802544.25.20191112.135259.308507.0.png,0.81950986,0.00160874,0.05700025,0.12137982,0.06529648,0.5879528,0.00702607,0.08164473,0.5927652,0.03306776,0.00028429,0.00143635,0.0007969,0.00345819,3.817e-05,2.266e-05,0.01127253,0.00082723,0.00042161
DX.1.2.392.200046.100.2.1.69131194618.191026111928.1.1.1.png,0.15129723,0.0289219,0.00028437,0.02092886,0.0153515,0.00022083,0.00763878,0.00615204,0.0004669,0.00612499,0.00808631,0.00467645,0.00018651,0.00012439,0.00437533,0.02287292,0.0010694,0.00071443,0.00130215
5D27D2F223DC18E.png,0.03427974,0.01478347,0.00483209,0.00437672,0.9351794,0.01880059,0.8486412,0.9985693,0.00305621,0.00017425,0.0001671,0.00242919,9.941e-05,0.00018624,0.00011181,0.0001616,0.00023604,0.00149995,0.00043399
DX.1.3.46.670589.26.802544.25.20191118.142917.310349.0.png,0.06279414,0.3263563,0.00026903,0.00413109,0.0029636,0.10742662,0.00132481,0.00199503,0.00021716,0.17693599,0.00234666,0.00172033,3.333e-05,0.00050341,0.00457224,1.776e-05,0.18107724,0.00048541,0.00011555
DX.1.3.46.670589.26.802544.25.20191028.131918.303817.0.png,0.0053501,0.00144171,5.949e-05,0.00061745,0.00950373,0.00200872,0.06780002,0.00642526,0.0004012,0.01620653,0.01960124,0.00121921,3.965e-05,0.00100617,0.00016233,0.00131704,0.02964443,0.00024846,0.00031881
DX.1.2.00292282000339054820191018081542167555703.png,0.00056611,0.00060632,0.13841648,0.00091448,0.9315545,0.00238499,0.49618915,0.0001129,0.00015621,0.00389003,0.00011028,0.0553531,0.00012162,0.00041048,7.586e-05,0.00027291,0.01665309,0.01164036,8.83e-05
CR.1.2.156.600734.516764694.1648.1573690470.1770.0.1.png,0.01195807,0.00631486,0.02234883,0.00095656,0.43194327,0.00076802,0.00914818,0.07637269,0.00070039,0.00028593,0.00047722,0.02615434,8.643e-05,0.0001618,0.00052644,0.00025668,0.00046777,0.00026163,0.00013941
5E000F8C2C1C71A.png,0.02806638,0.00308786,0.00414714,0.00010597,0.06172096,0.00328831,0.00451924,0.00268806,0.00362279,0.00105802,0.00019626,0.25501105,1.383e-05,0.00550772,8.063e-05,0.00017446,0.59525794,0.00044378,4.818e-05
DX.1.2.840.113564.920101.20191111112321859460.1003000225002.png,0.00017818,0.01205361,0.0002269,2.891e-05,0.08366207,1.451e-05,0.7450362,0.0008221,2.111e-05,0.0003485,0.0852156,0.00199377,1.221e-05,1.775e-05,0.00414941,0.00040211,0.00029331,0.00095398,0.00019756
5E37855D452C248.png,0.60519713,0.8959853,9.612e-05,0.8965968,0.01285456,0.32146585,0.00206235,0.89538133,0.00325463,0.00049069,3.348e-05,0.00049169,2.302e-05,3.154e-05,6.163e-05,0.00033577,0.00034927,0.00013027,2.488e-05
5AF25B4C1EC3DE.png,0.17867243,0.00076992,0.13863818,0.00091776,0.84911823,9.562e-05,0.6667536,0.47035155,0.00050317,2.124e-05,0.00018813,0.13937391,1.856e-05,0.00029411,3.694e-05,0.00048824,0.00150956,0.00034345,7.506e-05
5D831FA029D058D.png,0.17822652,0.06741357,0.4812675,0.40581676,0.17274813,0.5269701,0.0128594,0.18918596,0.15224977,0.0001102,0.00103805,0.00034554,0.00107066,0.02320179,7.305e-05,0.00241056,0.00017616,0.06753252,0.0075023
DX.1.2.0030981000033963392019102210275496729296.png,0.00490093,0.01302854,6.186e-05,0.00032896,0.00056663,0.00067703,0.00693661,0.00015973,2.554e-05,0.00505738,0.00883907,0.00197167,3.24e-06,9.582e-05,0.02767919,0.00035721,0.00210389,0.00022372,0.00095664
CR.1.2.840.113564.199912075.2019111110064691556.1203801020003.png,0.01842663,0.0050592,0.00012449,0.00444056,0.0009417,0.00135657,0.01378608,0.00013253,0.00014032,0.01146104,0.0421979,0.00080967,0.00019413,0.00041777,0.0027398,0.01323401,0.00388299,0.00022922,0.00043823
5CB5299F148CE46.png,0.1395954,0.03281772,0.0004342,0.31854194,0.00551928,0.15145446,0.00020507,0.00059172,0.00143409,0.10788798,0.00290917,0.00051992,0.00028985,9.491e-05,0.00279028,0.00064461,0.23820841,0.00020536,0.00123081
CR.1.2.156.600734.516764694.1648.1573949772.1970.0.1.png,2.962e-05,0.00393669,0.12227473,6.016e-05,0.96795595,0.00018459,0.36725375,0.00050442,3.26e-06,0.00210713,0.00320652,0.8156844,0.00014578,0.00016133,0.0025912,0.00017484,0.0089705,0.00200265,6.276e-05
DX.1.2.840.113619.2.369.4.2147483647.1572240650.303597.png,0.68388665,0.72474533,0.00028211,0.21735927,0.00067806,0.00399787,0.00108055,0.00283247,0.00018985,3.069e-05,0.00089904,0.00062447,0.00012894,0.00010473,0.02062653,0.15377492,0.00034372,9.229e-05,0.00220362
CR.1.3.12.2.1107.5.3.57.20200.11.201910211636410781.png,1.66e-06,0.00322387,0.00680381,1.526e-05,0.70472306,0.00304426,0.69646865,0.00724393,4.98e-06,0.0977704,0.0013609,0.12387101,6.449e-05,6.84e-05,0.00126096,3.498e-05,0.02098112,0.00137613,9.882e-05
DX.1.2.392.200036.9125.4.0.487570801.857367958.2795306561.png,0.00042477,0.01620704,0.14830051,0.00031967,0.02367,0.00029705,0.71135694,0.00053165,7.578e-05,0.00036748,6.904e-05,0.00788156,0.00020122,0.00937504,0.00415166,0.00331954,1.886e-05,0.02544648,0.13707957
DX.1.2.840.113619.2.369.4.2147483647.1574041473.835579.png,0.0006127,0.1798259,0.00069473,0.00693694,0.7505358,0.00186924,0.44488797,0.09915777,1.542e-05,0.01176369,0.00013876,0.04051344,5.301e-05,4.228e-05,0.00014743,0.00037855,0.00865641,0.00430168,3.107e-05
CR.1.3.12.2.1107.5.3.57.20200.11.201910281451180453.png,0.96957374,0.00166376,0.7456874,0.07013976,0.0133665,0.69676256,4.132e-05,0.01944768,0.56242526,0.02301932,1.706e-05,0.12415412,0.00044224,0.09572264,0.00042325,1.69e-05,0.17278418,0.00257074,0.00147624
5DB79C2920082F2.png,0.9798871,0.00502906,0.00012775,0.046492,0.11237624,0.01874908,0.00036925,0.01164705,0.00716652,0.0001623,0.00170668,0.00189937,3.044e-05,5.125e-05,0.00013927,0.0023021,0.00469183,0.00202262,3.187e-05
CR.1.3.46.670589.26.602199.4.20190910.80951.331814.0.png,0.00137176,0.00135162,0.00042725,0.00791406,0.9018755,0.00353424,0.6839451,0.5872062,0.00010871,0.00580266,0.00082991,0.00080842,1.005e-05,0.00013006,1.367e-05,0.00010426,0.01088361,0.00155558,7.714e-05
5D16B19C908E95.png,0.0061364,0.01051027,0.30426365,0.07031868,0.6679514,0.00806198,0.01435269,0.00444897,0.00038538,0.00566137,5.233e-05,0.30026758,0.00015431,0.00043951,1.118e-05,4.379e-05,0.0289221,0.28155613,0.00012179
DX.1.3.46.670589.26.802544.25.20191112.100248.308387.0.png,0.73152685,0.00015292,0.9996469,0.11538269,0.99715143,0.21979225,0.00155621,0.07409054,0.3941432,0.00023417,1.927e-05,0.00397082,7.774e-05,0.00063219,4.295e-05,6.646e-05,0.00042565,0.5664327,0.00033774
DX.1.2.00286988000339250120191019084911255964906.png,0.01000427,0.00059222,0.00335142,0.00156758,0.03982013,3.589e-05,0.7911974,0.00042488,2.022e-05,0.00021751,0.00287635,0.00123525,1.095e-05,0.00021344,0.0007939,0.00388465,4.413e-05,0.00447394,0.0005075
5AF0F53E1FCBAF.png,0.26789004,0.01036063,0.02730039,0.01506703,0.69608426,0.00148689,0.00376982,0.6075862,0.00076548,0.00032132,8.097e-05,0.01219196,7.651e-05,7.428e-05,1.094e-05,0.00016592,0.0348518,0.0014099,1.557e-05
CR.1.3.46.670589.26.602199.4.20190910.93711.331868.0.png,0.28610006,0.08627713,0.00054422,0.0121574,0.00984588,0.446234,0.00026172,0.01161988,0.01186477,0.0560641,0.00026827,0.00218413,8.439e-05,0.00039776,0.00011506,1.684e-05,0.0216368,0.0007935,0.00041677
DX.1.2.00307527000343920020191118084111596600718.png,0.00339538,0.01014291,0.00321346,0.01941335,0.07894664,0.0439664,0.6155168,0.00448555,2.344e-05,0.37541777,9.433e-05,0.0906042,0.00010187,0.0001537,0.00042957,0.00126427,0.01158693,0.00024601,0.00017054
5CF860BD7C8CF3.png,2.926e-05,0.01765832,0.00083359,9.508e-05,0.00452374,0.01207737,0.41460305,0.00059136,2.604e-05,0.07418172,0.0056169,0.02543546,5.811e-05,0.00055488,0.00087549,7.697e-05,0.01912324,0.0012683,0.00036676
5E129BE3495C9DB.png,0.00236509,0.02377336,0.00125612,0.00012694,0.03932045,4.04e-05,0.09364239,0.0684885,2.726e-05,1.155e-05,0.03008924,0.00154655,6.6e-06,5.585e-05,0.00468206,0.00019391,0.00032611,0.00122471,4.434e-05
5C709F7B17303CB.png,0.974758,0.01620383,0.00345528,0.00552049,0.00095982,0.00203749,0.00408621,0.01811114,0.00479888,4.01e-06,0.00018019,0.02348773,5.002e-05,0.00251442,0.00015162,0.00047817,0.00062291,0.00025331,0.00018706
5C9DD6B31D48204.png,0.01135697,0.00298331,0.01767747,0.00332852,0.8231658,0.04441096,0.5594664,0.9910988,0.00064914,0.00120821,0.0002399,0.00595467,9.729e-05,0.00062272,2.472e-05,0.00026079,0.00308797,0.00088283,0.00090022
DX.1.2.840.113564.920101.20191107101547015570.1003000225002.png,0.00268382,0.64571464,1.418e-05,0.00041739,0.00037622,0.0040373,0.00146859,0.00018437,5.59e-05,0.00310209,0.00067047,0.00499661,8.41e-06,0.0001147,0.17725167,0.00029344,0.2143433,5.577e-05,3.225e-05
DX.1.2.0030976700033963002019102208561391227859.png,0.02071983,0.00335307,0.00020209,0.00270806,0.00980104,9.551e-05,0.90271,0.00245563,7.857e-05,0.00073108,0.05138847,0.00130655,1.856e-05,0.00018751,0.00030767,0.00401484,0.00064511,0.0002111,0.00171059
5D6DD9AD40F0E76.png,0.00224821,0.00307442,0.00047467,0.00068275,0.02235076,0.00162422,0.1589661,0.00145743,1.212e-05,0.00153488,0.00452213,0.00169029,1.677e-05,4.827e-05,0.00012844,0.0015256,0.00156884,0.00756748,0.00011335
CR.1.2.156.600734.516764694.1648.1573002935.1172.0.1.png,0.00023799,0.0018122,0.03434218,4.824e-05,0.13644381,2.683e-05,0.22470555,5.799e-05,4.15e-06,0.00090428,0.05319537,0.14575729,6.401e-05,6.622e-05,0.00267608,0.00043038,0.0008647,0.00156152,0.00167432
DX.1.2.840.113619.2.369.4.2147483647.1572239239.390090.png,0.01931678,0.00666785,7.224e-05,0.00098351,0.00072669,3.887e-05,0.04924597,3.055e-05,5.02e-05,0.00033727,0.01838551,0.00272826,4.98e-06,0.00035608,0.02537648,0.01008449,0.00084565,0.00014246,0.00029194
DX.1.3.46.670589.26.802544.25.20191104.123912.306131.0.png,0.0121724,0.00707422,0.00186122,0.00479969,0.00798438,0.01719054,0.00433331,0.00742434,0.00029531,0.0028637,0.00058166,0.00418002,0.00016506,0.00307288,0.00017874,8.771e-05,0.038665,0.0028109,0.00029283
DX.1.2.003133850003416732201911040848424467171.png,0.98101634,0.00120617,0.38467044,0.91629344,0.9098616,0.00495166,0.00069785,0.03318126,0.43746793,0.00257226,2.617e-05,0.00227492,0.00245431,0.00037619,1.89e-05,0.03543304,0.00037837,0.02637357,0.00080046
DX.1.2.840.113619.2.369.4.2147483647.1573019803.79891.png,0.762107,0.00533104,0.8611632,0.07872373,0.14353718,0.0253508,0.00412947,0.08372184,0.39796263,0.00011123,8.524e-05,0.00043459,0.00036468,0.02893526,0.00010761,0.00111616,0.0025963,0.00106521,0.00061056
5B5AD0BA1DE8D16.png,0.999121,0.00150742,0.9261956,0.4260545,0.00331031,0.7516483,0.00084601,0.00545581,0.9099734,1.959e-05,2.144e-05,0.00919804,3.793e-05,0.00034022,8.81e-06,0.00060104,0.0056734,0.00132964,0.0007182
DX.1.2.392.200036.9125.4.0.487583346.468280726.2795306561.png,0.88873285,0.0007688,0.60440314,0.01126825,0.7017868,0.00103654,0.14826226,0.00155966,0.00034585,0.0001106,0.00047412,0.03895806,0.00063856,0.00564328,0.00011949,0.01758334,0.00080423,0.00291929,0.00384996
5E13EF9D5F6810D.png,0.07191863,0.17601001,0.04214257,0.14485286,0.00387483,0.9554705,0.00269193,0.21916793,0.02399686,0.47608423,5.852e-05,0.00074104,0.00070903,0.00020145,3.923e-05,3.724e-05,0.10263585,0.00048474,0.00018652
DX.1.2.840.113619.2.369.4.2147483647.1572244530.579117.png,0.8283628,0.00187641,0.00060446,0.00358425,0.074348,6.122e-05,0.00683695,0.0010432,0.00040208,2.258e-05,0.00063991,0.00056433,7.97e-06,0.00027556,0.01328238,0.00264511,0.00010835,0.00130453,0.0004504
DX.1.2.840.113619.2.369.4.2147483647.1573018677.956447.png,0.00089861,0.3308254,8.737e-05,0.00017637,0.00028783,0.00018733,0.01685194,0.00041544,1.136e-05,0.00010928,0.00446315,0.00034226,1.934e-05,0.00024236,0.47783107,0.00024734,0.00056115,0.00013776,0.00135358
5DCE1BA15D84DD4.png,1.895e-05,0.39788485,1.873e-05,9.48e-06,0.05029179,0.00213665,0.80097973,0.04510644,1.368e-05,0.02810296,0.00576681,0.00371696,4.17e-06,7.55e-06,0.00137154,4.781e-05,0.0462551,0.00041394,2.885e-05
CR.1.2.156.600734.516764694.1648.1572872835.1074.0.1.png,0.01810972,0.01886042,0.08916328,0.00019204,0.00578637,0.00016077,0.00204612,0.00013833,0.00029249,7.323e-05,0.00016376,0.3726301,2.134e-05,0.00025295,0.00180055,0.0020217,0.00186866,0.00063582,1.769e-05
